0 13.117247338775575
2 13.161970905796196
4 12.87571818527755
6 13.613585134702548
8 12.489658231193907
10 13.332437655644226
12 11.722937740034789
14 14.193073012971698
16 14.53519102010008
18 14.146288534560464
20 14.403762637553982
22 14.062746573143313
24 14.248715832694524
26 14.92577971633271
28 13.892698498048807
30 14.588321454636823
32 15.331465359184865
34 13.997192706035856
36 13.697997203926109
38 14.295620800949274
40 13.698194642897446
42 13.970845480411034
44 13.664805504163303
46 13.237540271385798
48 13.311709710991904
50 13.9690995652418
52 13.181483804544825
54 13.144075425326632
56 13.416111859328
58 13.592205012332514
60 13.060497801379599
62 13.75814457848336
64 13.755532606076963
66 13.740534978500444
68 13.009927037924697
70 12.179092299995569
72 12.324976281446872
74 13.93650974292831
76 13.142357372478925
78 13.482023657744758
80 12.465600161652713
82 13.307534674072295
84 13.575409148355389
86 13.084912156659067
88 13.039728114566879
90 13.755063444470057
92 14.17550735238468
94 13.72854352790583
96 13.471525352337315
98 13.932959244911467
100 12.550248229715617
102 13.281334326939621
104 13.72058940010734
106 12.731713730501484
108 13.143451706691678
110 13.806835582688826
112 14.775996719023949
114 14.07710762226408
116 14.075657922359449
118 14.371413394070988
120 14.810549179912535
122 14.702414498228732
124 12.841764637318278
126 13.684536666193873
128 13.256722530655765
130 14.335113058293572
132 14.573311960660755
134 13.789368424811833
136 14.12390662553164
138 13.417365249121342
140 13.66945048435455
142 14.372688143327984
144 14.888347387177188
146 13.5787320033025
148 13.654457339974886
150 12.96261302437565
152 14.328664143091892
154 14.053164412071704
156 14.308135654395459
158 13.549414383400379
160 13.413287163638604
162 13.463172808229023
164 14.687498176737794
166 14.484731413117865
168 14.764940076708836
170 13.241239944436328
172 13.897269826055506
174 14.278605988367408
176 14.073129889969668
178 14.7752765401664
180 14.162576239332456
182 14.031894343764687
184 13.366401728439708
186 14.32971290614933
188 12.968593971439688
190 13.342452832103724
192 13.648684383952356
194 14.00122880306431
196 13.418420589875902
198 13.012610856494714
200 13.155720584379475
202 13.427676978742868
204 14.131541075258836
206 14.572815284375668
208 14.522055464351476
210 14.010977221547247
212 14.568173893821793
214 14.193010502975353
216 13.477369866670166
218 13.61145356005776
220 13.011867171643932
222 13.657772444458958
224 14.460129921569749
226 14.271298397159164
228 14.710220623632948
230 13.331273564531836
232 13.462399411646933
234 12.904713392658055
236 13.634706921566602
238 13.468612493409449
240 13.864384328476412
242 13.474470659436914
244 13.977004125481825
246 14.212498641877207
248 12.821641132212832
250 13.10231367736095
252 12.695236970690567
254 13.212405330385343
256 13.276975557791136
258 13.906496125587925
260 14.409619942286515
262 12.63598234258587
264 13.253590576115789
266 12.796028214792814
268 15.671545070097242
270 15.744187460585046
272 16.084901500493167
274 16.29969701792258
276 16.28371442087412
278 14.4679993203461
280 13.245989093420949
282 14.100114390890665
284 14.373422638708131
286 13.903214981749018
288 13.917370947378393
290 13.407604642279653
292 14.290677353733937
294 13.82609772348453
296 15.05046090449435
298 12.988784021050174
300 14.061145738176357
302 13.949890153569896
304 13.412557651422777
306 13.670752795239949
308 13.600441720410627
310 12.784160408679323
312 13.818127332199102
314 14.059786062336633
316 14.007183980078933
318 14.200470966320378
320 12.785263007259626
322 13.727239443105402
324 14.29745157542356
326 15.39029063227716
328 14.394435415218236
330 13.616080642946358
332 12.829336560910988
334 15.051860375886905
336 14.38772488569663
338 13.730218953097701
340 13.672166491536737
342 13.944349643756441
344 14.521757116218398
346 13.728199811420986
348 14.192285901853644
350 13.104129646099075
352 13.411517064522593
354 13.641451509942762
356 13.730440078207042
358 13.362206181640298
360 12.753379457443742
362 12.879480429888805
364 13.19310605442706
366 12.0164653848081
368 13.491147235702021
370 13.246570151185843
372 12.771805980716541
374 14.026710022713697
376 13.767752563531959
378 12.517726778354827
380 13.605371832264959
382 13.440127700019957
384 12.692256422071921
386 13.532728139667597
388 13.82224919191513
390 13.274767417926133
392 12.779024196860393
394 14.278316721508245
396 14.0464177040807
398 14.654825039009435
400 13.959458001007347
402 13.948317387220063
404 13.590271382327495
406 14.576396600045696
408 14.538555922758968
410 14.199337406013987
412 13.75332844480036
414 12.751914082307138
416 13.645061123587148
418 13.436716421558508
420 13.399903696883747
422 13.621145920239313
424 13.243897698153043
426 13.600112461299126
428 13.618397755312909
430 13.611916812451387
432 13.253989506399607
434 12.641935028976896
436 13.109888450678477
438 12.096865194260245
440 13.5619811574989
442 13.094251390684608
444 13.557186438643468
446 12.049778339049336
448 12.659636456665929
450 12.944849748679534
452 14.799822595308438
454 14.53451735150556
456 14.247333302471421
458 14.248008691261516
460 13.421187897140609
462 13.699360116763174
464 14.01272242864091
466 12.669674082527274
468 12.685456250641018
470 12.677208202621458
472 12.534587563066188
474 14.772686531516761
476 13.785859231774536
478 13.135690904216693
480 13.15622416537842
482 12.869518560675235
484 13.891305591368848
486 13.379444796643726
488 14.046898734258187
490 15.788485683041698
492 16.0027062570709
494 15.679747881517898
496 14.942424184279481
498 15.46350510158901
500 15.204192604072773
502 13.38475244623521
504 12.697850081969422
506 13.750978245121537
508 15.259305887298815
510 12.36312124230604
512 12.485471228962032
514 13.29381572130224
516 12.961243944876198
518 12.840644520778401
520 12.932984789160336
522 13.050744154721864
524 12.727794834875848
526 12.832435662151395
528 15.01050970484603
530 13.477473969181759
532 13.314076778826239
534 12.938344243997312
536 12.34684038055774
538 12.039504569117215
540 13.118894011472506
542 13.454668885082603
544 14.331572305230164
546 12.581917466402224
548 13.341707635390447
550 12.23873994936603
552 13.47909250867026
554 13.39300599775265
556 12.263032073912383
558 12.300148960364194
560 13.564532248690723
562 13.229461838440569
564 13.385131107072548
566 13.249071090440344
568 12.613061647163041
570 12.620315998073027
572 11.958858605469365
574 12.998850852533801
576 11.89536363800951
578 11.59496303748799
580 11.680445182887414
582 12.583804463349695
584 11.562539920224989
586 12.006730595121628
588 11.793899974628658
590 12.035765057327124
592 12.081140241052303
594 11.644790637574877
596 11.957396819898062
598 11.854703713737361
600 12.589948208243896
602 11.376632311197877
604 11.624490751931651
606 11.73434490155284
608 11.283683278315877
610 11.376360928529008
612 11.588417096804
614 12.18716047629372
616 12.440851957091652
618 11.625076713723683
620 12.382390562608151
622 12.095951673230381
624 11.780851506805693
626 12.025450338139224
628 12.240506760074291
630 13.673384933143106
632 13.137316397302708
634 14.050732789395248
636 13.680694755402781
638 12.449934413999435
640 12.842946344232358
642 13.278565209566649
644 12.579952931037035
646 12.520815995413246
648 12.58377361858893
650 12.516822904451425
652 14.288158966701571
654 13.337911770557966
656 12.466457253671722
658 12.39755637056139
660 13.604537654314278
662 12.043876823492253
664 12.740828056082773
666 12.422132491931738
668 12.886330696645386
670 13.621265172695898
672 13.578018536515293
674 12.735104241007026
676 12.061285436903498
678 12.433841463675353
680 13.351536959642504
682 13.109751570132424
684 13.214388455156579
686 13.266984057855419
688 13.088498429451947
690 13.960916899602669
692 13.160746879141277
694 13.481525484245733
696 14.213412350649376
698 14.32729792758451
700 13.980091687558186
702 13.878409072549978
704 15.188196111154536
706 14.191284886715312
708 13.107354454037623
710 13.993984366495885
712 14.103941112372418
714 15.09759211944721
716 12.834602589597619
718 14.207651066956588
720 13.870660782679579
722 12.774213189132675
724 13.950876829101261
726 12.069867184847729
728 13.286309755632953
730 13.136395774772657
732 13.448902499779555
734 13.214486166831051
736 13.04393751690895
738 12.359074999816862
740 14.34545861900326
742 12.773194510782794
744 14.765581935293575
746 14.382598980586938
748 15.049858633809059
750 15.808488226078826
752 12.634971470684313
754 13.988627744157549
756 14.767140516844584
758 15.283452290901002
760 13.485911146706037
762 12.524447137689512
764 15.1170875937469
766 14.166198799099904
768 13.410994522574537
770 13.464893369143441
772 12.885087047634766
774 13.028732783661054
776 12.82749392669865
778 12.22573913586758
780 12.096106013952031
782 12.505681493493437
784 12.744869063713466
786 12.183135661626833
788 16.341345261067943
790 14.10569566160083
792 16.04805386561701
794 11.645035706955651
796 13.064110292963642
798 12.362660975015556
800 13.047642191613733
802 13.09819220542675
804 12.529163024910074
806 13.637016384203905
808 13.99001890627361
810 14.239358361822573
812 13.471008678988216
814 12.442899119128667
816 12.357302550249145
818 14.43765359555887
820 13.712934658232045
822 12.614033040512139
824 14.346935919631845
826 12.297878330011384
828 14.593841474763023
830 12.401313410696709
832 15.194890696268816
834 13.180180588731492
836 14.366287049721192
838 13.819111768831922
840 13.319355890092915
842 13.022234097736598
844 12.991866705071201
846 14.131702687135835
848 13.560476659990803
850 12.716306884424256
852 14.86889731099685
854 13.376901539132138
856 13.031598930714589
858 13.082729210022817
860 13.564729432707786
862 13.007732881467119
864 13.165794712165319
866 13.072851048402827
868 14.403188598890184
870 13.920980583818762
872 13.160205821602677
874 13.128099112817889
876 13.963879297554548
878 13.747383370747354
880 13.505621355687342
882 12.38908674567595
884 13.387028767249465
886 11.112734358525099
888 13.344410198923736
890 12.387673468214821
892 15.52479123870674
894 12.299324679314648
896 15.095418777646872
898 14.767734095816975
900 14.150391073168098
902 15.860032986658762
904 14.361563196347587
906 13.18334886995463
908 14.060625553465705
910 13.706329651065166
912 12.870194137994774
914 14.8946221734602
916 13.940751981228896
918 15.116832745760417
920 14.38440460490042
922 14.726118103170057
924 15.3608287621495
926 13.118534531049935
928 12.027618510897318
930 14.02723747871519
932 13.157541960995463
934 12.682015963810318
936 12.753353507360698
938 13.678524429429004
940 13.723682630900974
942 13.639099260274302
944 14.437822993380527
946 13.446361417948083
948 13.853506096459387
950 13.804437191332804
952 13.676363217319949
954 13.100541145157136
956 13.417899494911213
958 13.423951961592337
960 13.358252320334767
962 13.214555723104853
964 13.181186196144106
966 12.655403534098875
968 12.894626484052901
970 13.54306896032295
972 14.035904939553266
974 12.544632175693216
976 13.504452070344207
978 13.56621501021494
980 13.10294940948676
982 14.086736095767451
984 13.280285602395244
986 13.727960683097537
988 13.506986762871641
990 13.136254210492837
992 13.974698588333842
994 13.252604922027022
996 12.884218037052943
998 12.817716689050537
1000 13.214468931744406
1002 13.533041657963752
1004 13.26624623425818
1006 13.580388105462164
1008 13.519365923311662
1010 14.1252518225456
1012 13.672060950523958
1014 12.900716098752918
1016 14.550854951366643
1018 13.586000637568526
1020 13.153429854038867
1022 14.084560497768042
1024 13.244525381756
1026 13.013970006810267
1028 12.952415417791782
1030 12.587426131853622
1032 13.826989636699217
1034 13.606098339941713
1036 13.259227285530331
1038 13.979071297423665
1040 13.36066543361152
1042 13.338538069339581
1044 13.164098761775485
1046 13.353685118266624
1048 12.249951003370608
1050 13.482933305982982
1052 13.18898780531221
1054 13.987438615846857
1056 13.290508621622045
1058 13.665318080356144
1060 13.884063178979009
1062 13.912793326718505
1064 12.989862736191188
1066 13.012232049271894
1068 13.430810898922893
1070 13.11454764374444
1072 13.435721365528716
1074 13.797154121080949
1076 14.211729586405681
1078 13.903056654951667
1080 13.336757033529523
1082 13.063083472791517
1084 12.441730987226359
1086 13.344717973666388
1088 13.128989702626201
1090 12.916781864994512
1092 13.104872397479317
1094 13.648494941878797
1096 13.188834582852127
1098 12.956467514874573
1100 13.31691382732241
1102 12.77063590478029
1104 13.14166662414617
1106 12.772472712283001
1108 12.633550254818827
1110 12.748513979737883
1112 12.778870768918445
1114 13.62346140184911
1116 13.199771724462119
1118 12.108169854606304
1120 13.110283924939257
1122 12.841817490958665
1124 14.213201497488228
1126 13.145301872842934
1128 14.409338382778914
1130 13.650371837876373
1132 14.816717250150049
1134 13.307351330693878
1136 13.121317811471124
1138 13.20272010474103
1140 13.214688491182768
1142 13.667375539965146
1144 12.862942746745569
1146 13.284508076248018
1148 13.810879070308387
1150 13.05027080527022
1152 12.876140977158235
1154 13.1896095214641
1156 12.997117025110006
1158 13.787960810502286
1160 13.841945772272524
1162 13.458736916579841
1164 12.881598262784971
1166 12.69258760732821
1168 13.000049761401247
1170 13.782403595338687
1172 13.723558192055588
1174 13.443360358180009
1176 13.472148794223923
1178 13.140666183706301
1180 12.926451409136622
1182 14.047703464909224
1184 11.992809426056358
1186 13.84964804941262
1188 13.766700267492862
1190 12.379216348623572
1192 13.61437689726875
1194 13.666084659997276
1196 12.863066552976926
1198 12.643731205628173
1200 13.911481054843351
1202 13.63776484883205
1204 13.478815469287134
1206 14.146153459609021
1208 13.566765575030315
1210 13.621174079382623
1212 13.246352673212412
1214 13.614469342886167
1216 14.445531467632176
1218 13.591451127006179
1220 13.296563424487806
1222 12.851092535337818
1224 13.15532873992359
1226 12.86598034666546
1228 13.369075833253131
1230 13.43578560284676
1232 13.668675114599168
1234 13.512406152563761
1236 13.305188119071074
1238 13.459735168531694
1240 13.220131702780273
1242 13.19055127661325
1244 14.273749161255298
1246 13.810558792292827
1248 14.086719308501477
1250 12.742492593872505
1252 13.907133231037944
1254 13.980158906178485
1256 14.236071518350075
1258 14.078625455000912
1260 14.10610670289769
1262 13.344664777176696
1264 13.190343343740107
1266 13.016894333363455
1268 11.732214860264017
1270 13.660945683554557
1272 13.09344514393879
1274 13.72282700488346
1276 13.430633377514484
1278 13.52958888679398
1280 13.532662084411415
1282 14.688785204949454
1284 16.086667325756952
1286 13.198797389882145
1288 15.586102104397119
1290 13.955694609808976
1292 14.329948379413143
1294 13.736851551640076
1296 13.702494984008338
1298 12.611607866510493
1300 14.396138160605606
1302 14.310216047470147
1304 13.719443940001689
1306 13.971597260988469
1308 13.456098693196845
1310 13.346234002234825
1312 13.671500867426916
1314 13.033761855578913
1316 13.494106751341949
1318 14.546552337866924
1320 13.543451274484896
1322 14.094098931424801
1324 13.723691984736146
1326 13.727432707992163
1328 14.08456549210311
1330 13.265014198433311
1332 14.650615665349871
1334 12.889423598846212
1336 13.736817720196226
1338 13.65512794616477
1340 13.100816940577584
1342 12.731151882417713
1344 12.843518500328006
1346 12.601680492174665
1348 13.24968801386266
1350 12.795681935336177
1352 13.797486501923817
1354 13.276888938869565
1356 12.774372874058873
1358 11.592536367789064
1360 12.998899861194372
1362 13.166436480350484
1364 13.382896683643141
1366 12.99025200767703
1368 14.131921745442874
1370 13.637909270221815
1372 13.55280606201417
1374 13.669200178077531
1376 13.449639652688106
1378 13.924531235755582
1380 13.016784397457617
1382 13.069125912778336
1384 13.449685099382275
1386 14.038273675104822
1388 14.02808929179319
1390 14.456827923667099
1392 13.002940327224666
1394 13.89525530910257
1396 14.655104459500668
1398 13.50117231147998
1400 13.144174535233633
1402 13.031548225195923
1404 14.300079132503484
1406 13.857566421684385
1408 14.182393811773494
1410 13.873702547245905
1412 14.376254746320322
1414 13.677224540692617
1416 14.052122649565257
1418 13.755659998290653
1420 13.598417435739103
1422 13.369477274798303
1424 13.201512542766018
1426 13.357960274371955
1428 13.838228728448371
1430 13.972132424833505
1432 14.62010109633124
1434 14.269651849211643
1436 14.209775480775503
1438 12.415170675789957
1440 13.885179511432538
1442 13.325245578015565
1444 14.948005653686229
1446 13.205643591143483
1448 13.819235023054073
1450 13.513838446094478
1452 13.556198432089971
1454 14.054334257001553
1456 13.562921058416988
1458 13.779400728704626
1460 14.51935559884805
1462 13.979195703993065
1464 13.453669427228544
1466 13.006685679657203
1468 14.095842976182436
1470 13.06116268105846
1472 14.969990545868164
1474 13.848728943599577
1476 15.299070885865632
1478 14.151308680753763
1480 16.322419258206995
1482 14.986002235642284
1484 14.598718639216127
1486 14.751661688047584
1488 15.637197175462076
1490 13.918811236958035
1492 15.887835618360256
1494 15.177296303482189
1496 14.750984050242321
1498 13.339016400954534
1500 15.404440609471733
1502 15.415090761762201
1504 15.264478598124738
1506 14.870671296249947
1508 14.538090346495384
1510 12.971636698214793
1512 14.904695359181362
1514 13.182665588627978
1516 14.466087391687733
1518 14.181607764911416
1520 13.195687206048179
1522 14.61233619430081
1524 14.898625045932201
1526 14.080984440332475
1528 14.983150641010347
1530 15.266463895719623
1532 15.19302713915764
1534 12.923116755869707
1536 15.05596019448637
1538 13.992507409932067
1540 14.132628508814989
1542 14.539708161503551
1544 13.347786258332937
1546 12.402052677195051
1548 13.516009726280881
1550 13.047377622718352
1552 14.09934105360105
1554 14.460023411780039
1556 13.057837297678772
1558 14.222676266383019
1560 12.775804171520383
1562 13.970602448786199
1564 14.913160167835667
1566 14.269864761579495
1568 14.179417149417437
1570 13.93910818610772
1572 13.607878275685966
1574 13.519684940034498
1576 13.555607108124102
1578 13.972510015485472
1580 14.115191193981206
1582 15.202945685208629
1584 13.637775402838212
1586 13.2054988211362
1588 14.341028747056148
1590 12.902194803345175
1592 13.110538448914395
1594 13.472912742648054
1596 13.361353389011654
1598 13.318561376146322
1600 13.743044449679854
1602 14.40198938805947
1604 14.369512579714666
1606 13.854393119724433
1608 14.004219524695264
1610 14.001317758723001
1612 13.972038457827825
1614 13.85810781534712
1616 13.499276886741066
1618 15.857076076452186
1620 14.184404576108077
1622 13.444967761417725
1624 13.668754504382921
1626 14.410919073315851
1628 14.185193736140624
1630 13.950891836016822
1632 13.146288509722764
1634 13.324950295076547
1636 12.859268960776824
1638 14.552096820982383
1640 13.534801295852219
1642 14.096106243372217
1644 13.436815320950192
1646 13.183042658391793
1648 13.649097515303383
1650 14.060365828294392
1652 14.412824785740737
1654 14.69675935777059
1656 13.5582565298605
1658 15.180803532299446
1660 15.677205960794334
1662 15.170130873577067
1664 15.874967944882274
1666 14.424787412880466
1668 15.832276991215839
1670 15.357231655592907
1672 13.200501535082047
1674 14.684668724787993
1676 13.19169917362665
1678 15.53404131418564
1680 15.765216029291675
1682 15.005604029455954
1684 12.685330326049618
1686 13.504086176081284
1688 13.108243553118454
1690 13.515209072584874
1692 13.97875675944026
1694 11.798924920456798
1696 14.705228204138024
1698 14.846154648979658
1700 13.742475777564325
1702 13.682480967904196
1704 14.214869083173769
1706 15.972156789009482
1708 15.445977543419247
1710 14.236181123414982
1712 15.390902626979305
1714 14.353598465115459
1716 14.971222734994713
1718 14.394910803809356
1720 14.807602797149869
1722 13.876947211691562
1724 13.410967846108475
1726 15.593904494947989
1728 15.26220417087895
1730 14.604557492384924
1732 14.715578618085019
1734 13.862042306044499
1736 13.563767700245467
1738 14.663521693544846
1740 15.61601973342192
1742 15.086297848982296
1744 15.318883112343396
1746 15.246605108486452
1748 14.17484269656722
1750 13.756397705510409
1752 14.921661044976243
1754 14.685421822723841
1756 13.048800070606523
1758 12.908124233998235
1760 12.788579129060302
1762 14.309801548425291
1764 13.616007867188825
1766 15.136741352806597
1768 14.198472124026754
1770 13.256712421446435
1772 15.069468957449592
1774 12.987398049154566
1776 14.175832290573458
1778 13.002896737719647
1780 12.450459323729433
1782 13.611295211344212
1784 12.953088293449376
1786 13.32764168095422
1788 12.432505595893481
1790 13.805704498829234
1792 12.42580486946807
1794 13.149600953523123
1796 13.159213939256803
1798 13.135180543865754
1800 12.77780073152102
1802 13.260949984161426
1804 11.978188157924023
1806 13.27709853728925
1808 13.115091236888807
1810 12.940006764807965
1812 14.195061326121538
1814 13.340782856083209
1816 13.912073698714623
1818 13.005493899966496
1820 13.895765244044394
1822 12.996912804350496
1824 13.137158369187945
1826 12.4722735794168
1828 13.011963861070042
1830 12.628552394615983
1832 12.795951991858757
1834 13.176947600693248
1836 14.299602371770925
1838 13.79870242158305
1840 12.804426427803408
1842 11.829669581596844
1844 13.866117644692153
1846 13.771747740049005
1848 12.683114422052894
1850 13.726221358081592
1852 12.27291335534761
1854 10.773679461854783
1856 12.124850386178661
1858 11.520212145019096
1860 14.251362719674992
1862 14.531709438303249
1864 13.947418981530456
1866 13.917985837943158
1868 15.093851540123648
1870 13.242768261143226
1872 15.005585177437954
1874 13.927707338531315
1876 13.718942008646584
1878 11.807920320434093
1880 13.714050377359786
1882 14.532805919101492
1884 13.936589510533043
1886 13.302089868172569
1888 12.79635276831824
1890 14.259835768258815
1892 13.375498204389382
1894 13.160675106415813
1896 13.666087045825545
1898 12.603304554495999
1900 12.516839948639293
1902 14.2800988533216
1904 15.41384295333167
1906 13.020514330809212
1908 14.248150515175311
1910 12.848283582710877
1912 13.194138429303635
1914 14.361130699122965
1916 15.135715964767813
1918 14.236081417213727
1920 12.671756636460008
1922 13.846336912644016
1924 13.834555454427209
1926 14.197130230474775
1928 13.900233965764093
1930 12.667555438162706
1932 14.095901500483595
1934 14.061292524333203
1936 13.132015591062206
1938 11.767572880705183
1940 13.561879597480843
1942 14.47824784294822
1944 12.934041135423517
1946 12.960276328309854
1948 13.870701069186735
1950 12.518988714357139
1952 13.67950918734116
1954 12.976879316763066
1956 12.295400545691411
1958 14.170375433171566
1960 13.261409596684098
1962 13.817929956889897
1964 12.54901959922097
1966 10.768475445565612
1968 11.753427430584262
1970 11.427388526375992
1972 11.827935528077179
1974 11.01650651503925
1976 11.563260877102186
1978 12.133279230300703
1980 11.546375395946479
1982 12.361528307798794
1984 12.37853812440869
1986 11.61501228111929
1988 11.950058745048048
1990 11.878634964329088
1992 11.660421967241842
1994 12.786305191080576
1996 12.390633201154
1998 13.038234204755536
2000 12.543145954545171
