0 13.262310026401238
2 13.012578734059979
4 12.785366056275295
6 12.149772716013416
8 12.571023870391874
10 13.384816777459672
12 13.177516742682286
14 12.327588480236741
16 12.438533833938223
18 13.826264167699776
20 13.525803927349603
22 13.20907413862242
24 13.190368069248573
26 12.482779428849318
28 13.51753409182471
30 12.901088496221428
32 12.119428770249153
34 12.35472492599206
36 12.989950871776287
38 13.883910697543518
40 15.497883847600711
42 12.627870383594743
44 15.108436402184074
46 13.403619910189702
48 13.198494566875526
50 12.377473222909368
52 14.324375836848775
54 13.361266300701548
56 12.571432498955955
58 14.18180363514261
60 14.156104913759268
62 14.14298317310783
64 12.771431932097927
66 12.192467885733658
68 14.168667751187225
70 13.648813082896947
72 13.896437328410865
74 14.844405819397133
76 13.816869921715767
78 14.488207995364885
80 13.904292345527685
82 14.127811161599004
84 12.53536301052944
86 12.725746602340367
88 14.317861266232887
90 13.717247486325867
92 13.385367021685262
94 13.294568425092901
96 13.665291108019277
98 14.480351607128576
100 14.407375880459854
102 12.891838487629967
104 14.003788482770283
106 13.980411059848052
108 13.353119070007308
110 14.79864701824661
112 13.183064079870073
114 13.639922082632298
116 14.474014228422533
118 14.0398310133298
120 13.614819714224847
122 13.529291265383888
124 13.294930979597616
126 13.8867998316487
128 13.41238540609116
130 13.05027143665411
132 12.51740328151671
134 13.854937647087453
136 12.441095610580968
138 12.819060140788299
140 13.54079279755762
142 12.051262098897956
144 13.200745253593537
146 13.274409021017338
148 13.122032229812007
150 13.492550809383662
152 14.048796428133121
154 12.920906309108362
156 12.820048196498641
158 14.08697656404391
160 13.038849561768215
162 14.172863100591835
164 14.17693035522575
166 14.369329731285312
168 13.274780760598732
170 13.159855601438588
172 13.352384983719798
174 13.513398923211465
176 12.663147908068165
178 13.599788861826813
180 14.088763532243112
182 13.697562518841357
184 13.895410834765727
186 14.006141072115447
188 13.159084717944404
190 13.58106775032929
192 13.677571241487167
194 13.55570529162621
196 13.776631944862814
198 13.205986878031037
200 13.897310998564366
202 13.818209380813881
204 13.710553603513397
206 13.851239906530775
208 13.633655732787696
210 13.593687445980326
212 13.229121550841674
214 12.422778179877955
216 13.495663148657611
218 13.590932219188083
220 13.373882547006717
222 13.634101702790172
224 13.645842456859603
226 13.438292893804935
228 13.886371495748364
230 13.275844752104478
232 14.51558682087708
234 14.026230212433902
236 14.17034716625782
238 14.08200049602405
240 13.511633091618197
242 14.187841351811088
244 14.060720824085367
246 14.181195786691857
248 13.347357339537835
250 12.584096455926465
252 13.450303420722445
254 13.63461565036361
256 14.426114732853845
258 13.966265832531345
260 12.733216836716949
262 13.65951688725115
264 14.186491750725398
266 14.405225034295285
268 14.911112244620595
270 13.247068735083744
272 14.112977169217901
274 14.43364521113297
276 13.843501896674155
278 14.164218515584736
280 13.946710689494198
282 13.21832914149787
284 14.431819243297113
286 15.018718027402777
288 14.301627086346464
290 13.710872858644326
292 13.565743895120365
294 14.575677979918266
296 13.449187666520526
298 14.811574841107639
300 13.906467701299597
302 13.637271763977179
304 13.5213572345718
306 13.883274921956325
308 13.91336179169245
310 14.44202865362682
312 14.540978446483239
314 14.410310643575848
316 13.95815191305548
318 14.429611461588362
320 13.192382142059138
322 13.523596757622112
324 13.643462007877833
326 12.74660244062436
328 13.209952316487495
330 13.239335625110678
332 12.310544018969779
334 15.055068404830653
336 13.086744550440358
338 12.834088160873264
340 13.818903146325345
342 13.276159080583424
344 13.557706238963991
346 14.343474520350552
348 13.486027974348364
350 14.687265641207414
352 14.480209710939608
354 13.902394103769106
356 14.026014597160042
358 14.553752585045087
360 13.817565712632646
362 13.66037130139046
364 13.11358627047011
366 13.097312652074027
368 13.744307961582123
370 13.196841655309075
372 14.380439760278081
374 13.659257948061464
376 13.725145906380654
378 13.170263883113662
380 14.13117074121468
382 13.486950845281559
384 13.495111569725477
386 13.502328909496992
388 13.806044618850748
390 13.972203913562353
392 13.606714666252458
394 14.492616239027525
396 13.21864117932437
398 13.857376646993144
400 12.520487543922046
402 12.019539477375266
404 13.110317381300579
406 12.581393216954483
408 14.605132257222158
410 14.021595351242146
412 13.658954292148438
414 13.038834690390134
416 13.411241257458844
418 13.277598016284717
420 12.92609675239603
422 13.17249557428455
424 13.065480598753362
426 12.672290382421592
428 13.043498747749666
430 12.280278675012344
432 12.69139607787807
434 11.853248452254093
436 13.09354218072874
438 13.066098035417546
440 12.872713626729006
442 13.485061689045736
444 14.182476542598502
446 14.265438011339056
448 14.032255715890036
450 12.698399627776555
452 12.675094581268997
454 12.78860724435044
456 12.495221910770606
458 12.302734240806751
460 11.958933061452731
462 12.25873831450753
464 13.881052588753633
466 14.647489673711936
468 12.533212639275188
470 13.727239559817633
472 14.748401541888864
474 13.742740581452097
476 14.013965567265545
478 13.692150941543499
480 13.360924287907823
482 14.209135198517757
484 14.090182512348829
486 13.863333171002473
488 12.987171411935233
490 13.027126455038509
492 12.946997952011404
494 14.161083497012426
496 14.877458400450015
498 13.591089440610272
500 13.230763158268854
502 14.019521790755045
504 14.105106077882601
506 14.164198495236535
508 13.712183616363417
510 12.69546256137384
512 13.116189959608302
514 13.704164264057912
516 13.521739323939643
518 13.82986778345124
520 13.530107854736295
522 13.109603511775429
524 13.015153280116424
526 13.40926101890241
528 13.308676765409084
530 12.884692518412798
532 14.57772536609783
534 13.08362218300353
536 13.579653375667379
538 14.636207099453259
540 13.818724103181648
542 13.27496848444593
544 13.287445064804476
546 14.103249738051343
548 13.927506939666106
550 13.262560643383381
552 13.683684814281143
554 13.539325144872553
556 14.02691543984956
558 13.889300508294168
560 14.57259416786631
562 13.43560593460123
564 13.44387361494723
566 13.480547085764027
568 13.316435926239222
570 13.545752188187015
572 14.350356390064851
574 14.607525939136941
576 13.916512930588132
578 13.458907941528773
580 14.013812884745281
582 13.571836185690174
584 13.395684783055097
586 13.726597779819233
588 12.93961644543286
590 13.358816534838232
592 13.489997247311887
594 14.454092017061257
596 13.983913087693864
598 14.143098949031605
600 14.324733444531185
602 14.333809432056414
604 13.643428847179731
606 14.463615891041993
608 13.167308025135025
610 13.417189433565738
612 13.036099011177399
614 12.099930011395722
616 12.775452192273912
618 12.330273236964278
620 11.879110887704412
622 12.055959877968425
624 12.114936942434715
626 11.729569707525808
628 12.172900954136562
630 11.82209363491079
632 11.89160904991202
634 12.906067125204856
636 13.73680621480113
638 14.02488031379332
640 13.113100726482859
642 13.716390472809927
644 13.385389824066788
646 12.510017786541109
648 14.474907235754339
650 13.817268873490653
652 12.453987524044436
654 13.657465939146674
656 13.662856337697434
658 13.433705590052462
660 13.510963987894486
662 12.727378668102256
664 14.033508500506388
666 12.563692011428586
668 14.316898124012464
670 12.037317667407645
672 13.389207284156132
674 12.179488657475455
676 13.95446186314364
678 14.405296732460094
680 13.99873831028534
682 13.175389050645242
684 13.131230537066692
686 14.153087986530412
688 14.600608908935017
690 13.755127534267364
692 14.353890069872746
694 13.789010790450678
696 14.125986707839411
698 13.746397028393897
700 13.055720186802157
702 13.994315529267773
704 13.262711946194655
706 13.734162553243436
708 13.653152100535396
710 13.657394655575908
712 15.046345500322458
714 13.490256754678816
716 13.917258029633826
718 13.674640604656899
720 13.795092008147625
722 13.960789745701556
724 13.515498167083948
726 13.534263301625728
728 13.465006771436482
730 14.118269932693964
732 14.497056858631307
734 12.909485943502492
736 13.9192669085709
738 13.760171430985425
740 13.41755429354675
742 13.02666478998235
744 13.291172577601223
746 13.271771514787519
748 13.501956166147101
750 14.096312477090276
752 12.716950890828505
754 14.254661935514061
756 13.745247063829913
758 13.056121183577494
760 14.230564521964466
762 13.380428278617204
764 12.879680445248297
766 13.343295221960304
768 13.664328010086962
770 12.36747916635491
772 13.225484421514441
774 13.376249629260796
776 13.41547211898817
778 14.257777819309611
780 13.676643581117197
782 13.293046475083427
784 13.45087111319054
786 13.579621680812176
788 13.615908637237837
790 13.971063605243272
792 13.784200002033808
794 13.63562140475406
796 13.86826153983315
798 12.882199410727436
800 13.086838778198992
802 13.755736427910431
804 14.258362746449837
806 12.773270505172079
808 13.8338828344123
810 13.165585261986255
812 13.953862764389868
814 13.772419328993319
816 13.188510608123803
818 14.061663530681226
820 14.39209117399821
822 13.822168300800326
824 13.149529757718462
826 13.602316768783263
828 13.531281641490464
830 14.25870986688956
832 14.81195043770761
834 13.85941454555275
836 13.827287560271314
838 13.975780842540074
840 13.797854518468625
842 12.717682759568342
844 13.487654064300727
846 14.294428641453202
848 14.1153354039835
850 14.592558970071522
852 14.526383183240098
854 14.489175721202988
856 13.390341798217667
858 13.889657957236045
860 13.741934633833381
862 13.29755247934964
864 13.591191991722907
866 13.877728470380045
868 13.799895942187817
870 14.247048748882477
872 14.872482270555034
874 13.849398888499097
876 14.771754974468106
878 13.337663997884194
880 14.323275891046329
882 12.47040063479082
884 13.149739007369037
886 14.325453266957213
888 14.784893563138828
890 13.402954444974974
892 14.01421805599635
894 15.210797779999892
896 14.305080759678459
898 14.579159558516494
900 12.004712242104695
902 12.715774248554583
904 12.392340827367732
906 12.172873027019802
908 12.092185988278064
910 12.807208658723019
912 13.38558097459181
914 12.802686510448508
916 11.769953519849302
918 12.3238886014629
920 12.430600218398126
922 12.801013120376684
924 12.540475471405026
926 12.568605419115702
928 15.084537833793075
930 12.134253880246531
932 13.69499611149291
934 13.706062663040823
936 13.871742186872996
938 12.876486040892301
940 13.720153938520108
942 13.871658490291024
944 13.978840936030803
946 12.544864115400358
948 13.043195403887943
950 12.650975853717815
952 14.769417487496035
954 14.474875538557873
956 14.157079690353154
958 12.142809845289126
960 13.573468929381134
962 13.680379471008937
964 13.50806294681843
966 12.89228378531926
968 13.495476542284727
970 13.466483918366983
972 13.958633960028255
974 13.00526691941837
976 13.041342075301303
978 13.30106562219288
980 15.754166909690467
982 13.542953578374448
984 13.150332370287332
986 13.07195747549793
988 12.463773007623347
990 12.899725430904233
992 13.64817716596808
994 12.889631617974084
996 12.439618237887803
998 12.654111586809401
1000 11.764038640415121
1002 12.798969195587135
1004 12.22625264209187
1006 12.700042410715303
1008 12.505497863205818
1010 12.199050423866579
1012 12.627252052971775
1014 12.783870373390055
1016 12.678026721856416
1018 14.720128272991268
1020 13.31743819726596
1022 12.692278122705426
1024 12.13579518457815
1026 12.661253777445433
1028 12.859987363202837
1030 14.034369323281965
1032 12.95004883581009
1034 13.967397043023885
1036 13.676489308389044
1038 13.690836463937597
1040 13.10107821481752
1042 13.660491575722626
1044 13.85789162633363
1046 14.33020700054032
1048 14.83845294466844
1050 12.910749206791388
1052 12.863887071031776
1054 13.071779020341205
1056 13.692259835643371
1058 14.192517363780215
1060 13.404285793154042
1062 14.364704333784514
1064 13.889855487202878
1066 13.990633432203616
1068 14.686187515327909
1070 14.220938259886182
1072 14.079071391869448
1074 13.756011221966459
1076 14.134114374808133
1078 13.017590176525962
1080 12.60886769184033
1082 13.687557513615458
1084 14.21276287282091
1086 14.18785000407317
1088 13.128962647482075
1090 14.336049229173668
1092 14.076240223100617
1094 13.46230749317466
1096 13.910194362268236
1098 13.30586902898441
1100 12.200299279976573
1102 15.374566824715576
1104 14.398375930756531
1106 13.37749672867279
1108 14.974182504188326
1110 13.29715437243352
1112 14.41711150086741
1114 13.646866017284735
1116 14.305821200724086
1118 13.847109838039554
1120 14.208581674064096
1122 14.868270724218172
1124 14.08663587794045
1126 14.30504983391441
1128 14.528980083127367
1130 14.297924628480445
1132 13.937506887611104
1134 12.867151157595305
1136 13.932644354353158
1138 14.562729734308434
1140 13.248419249705814
1142 14.160927041954197
1144 14.174915816017311
1146 13.367759134477172
1148 12.479754109044123
1150 12.827282200069291
1152 12.769301234449763
1154 14.184092997833543
1156 13.40550943262552
1158 13.602920645418296
1160 13.475748013657679
1162 13.846825185967568
1164 14.244224747807454
1166 13.582761271095904
1168 13.906980664837988
1170 13.600961402571288
1172 13.561642051906889
1174 13.722790757333986
1176 14.250194057926455
1178 14.248578521399212
1180 13.53753800179931
1182 13.22725566401215
1184 12.722052956944554
1186 14.348645163138524
1188 14.245780385195072
1190 13.665410267116037
1192 13.730348222490628
1194 13.847956474183183
1196 14.076308382465688
1198 12.800484016328939
1200 14.35360035885768
1202 13.024185123076213
1204 13.79171142071912
1206 12.695128963097432
1208 13.822440418343541
1210 14.160578993905709
1212 12.833547142676142
1214 13.295330379960204
1216 13.048994993601958
1218 12.440916092931168
1220 12.70839757006666
1222 13.433583343629877
1224 15.071729154959991
1226 13.05850129575908
1228 13.870992834179193
1230 14.816979764352451
1232 13.074247787869922
1234 14.030420631418739
1236 13.404784612239549
1238 13.22497509971667
1240 13.016289345907945
1242 12.676777056419608
1244 13.06895890891822
1246 12.583119851619884
1248 14.725509307088496
1250 14.094627296959933
1252 14.2463130876289
1254 14.430881338086918
1256 13.839764282997951
1258 15.004888059765763
1260 13.761863274066043
1262 14.885201441310423
1264 14.197725569705812
1266 13.288484319479252
1268 13.997567382478831
1270 13.762909180479124
1272 14.586771660125413
1274 14.423092580687568
1276 14.203780646139528
1278 14.492045978299922
1280 14.475153960837295
1282 14.795616038173467
1284 13.382137805209327
1286 12.561804665585493
1288 13.8453036812903
1290 12.630078203289141
1292 12.221661093237064
1294 13.148094913699637
1296 12.58275340115749
1298 12.519965208940594
1300 12.649160348641349
1302 12.413590079124848
1304 12.244908783878287
1306 11.558561949473257
1308 12.5632422627429
1310 12.961030351160588
1312 12.2202722709553
1314 13.436806260936867
1316 12.33319594694352
1318 11.215103442824164
1320 11.883574107795027
1322 12.695926791629205
1324 12.151910515424794
1326 12.032283723854713
1328 12.28873702783803
1330 12.598971321624157
1332 13.09278488505006
1334 12.460774308299369
1336 12.559118369202372
1338 12.47091261105528
1340 12.692276257599255
1342 12.737638908789489
1344 11.90852521527268
1346 11.90051148823783
1348 13.065377232231059
1350 13.173080204403682
1352 12.684819825205134
1354 12.900145444540746
1356 12.579302537322077
1358 12.57802775729319
1360 12.152173338869503
1362 12.121557861272334
1364 12.264878381936505
1366 12.831591840367105
1368 12.640529060881054
1370 12.33795078840132
1372 12.534286752137847
1374 13.552029293567262
1376 13.417357186529658
1378 12.527245276060523
1380 14.747428279847044
1382 14.437410597967004
1384 14.884209799072826
1386 12.158329644677146
1388 14.260207005483098
1390 14.811867595118091
1392 13.376099933782795
1394 12.956428338023198
1396 13.62248245045259
1398 11.842618679479658
1400 13.103554131758353
1402 12.861183981492307
1404 12.971393907596333
1406 13.159341297072917
1408 12.461226445515097
1410 12.550705733809105
1412 12.466456311198343
1414 12.664151720751466
1416 12.620490069179434
1418 12.894170437147906
1420 14.394417377433406
1422 12.83885282935779
1424 13.317616723410673
1426 12.538288965870795
1428 15.068085651478837
1430 12.816627408514845
1432 12.770376637999373
1434 13.829055785238381
1436 12.526650338913356
1438 12.699233311859226
1440 12.81573430691104
1442 12.816906594550924
1444 12.183294193930564
1446 12.082641165550912
1448 13.008741888723076
1450 12.178610937278586
1452 12.541564974685832
1454 12.444362967206482
1456 12.37393063783808
1458 13.761153502797331
1460 13.364014117994618
1462 13.092222396074312
1464 12.463570775846874
1466 12.24590276241669
1468 13.58343849842391
1470 12.887619035647596
1472 14.257385976926114
1474 12.933629896507638
1476 13.967355205995013
1478 12.958227759799788
1480 12.586997465163968
1482 13.311284343570446
1484 12.866546195648239
1486 13.315376196092599
1488 12.631125474138154
1490 12.992133133250524
1492 12.419279335233146
1494 12.596449331721857
1496 12.686378137701356
1498 12.629001994448792
1500 12.813058401753494
1502 13.249055894838516
1504 13.504071000319454
1506 12.719043906407366
1508 13.219589957663798
1510 12.723819556029405
1512 12.90271972043692
1514 12.90399316418383
1516 13.387415961337263
1518 13.4474019260531
1520 13.627254397067158
1522 13.338752060474693
1524 13.512507458144652
1526 14.414598423514548
1528 13.36429521237399
1530 12.887921353310386
1532 12.654409053273143
1534 13.041669751085914
1536 13.112516391627612
1538 12.626084988284084
1540 12.026034346351764
1542 13.777031724032774
1544 12.176524650972718
1546 12.3258082983475
1548 12.254719636001587
1550 12.623907962519404
1552 12.547632430634607
1554 12.323559279611047
1556 13.923062356426287
1558 14.088991075273512
1560 14.04701733386323
1562 13.067425634289084
1564 12.787082634195299
1566 12.586949962195943
1568 13.240311772348024
1570 12.42560196276238
1572 13.480750608743785
1574 14.224880752254647
1576 13.607554278237574
1578 14.746459000444313
1580 13.75838364755673
1582 13.456347342701612
1584 14.00663919113861
1586 13.622852961658142
1588 14.488674191307323
1590 14.143960204058272
1592 12.996665390995132
1594 14.740626822074674
1596 14.603656043903785
1598 14.231920171573977
1600 15.529759408403299
1602 14.63834580711962
1604 14.417425775683006
1606 14.83800937637793
1608 14.061999104798335
1610 14.726370455896566
1612 12.487458431507047
1614 15.16648247712254
1616 14.654878597220117
1618 13.798003764742834
1620 12.926850681293473
1622 14.138843644057069
1624 12.788941544319968
1626 12.636774130723643
1628 13.684574273054317
1630 14.271437289510459
1632 13.295229295559805
1634 13.523217263109537
1636 14.532692410351176
1638 13.679796924535436
1640 14.36322463444211
1642 13.511235845529038
1644 14.134021319313069
1646 14.008186574325126
1648 12.787893400915383
1650 14.20153428721231
1652 14.144333352878117
1654 14.486538286363086
1656 14.297205940718351
1658 14.019344647775503
1660 13.199006958341522
1662 14.151930682891066
1664 14.373715134918866
1666 12.310768297582987
1668 13.014348026909458
1670 13.518245276400943
1672 13.415317450717625
1674 13.816434235159157
1676 12.287514188963996
1678 13.789370872313144
1680 12.858674161207844
1682 12.396922613670155
1684 13.083168250131
1686 12.560437090128229
1688 12.289999557759085
1690 12.841619778726912
1692 14.255832530331743
1694 12.749776263741857
1696 12.691611959466263
1698 12.51479824292454
1700 12.339832239732056
1702 12.299248588622763
1704 12.091677303914722
1706 12.927657328580981
1708 12.502128228012666
1710 12.424564035302197
1712 14.245915653881381
1714 12.61742057374879
1716 12.030844157371366
1718 11.960300895714782
1720 14.01421120979164
1722 14.211042441374058
1724 13.837444634662598
1726 14.505910339514086
1728 13.601558096774626
1730 13.614975190520738
1732 13.947252011923927
1734 14.434383837265065
1736 13.945518897065057
1738 12.58645030113224
1740 14.287336511568087
1742 13.614899885616106
1744 12.014705143240338
1746 12.341353999810403
1748 13.00515022352554
1750 12.83371978569196
1752 12.786348071169137
1754 11.864355314401683
1756 12.054825686034082
1758 12.985414512109571
1760 13.89277773695085
1762 13.40675755113104
1764 13.445718171449942
1766 14.16503880478028
1768 13.914640813231891
1770 13.650021577364898
1772 12.441666095700375
1774 14.113246364433095
1776 13.233198238065789
1778 14.239332573284303
1780 13.76110226940299
1782 13.198536631764965
1784 12.661575157441993
1786 12.098338592972395
1788 11.667039711562976
1790 12.617671114958092
1792 12.208423267382036
1794 13.206826176408411
1796 14.730756922774566
1798 13.612560980324002
1800 13.699159024456366
1802 13.388516365346064
1804 12.893625299278819
1806 14.506998239636557
1808 13.773503494422393
1810 13.818403988886649
1812 14.071601911616115
1814 13.586189328594832
1816 13.543381229300953
1818 14.262131694883731
1820 14.12640178137589
1822 13.237060083102287
1824 13.23571726655036
1826 14.649897920950792
1828 14.367907361785033
1830 13.151705512898873
1832 13.151580328258099
1834 13.240260993483064
1836 12.990690471111135
1838 13.90264739500621
1840 13.081390800846634
1842 13.921124834676146
1844 12.809094813316891
1846 13.88094786493975
1848 12.944448066580657
1850 13.28890073387762
1852 14.392298798012863
1854 13.7546039038712
1856 13.046633218428898
1858 13.085168965772013
1860 13.812941134740425
1862 12.692969054143363
1864 13.60921969316416
1866 13.16114480184478
1868 14.033692405136378
1870 13.059909743835984
1872 13.41102781426244
1874 13.620686273750524
1876 14.232506061917274
1878 14.271851313585724
1880 13.45188651270828
1882 13.764979269980413
1884 13.756115114583487
1886 13.842003880782901
1888 13.396143772551946
1890 13.72047788338602
1892 13.420298957739195
1894 13.552828293558305
1896 13.313884252141735
1898 13.978175368091833
1900 14.509992493431643
1902 13.791457294925406
1904 14.936429986274812
1906 14.529504991201266
1908 14.112672639669869
1910 14.159810514533188
1912 14.133231288066023
1914 12.50557105005089
1916 13.979638527497865
1918 14.427403440602916
1920 12.237137503415562
1922 12.274668959745055
1924 13.906967758645415
1926 12.020797807873626
1928 12.33320155497933
1930 12.236001305492614
1932 12.262697409624952
1934 12.255287564101774
1936 13.592646283993929
1938 12.559429675480159
1940 12.295313524342495
1942 12.69496081724575
1944 12.979744018241902
1946 12.011098869933862
1948 13.258921784403045
1950 12.228357131921376
1952 11.851997318940597
1954 12.700529137109378
1956 12.317219203371561
1958 12.994266891437602
1960 13.38643382119492
1962 12.953294288889758
1964 12.435127301215326
1966 12.504417647603823
1968 12.897861015709436
1970 12.642090344283051
1972 13.021835328357573
1974 12.847942460331032
1976 11.82642815448163
1978 14.191095532320551
1980 13.231144838517197
1982 14.261550467204183
1984 14.041154459253281
1986 13.568447131350275
1988 15.358520468545073
1990 13.191432767593545
1992 14.189300509117864
1994 14.177336862670373
1996 12.901988727424637
1998 12.565748865939142
2000 14.254602635047217
