0 12.964679422590123
2 12.022103150709105
4 13.361834836701892
6 13.283708428258652
8 12.883631725919379
10 12.138747207506938
12 13.140514713583112
14 12.099947630214965
16 13.27806091169629
18 13.164098309718824
20 12.619054100994429
22 11.42576703618678
24 11.71540007679663
26 12.615013188476452
28 12.278482658012319
30 11.874934070543446
32 12.561798944363767
34 11.914450289796306
36 12.412375309407455
38 11.87216122383177
40 12.354240317925349
42 12.320651669050386
44 11.893352180889375
46 12.765515245379358
48 11.55875845000409
50 12.057410059433126
52 11.759695762280897
54 12.06842566006882
56 13.209172605351784
58 12.719142827836716
60 13.11043088320005
62 11.899519193539618
64 12.380682368170513
66 12.062073239951392
68 11.906109628310936
70 12.071444484750373
72 12.397468355961356
74 11.41546904807938
76 12.036875846806682
78 11.834868965021533
80 12.499463686248665
82 13.448868359689328
84 12.531579481038895
86 12.010273752263688
88 13.115044774552052
90 11.806393190910706
92 12.515995811747745
94 12.46309720777965
96 13.086303425737809
98 13.042986176380925
100 13.65470086925884
102 12.657800035777603
104 14.290256677969834
106 13.552187786662893
108 12.357526924344343
110 14.18888849960639
112 12.615027690771125
114 14.374956034240903
116 12.06914479864838
118 13.399290736544929
120 14.305078919242755
122 14.865523744781639
124 12.669690286154815
126 12.72047575138916
128 14.197137499422553
130 12.620382466876174
132 13.706785197458982
134 13.150404891945605
136 13.671434620143009
138 13.806764206726637
140 13.333099968729428
142 13.635328510891098
144 14.259932866093182
146 12.99303414329348
148 13.136622776235008
150 13.63314291986746
152 13.350604554623514
154 13.834451821528342
156 12.945696273355964
158 14.781724236951817
160 13.714460412801566
162 12.78413696145068
164 13.306634648373759
166 12.974862524935428
168 13.233938121156585
170 12.81435824153321
172 14.110233580825453
174 13.64259134685472
176 13.658459049624394
178 13.597525251186923
180 14.496294827534765
182 14.388271610044255
184 13.805932368620178
186 13.989985116729748
188 12.872492439062936
190 13.530820122766203
192 13.088725828633725
194 13.250617258111431
196 13.572105191458357
198 13.367670766647722
200 14.562170538244802
202 14.081699834541372
204 13.48884584267259
206 13.307432859325269
208 12.769482875503902
210 13.165523184911134
212 13.419878228513236
214 12.704976663939831
216 12.181236256216437
218 12.47281797553633
220 13.149435311961437
222 14.80078609348273
224 14.208828514826482
226 14.07466634254
228 13.807885541866018
230 12.610321418000513
232 14.5304694138894
234 12.735340451807268
236 13.66943375950233
238 13.625127556609302
240 13.071966406911075
242 13.359885682400469
244 14.159564550354938
246 13.291927030425537
248 14.068228276670627
250 13.522534392685976
252 13.877616388860888
254 14.127851978916205
256 14.152232807323538
258 13.106546684901867
260 13.433540091489489
262 14.766814183988172
264 12.460404893106228
266 14.15964348586715
268 12.900099122605848
270 13.319788659971284
272 12.850772155125362
274 13.777045927946405
276 13.437602307251508
278 12.51115264778537
280 14.057215524122594
282 13.203810964406399
284 12.999886100270832
286 13.655177301626404
288 13.565539757592566
290 13.184426433426665
292 13.025812257829482
294 13.288259790068764
296 13.205959560511232
298 13.11361698981057
300 13.783863927984207
302 13.548565513663831
304 12.27205602530339
306 12.346266521565184
308 12.211819563374291
310 13.498491848155519
312 13.652964237963158
314 12.064722713695529
316 13.87395021190984
318 15.049708138814326
320 11.25759326100752
322 14.160557240875807
324 13.980034440725564
326 14.15533081832495
328 13.433260317494803
330 12.78992060203656
332 13.287903204299841
334 13.620144630819231
336 13.430634817089809
338 13.305020785195833
340 13.464722440051844
342 12.842859405901065
344 13.737280302560142
346 13.41115189693459
348 12.934052676565372
350 12.902889501424832
352 12.487935084010202
354 11.9987789412749
356 14.205214135967422
358 13.892366360043562
360 14.07808441656284
362 14.128448917057007
364 14.329972532025664
366 13.65568391878788
368 14.116337526726367
370 14.920442215858321
372 13.852845278879855
374 12.769814260830977
376 13.061593530128706
378 13.32599427163563
380 13.717321533356404
382 13.919817268336713
384 13.071498565338958
386 14.174653041354903
388 13.252247533116334
390 12.950127946259457
392 14.290822103468066
394 13.496585860239783
396 13.169306287056564
398 13.16792914165994
400 14.072297320408389
402 12.256152758945644
404 14.019971905951492
406 12.600545433471101
408 13.144425301395842
410 13.892621470964798
412 13.074737174609343
414 13.10700548134477
416 12.557533940508074
418 12.621193756135057
420 13.375408942073419
422 15.02551795805611
424 13.432397369441595
426 12.654244953664259
428 13.404881597421683
430 13.893773720279098
432 12.98659497324358
434 12.34664486068335
436 14.68335980460309
438 15.335693155450539
440 14.637891739970984
442 14.191835937017292
444 14.177906205696248
446 11.913426428462879
448 14.155857351864709
450 13.226812258837132
452 12.443864741396911
454 13.27848705659094
456 13.694849165901013
458 13.771793625535558
460 13.009849526359039
462 13.75091075308535
464 12.753360724121235
466 12.113475434670553
468 13.970932926166038
470 13.6923003724644
472 13.533464132483276
474 14.824459061890636
476 13.617862745916387
478 13.17395281862797
480 13.199289652699203
482 13.505902132750919
484 13.083402611642786
486 14.580966974121162
488 12.868627001036089
490 13.85148503397741
492 14.645249568525127
494 14.015029792659677
496 12.610293781148158
498 13.161232580421334
500 13.215620577874075
502 13.070600432983841
504 14.00225177748547
506 14.079352032750506
508 12.93414861459946
510 13.89399406819487
512 13.55218674315509
514 13.742792921440412
516 13.61620110320671
518 13.785171901003421
520 13.402224104479757
522 12.390538039205797
524 14.24140987714173
526 12.557190038071248
528 13.685659141516942
530 12.654188570307262
532 14.137755681783474
534 14.932088780472405
536 13.884716852671733
538 14.266452627365876
540 14.175777155061047
542 13.211258418218453
544 14.032418140015631
546 13.159742713435158
548 12.77332376896978
550 13.49418169772317
552 13.262719507413046
554 13.322873871450863
556 13.36104628092437
558 13.32079148103665
560 13.790162567669373
562 13.556025899342227
564 14.081542115510073
566 14.55022303669438
568 13.313601575612052
570 15.284917861673884
572 13.607552994293174
574 13.429835226792754
576 14.774880620332334
578 15.641447302349068
580 13.593584654393117
582 14.112772437875165
584 14.906624659024558
586 13.493052264466458
588 14.849824965144686
590 14.174205583331304
592 13.400181369749811
594 13.415116156817065
596 12.662198799188928
598 12.457179514645897
600 12.782314599805447
602 14.568971405900259
604 14.572606234712266
606 13.133567750559866
608 13.777299533217962
610 13.831012765871218
612 15.28365461953328
614 13.062750694739178
616 14.091617962309238
618 13.688142728470856
620 13.837255951395752
622 14.863193136648688
624 14.471672840662679
626 13.315454552886548
628 13.611489528791868
630 16.168208063754644
632 13.857715463769448
634 13.795275808013395
636 13.001111719339361
638 12.930419002037539
640 13.394428907569704
642 14.504090832132333
644 15.002986190793248
646 14.649836904095343
648 15.357923845804672
650 14.030896356162694
652 14.6166341243262
654 12.906481412618751
656 15.22781647166248
658 16.4927049435343
660 13.930644159918275
662 13.568592740027666
664 13.373338081597426
666 14.039627049376378
668 12.731158870263052
670 14.118572487575184
672 13.099140778881237
674 13.114370002932649
676 13.284802630436282
678 13.614180526703176
680 13.70828086909543
682 14.221797064478404
684 14.176340377058187
686 13.57040502316967
688 14.767493823952195
690 16.295635921293897
692 15.74678071511888
694 15.11323954544948
696 15.754546550689797
698 15.62688770862762
700 14.841691829558163
702 14.10924940766483
704 14.531874472366885
706 12.728212270295304
708 11.565718718484751
710 12.79424639326256
712 13.087080289885797
714 12.225790073945804
716 13.534783829656611
718 12.885420709626484
720 12.49147809056713
722 12.783917170186806
724 14.552047587723978
726 11.96149268847739
728 14.742928333474085
730 16.02046618865677
732 13.980089510085325
734 14.032955617272137
736 13.114714018904442
738 13.465371240257358
740 14.049298230983844
742 13.817165624455077
744 13.615657469936437
746 13.769729045678368
748 13.289832186480233
750 13.744453143653637
752 13.704858373435682
754 13.639383990790108
756 13.822551194813665
758 12.727352787052185
760 13.984939029304144
762 13.389170581978872
764 13.498114484439187
766 13.006803543711897
768 13.375615173000947
770 12.68581674234345
772 12.371991869238405
774 13.718654567712111
776 12.808303402618536
778 12.681981177330268
780 12.664788633586863
782 14.605188289005453
784 13.266397723464898
786 14.306175431003815
788 12.620908450939119
790 13.420290274743447
792 13.246248951513936
794 13.196114816354129
796 13.422089703567648
798 12.59148610744205
800 12.95964450984495
802 15.045817482754767
804 13.473569894181267
806 13.112906774213744
808 14.307124362345602
810 13.591737181262559
812 12.722030896657493
814 12.860553918658882
816 13.572401461311438
818 13.117236837892106
820 13.328285392046336
822 13.076359760602752
824 12.37883892574056
826 13.41045449746199
828 13.090508244193945
830 14.523065152068822
832 14.049180998909355
834 14.464926725138211
836 13.3537725637393
838 14.122582316727486
840 14.001133926683233
842 15.476028712085927
844 15.070927152610961
846 13.546560302852836
848 14.370256294828176
850 13.852510910762765
852 13.767099201000093
854 12.82068119530632
856 13.14104982150947
858 14.330630101305005
860 13.077822638523408
862 13.382124191246216
864 14.027546255675754
866 13.208415743992047
868 13.533635572946158
870 13.625988177325448
872 15.471941352063103
874 13.44966382743439
876 13.519728153588641
878 13.103440432179461
880 15.99172579100125
882 14.037170033654242
884 14.864718866395089
886 15.070594199756302
888 15.872385413463544
890 14.137449746337627
892 15.05020174113103
894 13.531172948887832
896 14.099787518356882
898 13.335923597451602
900 13.702289966630747
902 13.957371651431018
904 13.409271892947102
906 12.731303095026098
908 11.596604203242656
910 14.353769878962717
912 13.09729381651861
914 14.370302411788996
916 14.514297343667298
918 14.351122032404644
920 13.791366867033641
922 14.24244275968645
924 15.125980657901147
926 14.251043836624783
928 14.979349335315758
930 12.962579589128786
932 15.016277323484763
934 13.834521033927812
936 13.7264726083792
938 14.02710783967074
940 15.54840097292831
942 13.64466385362716
944 14.515952625978441
946 13.912245127796766
948 15.125723433415413
950 13.706235767474501
952 14.467656294088222
954 13.709503956843452
956 14.238582875106939
958 14.437361304633145
960 12.415816599445403
962 12.621823211133625
964 12.496946911326187
966 12.437667797702257
968 12.270686752388949
970 12.131449313463783
972 13.27922489317543
974 12.445740150769034
976 12.890254161571022
978 12.55430038490189
980 12.460743794047502
982 13.039408522928735
984 13.887363375956063
986 12.330955299323442
988 12.450580544537038
990 12.486236951583134
992 13.309554559720851
994 13.351751336254326
996 13.738609984272811
998 12.721953116605713
1000 12.74253087558491
1002 12.561854812317952
1004 13.152438475816153
1006 12.942768900399438
1008 12.805170564600425
1010 12.788443149423914
1012 12.925541445106965
1014 12.770246695792672
1016 13.22368127189418
1018 13.816202920847559
1020 13.273077353580053
1022 15.110808515145374
1024 16.312191310163723
1026 13.926304605790081
1028 14.204398649834529
1030 13.971676545847535
1032 14.639466850080483
1034 14.09661258454114
1036 14.442889200639915
1038 14.391429359224222
1040 12.769421332750099
1042 12.513043415598208
1044 12.072922223059146
1046 12.476737266410547
1048 10.420798728629359
1050 13.197164335786901
1052 12.640116646990817
1054 13.45221820722771
1056 12.620342685506653
1058 12.74765787143977
1060 13.00877431175823
1062 13.57018106462395
1064 12.634628998865862
1066 12.879315358561714
1068 13.080111369322106
1070 12.721486778819411
1072 12.045123719451729
1074 12.321775609907803
1076 12.530630027235777
1078 12.452918259391202
1080 13.07994791003075
1082 12.35696226499524
1084 12.682299913680604
1086 13.049081394650978
1088 12.822426518531218
1090 12.497766318006612
1092 12.113864638231403
1094 12.836418521069943
1096 12.162736065638507
1098 12.186419973932406
1100 12.500592525751854
1102 12.680480883051683
1104 12.967290500164857
1106 12.511795283241705
1108 12.444534118931792
1110 12.470397615560513
1112 15.247263082882304
1114 13.851189217642416
1116 14.225171132538819
1118 12.70119541315362
1120 13.388747002665953
1122 13.66582677925889
1124 13.096703684980891
1126 12.901241122492465
1128 13.37860568663717
1130 13.15091930631045
1132 13.414192602520485
1134 14.521237489390899
1136 15.51322795832925
1138 14.392127110758183
1140 14.42167264457145
1142 14.88637970844665
1144 13.861268055257185
1146 14.220995284608913
1148 12.80901094071355
1150 12.513579715206886
1152 12.158437859433686
1154 12.18341113050559
1156 13.308139900676752
1158 12.333832130890373
1160 12.797335120076829
1162 13.118600300350458
1164 12.973965460957581
1166 13.038256873541126
1168 13.473643495923081
1170 12.980482651682353
1172 12.357739589005178
1174 12.240321892397716
1176 12.49250390249016
1178 12.934799632558445
1180 13.134674532561263
1182 12.904494070595717
1184 12.177592884361566
1186 13.149311036138533
1188 13.175309431524157
1190 12.811141050502895
1192 12.832437286075496
1194 12.392229416390983
1196 13.017774850588681
1198 12.411550054030215
1200 12.773005312838515
1202 12.614043717520607
1204 12.437588207328522
1206 12.585210389360931
1208 12.62943377085725
1210 12.444760416927632
1212 11.99076583185509
1214 13.091436854478449
1216 12.495521067685296
1218 12.380754987285465
1220 13.042280180096997
1222 12.795900540729983
1224 12.741921112761608
1226 12.879832820400239
1228 12.122680458933667
1230 13.012441030879772
1232 12.82197508096456
1234 13.463748691920676
1236 13.49720207777249
1238 14.135362462570871
1240 13.78437824871634
1242 13.350665803347535
1244 12.700942455498103
1246 13.754484862177113
1248 12.625283574129297
1250 13.737875492926156
1252 13.517168805323731
1254 13.673351564017235
1256 13.786157411313791
1258 13.76875204488595
1260 13.53240274718206
1262 13.403237811507893
1264 14.107406451714668
1266 13.061978667127187
1268 13.75369369133404
1270 13.08533626499018
1272 13.366234544450256
1274 13.17896960316196
1276 13.08666075624963
1278 13.873236223388805
1280 12.919516569134542
1282 12.659340678640815
1284 12.968977144337792
1286 13.696883797750345
1288 13.779365414208456
1290 13.5146915019256
1292 12.96031510499879
1294 13.654584024103501
1296 13.625110882174262
1298 14.485407412893325
1300 12.424044060943649
1302 12.665592465585796
1304 12.81364010481104
1306 12.98720679296713
1308 13.293110971406106
1310 13.399110326357194
1312 12.551214817782133
1314 13.23877354845032
1316 12.658288266739604
1318 12.350398267004307
1320 12.76195175897525
1322 11.861433393500276
1324 12.286538866459557
1326 14.936175202656763
1328 14.063716542649301
1330 13.960232954623304
1332 14.856176291637228
1334 14.351390105966573
1336 13.436752819094643
1338 13.890700722384567
1340 14.243758580486041
1342 13.187754963425768
1344 14.530704780808808
1346 13.563509084320417
1348 12.386228722371616
1350 13.610136724570246
1352 14.210913584455835
1354 14.40176575929354
1356 12.482362915363863
1358 13.140627179560973
1360 12.402227250438113
1362 12.894390682458866
1364 13.472858925882868
1366 12.426797619723212
1368 12.361887108899927
1370 15.173150576366654
1372 13.61608504584701
1374 13.564623267134206
1376 14.86659846216459
1378 13.361156183799558
1380 14.017879340393332
1382 13.454120382748064
1384 14.830291603191933
1386 13.983427564143705
1388 14.0490900025992
1390 13.49593898744667
1392 13.355629920743159
1394 14.240970607963146
1396 13.249443314745461
1398 14.00158597889817
1400 12.949164905623707
1402 15.49241839646107
1404 15.326982125224655
1406 13.875158770999775
1408 15.462568528762764
1410 12.924186863598695
1412 14.889468875326108
1414 16.242161015736162
1416 13.775224795412232
1418 13.518702394753717
1420 13.932016754832885
1422 13.625107416077336
1424 12.868424474971272
1426 14.428941073304932
1428 13.903190636087437
1430 12.881693574085714
1432 13.036524016939008
1434 14.544046924533472
1436 12.997544938188613
1438 13.28147305810762
1440 12.832199018834046
1442 12.37996425370875
1444 13.570913477087334
1446 14.093873964862143
1448 12.731720819066869
1450 13.05598580585028
1452 13.35656494112729
1454 13.398307342890222
1456 13.504145368351654
1458 14.002907200242364
1460 13.090949113561944
1462 13.77755930387321
1464 15.122347532927156
1466 12.99343734310834
1468 13.901268155658776
1470 14.242514253743646
1472 13.768333069546753
1474 13.168168413368798
1476 13.005102351403487
1478 13.559750460916115
1480 13.027306907745608
1482 14.70625514095956
1484 12.816288436080415
1486 13.197313907948804
1488 13.319591505872157
1490 12.67799487785617
1492 13.267230679036482
1494 12.977790009579625
1496 13.949931900460797
1498 14.384793396104438
1500 13.095605364805925
1502 13.51692339975076
1504 15.440054658784032
1506 12.805431388433151
1508 12.850567753581672
1510 12.697262619693754
1512 12.910002050895978
1514 12.706064883136445
1516 13.228990768495807
1518 12.276812724785085
1520 12.998499235180534
1522 12.779897826717033
1524 13.008214653835527
1526 12.430491893855523
1528 12.649441577031094
1530 13.903348936777997
1532 13.348781790142446
1534 13.72167879538163
1536 12.70503441191602
1538 14.014432025118234
1540 14.017892831437928
1542 13.074686567996372
1544 13.765738147768765
1546 13.509069193097409
1548 13.529517741944963
1550 13.542742339516124
1552 13.880946174057568
1554 13.335928810824656
1556 13.144332068977928
1558 13.835154424482868
1560 13.922421128963071
1562 13.165017116260191
1564 13.382472473721228
1566 12.489174335394608
1568 13.27123086333819
1570 13.143197253308498
1572 13.418609334691691
1574 13.106678433250766
1576 12.779158129596432
1578 13.237373115661105
1580 13.028331383105868
1582 13.666548348177859
1584 13.109360080468608
1586 13.174927391939876
1588 13.040188801809961
1590 13.371451449988548
1592 13.274986480077484
1594 13.094842628563155
1596 13.000095989167157
1598 12.864516559271504
1600 12.369935153556662
1602 13.020701138886556
1604 12.421157301889302
1606 12.88926245284854
1608 12.448487684694916
1610 12.902479623869477
1612 13.126712960207184
1614 13.065350306852476
1616 13.467450509204397
1618 13.388885492347896
1620 13.342650479574882
1622 13.908698344976465
1624 14.249188726095559
1626 13.884623546122285
1628 14.390738253874831
1630 13.735089394884447
1632 13.121771086619297
1634 13.422519701871506
1636 13.763615538857321
1638 14.464573829300404
1640 13.179467195503518
1642 13.4490376818977
1644 13.339628061604223
1646 13.528685739522409
1648 12.877615521579587
1650 14.40091830398516
1652 13.336737977130252
1654 13.397272349348876
1656 13.51907420515641
1658 12.854388153817256
1660 13.222250789577053
1662 14.138025856822535
1664 13.677175707927342
1666 13.238839888211627
1668 13.705667994245044
1670 13.497235801670653
1672 13.46340526476734
1674 13.26204497390172
1676 14.001772581529643
1678 13.606399754722233
1680 13.179141665631123
1682 13.535606710578266
1684 14.33007780917946
1686 12.786217450779597
1688 13.15426097596289
1690 12.706137488504368
1692 13.675721378139686
1694 14.14178267404032
1696 13.544373747696572
1698 13.629530582083593
1700 13.500852429074628
1702 14.017345831337906
1704 13.007743753103647
1706 13.64326948834624
1708 14.013548020142006
1710 13.355673529279226
1712 13.47612755820157
1714 13.410851783186597
1716 13.780721700121143
1718 13.271324064523895
1720 12.756860644126634
1722 14.252010854515783
1724 12.861822892913173
1726 13.698207157418365
1728 13.626266843366782
1730 13.255209974241211
1732 13.73661814109034
1734 13.831735250823398
1736 13.74269395541157
1738 14.320284060000024
1740 14.52834504481671
1742 13.998058702861872
1744 13.944662278478546
1746 14.682527320612246
1748 13.742739258173742
1750 14.059832705809397
1752 13.977425273163606
1754 13.680390837479774
1756 13.63751665470059
1758 13.848280187592518
1760 13.221970693088403
1762 13.64327010347008
1764 14.213612525684836
1766 13.663107050108348
1768 13.32088297280179
1770 13.83397795337486
1772 12.81341816998916
1774 13.473658367454739
1776 13.549977954468181
1778 14.177810350743389
1780 12.72787434237477
1782 12.91119251679864
1784 13.161496654268888
1786 13.567699971157085
1788 13.13896971810571
1790 12.771334546883704
1792 13.53055324802277
1794 12.75878241215793
1796 12.840695075359939
1798 13.650709841876653
1800 13.549678348004347
1802 13.031454901461014
1804 14.02675560403393
1806 13.027790112644523
1808 12.511940824016772
1810 13.938076688955523
1812 13.651472428049354
1814 13.165361243893425
1816 13.52291935997523
1818 12.697886498796356
1820 12.906161964836832
1822 13.227663520606445
1824 12.832998876188537
1826 12.855246831423663
1828 12.985781449052435
1830 12.77090703588304
1832 13.80578626439153
1834 13.343803543878812
1836 12.844491624939996
1838 12.732718708671145
1840 12.594452180234914
1842 12.619137315721735
1844 12.951332915886008
1846 13.396123292193877
1848 13.115122460896957
1850 12.84980725475671
1852 12.759632494667851
1854 14.58071040281758
1856 13.797367471569586
1858 13.253050215504278
1860 13.642756634148096
1862 13.186347039351297
1864 13.054034846092149
1866 14.779150369304254
1868 13.73246016153422
1870 13.82456663278313
1872 14.561044002038008
1874 13.711823577360628
1876 13.372048901395775
1878 13.866698731043522
1880 14.582321554002032
1882 14.135488939819414
1884 13.381022706912638
1886 12.647552984534325
1888 14.141922547081093
1890 13.93865108668093
1892 14.810698615475129
1894 14.467655766744773
1896 14.185163822619964
1898 12.310082133412953
1900 14.002233727595268
1902 14.009390881385842
1904 13.094435166643366
1906 12.98183288576732
1908 13.59572022786818
1910 13.992549037851868
1912 14.397007757519477
1914 14.64282698659792
1916 13.340192630413398
1918 14.134620238885914
1920 13.48917239286835
1922 14.164218318228713
1924 13.695825638829335
1926 14.555213963032765
1928 14.688326807263971
1930 13.670691339833652
1932 13.536133892136979
1934 14.3030152580235
1936 12.822958312521417
1938 14.501153270767073
1940 15.049402514997338
1942 14.768240642170117
1944 13.252411749391165
1946 13.673841535242996
1948 13.456547495840855
1950 14.20927544482896
1952 13.03732043298379
1954 13.51805278479808
1956 13.103756940411397
1958 13.831604970839335
1960 13.715226283250344
1962 13.324993630585627
1964 13.093834311334337
1966 12.907024307250953
1968 13.20360162612923
1970 13.679598690639823
1972 12.872662008263738
1974 12.856602017478176
1976 13.453688121562834
1978 13.172101764319564
1980 13.276381912174285
1982 13.129925318416875
1984 13.988324792130683
1986 12.937563560146305
1988 12.968252924280746
1990 12.879099041484983
1992 12.827941587167722
1994 12.55650860994732
1996 12.70067102452924
1998 12.563491513849462
2000 12.453939461657638
