0 13.770277767885448
2 13.244956419699642
4 12.740746083115331
6 12.949245543195644
8 13.116472607454893
10 13.266126488952285
12 13.494870662967207
14 13.849136288040636
16 13.51566666743104
18 12.500761670889862
20 13.120149772069956
22 13.370210804160427
24 13.55088984872289
26 14.041617784243705
28 13.804581527033854
30 14.15104568144084
32 14.341588614560749
34 14.331067933076154
36 13.044754089635285
38 13.19233375963708
40 14.11837991535624
42 12.62432233905232
44 12.845403463963722
46 12.942650041865786
48 13.204835487390662
50 14.23926415363863
52 13.192456034028378
54 13.269611623639944
56 13.434479098230739
58 13.943575739630406
60 14.709975981132068
62 14.197007997713023
64 15.590582027863874
66 14.036150007871715
68 15.409757004492374
70 14.512938382253243
72 15.739472702094126
74 15.129746582370693
76 15.60943014235112
78 14.302926293862518
80 14.450166866305834
82 13.562869081037613
84 13.821831985264655
86 13.411200570364276
88 14.620458228451918
90 14.063125219176742
92 13.564624424991887
94 15.2111591743617
96 14.567349068610076
98 14.087427576484314
100 14.295514761112894
102 14.145296077387137
104 13.951751570693348
106 14.897544174679652
108 13.607750899276795
110 14.090105779723984
112 13.936837957232399
114 13.715722347405789
116 12.631712485447627
118 13.274381744071228
120 13.902320900999532
122 13.952855890900633
124 13.24145724756597
126 13.650454074787904
128 13.150914780394489
130 13.964447041350896
132 13.072780228320777
134 14.286140909696922
136 14.564271546683095
138 14.139748181552795
140 13.529190446386396
142 12.675606568398821
144 15.138070460416712
146 13.852033803416775
148 15.450912689806204
150 15.507428357176071
152 13.387684002580182
154 13.485512707291806
156 15.961645412669487
158 14.764437446561459
160 14.620625055106217
162 13.520196146589775
164 13.162680688210655
166 14.131882209333044
168 13.654586338858683
170 13.016160768913021
172 14.265906141551355
174 13.827021804291247
176 15.075691598189792
178 14.682793127739588
180 14.672358914827281
182 14.017553129333502
184 14.22974603047189
186 13.216767885826542
188 14.320678900074979
190 14.265289112882716
192 14.033105383274934
194 13.042776555237168
196 13.665117198164332
198 13.865549095884088
200 14.903979218908402
202 13.344694917235573
204 12.992400329927554
206 14.577199316220696
208 13.646674467332982
210 13.334337974338432
212 13.259035815693485
214 12.789901856142908
216 12.834525565223744
218 13.74388681799429
220 13.863513508683528
222 13.218773946769632
224 13.67006475091521
226 13.97908082617546
228 12.809235070147434
230 12.762117045100775
232 12.777577937514398
234 13.175925942244582
236 13.22225409169653
238 12.857219575824184
240 12.960047898148286
242 12.840817947717571
244 13.583181310513602
246 12.21127722356453
248 12.484496043907688
250 12.558640821137159
252 13.020540406340855
254 12.43134146942308
256 12.937503526241551
258 12.760594129453809
260 13.406806765646191
262 13.091647003518178
264 14.614789323416874
266 13.702142502820012
268 13.800319899902412
270 14.182716089596664
272 13.05276938309187
274 13.501558737055356
276 13.25592887648802
278 13.815313424232851
280 15.319431038592732
282 15.02930794468612
284 12.394505573613134
286 14.346319410055187
288 12.781202824544403
290 13.464418463148913
292 13.57489782429351
294 12.222306085190855
296 13.158365317971453
298 12.819053719005204
300 13.082220949608592
302 12.156894970916612
304 13.724450171404266
306 13.162366656348109
308 13.333545463998476
310 12.375257570612241
312 13.36845496038997
314 13.084598667291447
316 13.523740247689027
318 13.545200611994137
320 13.931824515338379
322 14.196688137525001
324 13.868512162744462
326 13.161346266390979
328 13.12386092399573
330 13.456657511252265
332 13.391510043819679
334 13.841183505092486
336 13.0789338944919
338 11.756687195945553
340 12.894565621760428
342 12.353441603657565
344 12.533903241808437
346 12.978828902234639
348 13.657943944055747
350 13.118182556998894
352 13.221331063351709
354 13.743050948439082
356 13.125949529340618
358 12.831968528672837
360 12.501079348909096
362 12.894918034897852
364 13.583128384808148
366 13.732843430185337
368 12.573289399855243
370 13.75186395092276
372 12.875313288341871
374 13.721844680937805
376 13.147378952069891
378 13.445377833859135
380 13.833358950880875
382 12.8595258128792
384 12.67104842342801
386 12.494825530193946
388 12.416389711040841
390 12.38703087059489
392 12.429610571189658
394 12.794162216755002
396 12.410164467755507
398 12.79895373169244
400 12.844981192416638
402 12.97220447003164
404 12.763852685695278
406 13.032673103125566
408 12.780121353362757
410 11.734525732950692
412 12.18221158474547
414 12.678073498441472
416 12.807902555498782
418 12.90281269040007
420 12.993232645499694
422 12.714470562163434
424 13.918633991832236
426 12.255993451464619
428 13.356079110294578
430 14.300358896728406
432 13.953135786146296
434 11.650686263017482
436 12.497499056211048
438 13.17647556851289
440 12.795789034546868
442 12.498425076810163
444 13.29712808151132
446 12.70421053052353
448 12.554865871430108
450 12.115896180715783
452 12.42328304384737
454 11.4997404665661
456 13.45204483632136
458 12.637674216199414
460 11.51002794834351
462 12.705785917306665
464 11.849772567434421
466 13.046072373331338
468 12.455822846788978
470 12.487201885099633
472 12.962083732845665
474 12.320749534993599
476 12.576524321069565
478 11.900702456603163
480 12.93861962775485
482 12.3898850819475
484 12.992761350218014
486 13.633943283828122
488 12.782980438761953
490 10.948657605528187
492 11.636810423649043
494 11.462197064340423
496 12.467030349186874
498 12.278414629512186
500 12.4145283539776
502 13.20637747938476
504 13.92119882134974
506 13.601811046517293
508 14.08125729636998
510 15.076679648790112
512 14.407737547548743
514 13.465926420609144
516 14.770257978001762
518 13.344233761540405
520 11.739491903952988
522 12.546995061890096
524 13.385028953479786
526 12.583928745343664
528 12.39218102348603
530 13.173387421976514
532 13.400892577094965
534 12.592261962822878
536 12.676483359311378
538 13.668041738963849
540 12.232536756506295
542 11.805633212555104
544 13.190351479385784
546 12.887593699221553
548 13.102073970015804
550 12.904183113528665
552 13.975500500065557
554 13.237908401544315
556 13.29045340609238
558 13.961340114247951
560 13.010043569460164
562 13.59694506700078
564 13.99432713719108
566 13.789518098883455
568 14.593884058832137
570 14.234002035498106
572 13.623128765660782
574 14.519432665774236
576 14.186825776201218
578 14.971433203008642
580 15.054358373150581
582 13.262937383151803
584 13.552808783823076
586 13.100817369897285
588 14.145802232708059
590 14.048177484542961
592 12.673650515255991
594 13.35739763601145
596 11.97104567317829
598 12.406879363813957
600 13.483686809821426
602 12.61075185835143
604 14.288756304597815
606 13.9367587678196
608 13.603865225229669
610 13.143706110339002
612 13.912017476752217
614 13.56439001537806
616 13.841311353068713
618 13.397675727824398
620 13.159569174026554
622 12.901970227975216
624 12.035225722350742
626 13.103279315532983
628 13.040346074338968
630 13.384386701874421
632 13.631477850370146
634 12.918411435353821
636 13.566024818952435
638 13.260439661945343
640 12.938802135747885
642 13.215714719672974
644 14.710775952961589
646 13.283948307698486
648 13.803158683738927
650 13.380136291428368
652 13.48643188105016
654 12.920023660313364
656 12.641297768233557
658 12.920020520934493
660 13.377119296265299
662 14.411833718904873
664 13.905367944947745
666 12.95000479644407
668 13.15073123259525
670 14.773026931928586
672 14.082688487396505
674 13.773407951170622
676 12.813228518495313
678 14.225337886399764
680 14.178633890781292
682 13.97416060534689
684 14.946420128419346
686 14.182310137114161
688 13.646702430903202
690 12.787362996760049
692 12.336375742666451
694 13.10741981332005
696 13.876929999431916
698 12.003355414422758
700 12.766377364610836
702 13.559173748878033
704 13.544719854186527
706 13.120878577244746
708 14.130935241676639
710 13.793438961116031
712 14.929977942296645
714 14.1167374850512
716 13.88837598980868
718 14.459176279036436
720 13.539179482219751
722 13.620472417809204
724 14.155558815735438
726 13.099587409359161
728 15.27484730845671
730 13.589403992331158
732 12.821722597746348
734 14.28943074197152
736 13.673922620327069
738 13.515905210923421
740 14.72606570521102
742 14.87283358165412
744 14.443102427885862
746 13.403541784204707
748 12.982624858194987
750 11.76656609004
752 14.770587349427768
754 14.69653974006941
756 14.086792669159559
758 15.850723546407892
760 15.050695501437941
762 14.606894703603194
764 15.067493125416645
766 14.627125866502434
768 14.13911312575638
770 14.259418870343072
772 15.536335774071956
774 13.751855347793361
776 14.635650026873577
778 13.851570431691268
780 13.973253765706323
782 14.825234110487102
784 14.23140357381133
786 15.338191868580969
788 11.934007120245584
790 12.177634234758022
792 14.573723499338898
794 13.314507408986747
796 13.64581209902182
798 13.247039177592189
800 13.978395304451796
802 14.515967534558843
804 14.037995504112866
806 14.685651472979208
808 13.577896791947632
810 12.813453100269172
812 13.051151034869756
814 13.641487421952446
816 12.514107557627757
818 14.42666415945047
820 14.703212681767647
822 13.0503221772284
824 14.94966873771733
826 14.734616343071403
828 13.104684260938615
830 14.085903393392934
832 13.654182702062721
834 14.811017635191682
836 13.766679693985383
838 14.164512259734213
840 14.762558388151525
842 14.462755186955125
844 13.181674595499251
846 13.340794946070803
848 13.796290823207631
850 14.549214650882274
852 13.955653814230624
854 13.865955434484505
856 13.852253864762032
858 13.782206947538945
860 14.248095664862728
862 14.01840188488914
864 13.833400792215597
866 13.939713755754823
868 15.05797845310133
870 15.07749606747971
872 15.285157495547857
874 15.204139036109625
876 13.876776520693276
878 12.67169760106355
880 13.614809828884564
882 13.7920046334495
884 13.808535103527102
886 14.268436437436415
888 12.76575212079247
890 13.215145194291065
892 13.483396380969078
894 15.477403979009747
896 14.545895347904215
898 14.980934444159587
900 13.119056477465238
902 13.14521179481642
904 14.918194132478906
906 13.682711351416227
908 14.061099603665866
910 15.629287250886332
912 14.165741767353786
914 14.275827430809642
916 15.126701893089683
918 14.053756656049918
920 14.144760357639813
922 14.250021186680305
924 13.93148902137023
926 13.882316340012062
928 14.106827418836557
930 14.709585025209755
932 13.765308141839789
934 14.407956146640155
936 13.180022470923177
938 13.881628347740744
940 14.405890076510971
942 13.806194467348016
944 14.190774617147405
946 13.316745654111779
948 14.990196250258283
950 15.530439974516833
952 15.24910632117152
954 12.9371677184563
956 13.657485128999165
958 13.75345753226429
960 14.3726095789771
962 14.745972154817911
964 15.041629383923809
966 13.560415415295537
968 14.064388440909992
970 14.31458455518593
972 13.97668022545145
974 14.701188619398275
976 13.425182232237574
978 14.285097937057781
980 13.951324247776888
982 15.071597656128452
984 14.349100922069864
986 14.890780577583502
988 13.233826222065678
990 14.35925915956204
992 14.346960454603003
994 14.569714267209584
996 14.550934615803067
998 13.396293706959895
1000 13.778571029564002
1002 14.700385097938081
1004 14.157819066819444
1006 14.525823960695547
1008 13.6273668673534
1010 14.025822490872502
1012 14.461761318588778
1014 13.493150559485777
1016 14.24086579326834
1018 13.707824477552743
1020 13.682569264077756
1022 13.532360458011413
1024 14.73075244760974
1026 14.523222508832099
1028 13.981547491086486
1030 13.817559309657256
1032 13.88538954828914
1034 13.52350159936013
1036 12.722598838432305
1038 12.907674434533495
1040 13.425952032505794
1042 13.944635105879778
1044 13.679513333573002
1046 12.641127325078676
1048 13.74678823928573
1050 13.347666359376525
1052 12.292152067749477
1054 12.897433508065564
1056 13.11404880787609
1058 14.227361832616944
1060 13.315450402155257
1062 13.024750082887689
1064 13.585506186998934
1066 13.599598893254239
1068 13.64719506880171
1070 14.22390754031215
1072 13.578974989577976
1074 13.375131060891881
1076 13.675183212142256
1078 13.66875772140898
1080 13.251928770706442
1082 13.252022951064971
1084 13.960657545633872
1086 13.50453145383906
1088 13.581852067660858
1090 13.941251301806629
1092 13.172250695960456
1094 12.819965872757145
1096 13.863248650770789
1098 13.21835273579488
1100 13.05339077800204
1102 13.380801836630088
1104 13.87730283272474
1106 13.670952186267563
1108 13.175629759358637
1110 15.302155152369139
1112 13.805461658357745
1114 13.85505722359054
1116 14.307480202754748
1118 13.906836683771346
1120 14.576713423086964
1122 13.456840019507116
1124 13.33637589098223
1126 14.577551624597348
1128 14.540295370426305
1130 14.534805820720836
1132 15.012455165367736
1134 15.119930922742455
1136 15.03367856956567
1138 12.964332104249218
1140 13.723569136391731
1142 14.175185972907288
1144 14.387134182972693
1146 14.222103946272538
1148 14.102750762999488
1150 13.824780921787326
1152 14.508361671334052
1154 14.158352591596246
1156 14.114715543148208
1158 14.616085665272028
1160 14.98659414513852
1162 14.214650649628874
1164 14.82208494370297
1166 13.153766624893601
1168 13.427939177872167
1170 14.944009203211756
1172 13.712041833644923
1174 14.39610649252947
1176 12.099169829463975
1178 13.28707934880702
1180 13.277315379954567
1182 14.028329382014919
1184 12.531965714275286
1186 13.035141912405274
1188 13.500518083819742
1190 12.225926202245946
1192 13.199896914455818
1194 11.483012427140693
1196 12.84706483394695
1198 12.206733395619034
1200 12.419643107648026
1202 12.41130978099302
1204 12.375558186591686
1206 12.803009176828596
1208 12.599977630476724
1210 12.557143193105203
1212 11.924851248592539
1214 12.21673811898991
1216 13.801409928320323
1218 13.04474395232009
1220 11.955927908325917
1222 13.810324740117935
1224 13.523355524579808
1226 13.719317801951133
1228 13.603400779308847
1230 15.014129081414602
1232 13.962227682301394
1234 12.803367082718538
1236 13.636842554177802
1238 13.77124995922647
1240 13.112916384652227
1242 13.740294308683044
1244 12.540659552452068
1246 12.588553776659197
1248 13.67834402368003
1250 12.907831765491501
1252 13.530621724417964
1254 13.919738395141179
1256 13.256395904817488
1258 14.351525610027126
1260 13.543688987014743
1262 14.140684122160405
1264 14.624110202633412
1266 12.925977370365862
1268 13.263362771811135
1270 13.01516009460684
1272 12.755094855123758
1274 13.397092409478102
1276 13.00501191957035
1278 13.448596020112632
1280 13.120315696131078
1282 12.883896827118868
1284 13.604398600764675
1286 12.300295760902305
1288 13.194485227916406
1290 13.967041151308942
1292 12.999798356944314
1294 13.029635704963123
1296 13.690002084736635
1298 13.29342798965969
1300 13.569535253631543
1302 12.583902038765729
1304 13.20285430195924
1306 13.295277953585117
1308 14.075988169807006
1310 13.613437529815597
1312 13.652025393288541
1314 13.620610638680587
1316 13.457752722861809
1318 12.956118619883124
1320 13.500033980490198
1322 14.263862612548433
1324 13.963939843889513
1326 13.4745899700007
1328 12.9488696285913
1330 12.368528601085991
1332 12.378248701574899
1334 12.114880620768618
1336 13.502819866198594
1338 13.63610715830312
1340 12.554422701834456
1342 13.163155123588139
1344 14.363968455438162
1346 13.321033712605253
1348 13.309703550183793
1350 13.656120994039489
1352 14.277237611076881
1354 13.750372315739606
1356 13.592507561084735
1358 13.559316715369812
1360 12.489880091976344
1362 13.64043756907602
1364 13.235651891872717
1366 13.584999767947275
1368 12.966541070587745
1370 12.525521645045846
1372 12.100686327175211
1374 12.50473989137975
1376 12.150146071573275
1378 12.818597881990947
1380 12.412736910278076
1382 12.383695749998326
1384 13.494807304147134
1386 14.991522789093164
1388 13.751425721318126
1390 13.126919963970863
1392 13.451829968043594
1394 14.445294241387726
1396 12.733215613924838
1398 13.43710394117975
1400 13.255250023060055
1402 12.685129371500276
1404 13.543228118798393
1406 12.076937003708032
1408 12.259731611022087
1410 12.211654392045274
1412 12.825173932004382
1414 12.081631927026887
1416 13.073291556139278
1418 12.938012774079382
1420 13.12045247065648
1422 14.089804278626707
1424 13.043499177668512
1426 13.91809749646815
1428 13.139731755414667
1430 13.58780459188982
1432 13.904322124093616
1434 13.440728595264298
1436 13.845144032521501
1438 13.407204887053588
1440 13.468265003254983
1442 13.193110736463181
1444 14.794814702791102
1446 13.185066873948477
1448 13.592843105524706
1450 13.093464631811667
1452 14.125167411205528
1454 13.323045902992003
1456 14.141475738177943
1458 13.224749371238953
1460 13.721982761503723
1462 12.909073725655238
1464 12.579392787427855
1466 9.639381949529005
1468 12.333495595399683
1470 13.253350894760153
1472 14.614082651232893
1474 13.575599464177623
1476 12.822865989615257
1478 13.410908735125659
1480 12.182384613575534
1482 12.830315020909358
1484 13.061974272303285
1486 13.556499404296018
1488 14.064871199503415
1490 14.102193696271927
1492 13.655901589788462
1494 12.824331176213578
1496 11.440199483053577
1498 11.569836140943766
1500 12.269694572447431
1502 11.537020772817591
1504 11.8937830042332
1506 11.061746161587362
1508 12.015941455167114
1510 11.424421177868133
1512 11.584971931172825
1514 11.463987545223993
1516 11.598212580597172
1518 11.725811475576187
1520 11.244313233925658
1522 12.346717551591311
1524 11.894952448671939
1526 12.304711428053237
1528 11.444741809578506
1530 12.018769199118275
1532 11.442101257859267
1534 12.166011366192842
1536 11.696457938545596
1538 12.95316326906262
1540 11.87429861531195
1542 12.375224139040244
1544 12.098272893804223
1546 10.643976841067055
1548 12.255844107809285
1550 13.330425611543534
1552 13.855006480608482
1554 12.755847742374462
1556 14.62688803741928
1558 13.450263827436768
1560 12.527514889601255
1562 13.193423694098481
1564 13.582250483900895
1566 13.122839200621435
1568 12.139957905278205
1570 13.010272924565482
1572 13.184994946371917
1574 13.115855168899348
1576 13.748538646048376
1578 12.022623123108836
1580 12.876435214213314
1582 12.422987711442234
1584 10.56469742031154
1586 11.01812677209719
1588 11.164632483591012
1590 10.98036559311273
1592 11.568832898042617
1594 10.522606477605626
1596 10.77689178187952
1598 11.465787134847169
1600 10.477648957350686
1602 10.754753072934284
1604 10.527425598882314
1606 11.082483450554761
1608 13.502602241808255
1610 12.726564253856948
1612 14.2504265728208
1614 12.237570616288897
1616 11.371041819971966
1618 11.231376014169827
1620 11.732443732812557
1622 10.709373760277261
1624 10.663300682783474
1626 11.189409313823322
1628 12.117765854992314
1630 10.828307333957618
1632 11.458066381864768
1634 10.785257082135889
1636 11.165037672540764
1638 11.266469817600042
1640 9.537640901698087
1642 9.909451453063205
1644 7.695351926852091
1646 8.232725217027811
1648 8.548201759097942
1650 7.460739174806113
1652 7.782147773107957
1654 7.44307200394608
1656 8.175240976126402
1658 7.958418614480328
1660 8.152137089724269
1662 9.146269068942374
1664 7.614461898579875
1666 7.981046157565828
1668 8.538282166607782
1670 8.413782792437958
1672 7.930662733095573
1674 7.7296532304184655
1676 8.962203012993038
1678 7.90743564325256
1680 8.177055907827603
1682 6.898906779944172
1684 7.62829509400796
1686 8.193053294719158
1688 7.568622320029744
1690 7.036262542720241
1692 8.236781471324385
1694 8.426023504283629
1696 7.979206469865228
1698 9.386064031867123
1700 8.9552315254044
1702 7.9631055162570865
1704 6.689617695981164
1706 7.115791240996032
1708 8.364801139595206
1710 7.697751210381352
1712 7.779319587905598
1714 7.596779551568866
1716 7.57715028888503
1718 7.5105589891045215
1720 7.701076517529359
1722 7.921116593959686
1724 7.8746791213776985
1726 8.142991794896997
1728 7.753422865529589
1730 8.178128605857294
1732 7.870316699005436
1734 9.54203746207744
1736 8.661582704007214
1738 7.746969712986222
1740 7.81306485848875
1742 8.115038411067356
1744 7.364977875242646
1746 7.493834314988087
1748 7.87447328502908
1750 7.588955219322056
1752 7.444381247096985
1754 7.223253719499805
1756 8.864051439515057
1758 8.057800928195071
1760 10.150638753402465
1762 9.674002084297733
1764 9.338659831580559
1766 10.01223715676708
1768 9.654159821632623
1770 9.93739216587992
1772 7.758831570548172
1774 8.971770341551176
1776 7.896337412837497
1778 7.875293858643941
1780 8.756099757958095
1782 8.923075709009169
1784 7.654597588147548
1786 8.336824296786348
1788 8.009872993296556
1790 8.875615115060091
1792 7.948013007071999
1794 7.355138995366237
1796 9.850886872467676
1798 7.559159002201306
1800 7.363930549953327
1802 7.464342072939131
1804 7.399296767768312
1806 7.352350551381154
1808 13.281302023108182
1810 10.992729276029062
1812 11.164094570021376
1814 11.200561912201652
1816 11.243797488305985
1818 10.8436536007538
1820 10.92639520349465
1822 12.5161558238592
1824 11.121629844717793
1826 10.635649630672336
1828 11.918500053070058
1830 10.35856461453269
1832 12.993335951806827
1834 12.473561163540632
1836 10.996523290623054
1838 12.043714274585687
1840 11.61432236086134
1842 11.208056364597645
1844 11.592241498687228
1846 11.168323674516635
1848 12.11836691552232
1850 11.57734459021744
1852 10.42781949432347
1854 10.873841466891824
1856 10.544696601855069
1858 11.654348595549626
1860 11.769710932498393
1862 11.931421545988794
1864 12.313122922927837
1866 12.334590527464849
1868 10.682420084070769
1870 11.655372280887875
1872 11.196736143020763
1874 11.507204863724127
1876 11.57544000436518
1878 12.554816636512461
1880 12.208202948149228
1882 12.735319735975466
1884 9.047516444229357
1886 10.95381343681892
1888 11.349127473880108
1890 11.984630694442348
1892 10.623042048458958
1894 11.846090139236853
1896 12.202969282678723
1898 11.388227265802673
1900 11.706217667684223
1902 11.82810641201524
1904 12.493785569004855
1906 11.412899254391535
1908 12.128680672092944
1910 12.16386238019251
1912 12.322262139035344
1914 11.919702873113154
1916 12.52052054496336
1918 12.363091863553048
1920 11.818095755769868
1922 12.832372833401614
1924 12.366641055127305
1926 10.764645321787462
1928 10.501226684998082
1930 11.444838141834344
1932 11.553050758428453
1934 11.998713870999202
1936 11.120857594031337
1938 11.861632316547785
1940 12.202732365545073
1942 12.046987593711405
1944 11.681544391480156
1946 12.5916387003924
1948 13.053434215964744
1950 12.576077940592274
1952 12.992484663690222
1954 11.754453307517974
1956 11.183033098614318
1958 12.178353465243145
1960 12.676363476374387
1962 12.18112923860767
1964 12.732669284969004
1966 11.515249597300777
1968 12.776116430184803
1970 11.962652635643556
1972 10.820035608344362
1974 11.926115781651148
1976 12.028884670975067
1978 11.908574512414798
1980 11.896332283855767
1982 13.365072055999157
1984 13.452034403952949
1986 13.212353299312777
1988 12.760015602463673
1990 13.041969387324905
1992 11.620450152877629
1994 12.829595483244779
1996 12.971933084872903
1998 12.019215612605795
2000 12.452619691683427
