0 10.758893484634807
2 10.896939372000826
4 9.91289875613303
6 10.0061216461708
8 10.497339849741087
10 10.187150437352626
12 11.192986823652287
14 11.010447881948531
16 10.975106161453223
18 11.819726101048232
20 10.649157608460262
22 11.968697778781262
24 11.115693515661995
26 11.60603899879209
28 11.433350045448178
30 11.854741003206664
32 11.723962592782211
34 11.22521294080787
36 10.652561366441725
38 10.972830385879615
40 11.49209271688599
42 10.486652166314828
44 11.733316672434034
46 10.466479259042849
48 10.469377366353884
50 11.965759121399438
52 11.760144077382222
54 10.970966012685702
56 10.84378021851706
58 11.009370472553632
60 11.418739084900428
62 9.97900074973194
64 9.814472532632722
66 11.063495433512264
68 11.725468655002913
70 11.322616278317055
72 10.64930907882132
74 10.746612604763008
76 10.35803258117406
78 10.680275493883373
80 11.888554665362022
82 10.588654861970038
84 10.642661920438078
86 10.50526713798397
88 11.357959407421989
90 10.97554883887317
92 10.863752445623675
94 10.244005513590045
96 10.045740985651609
98 10.618004406868119
100 11.814045581861503
102 12.04603577806089
104 11.707961444580858
106 9.94012728942166
108 9.295370908404372
110 10.455820791389597
112 10.598803728368928
114 10.453933248953371
116 11.79593545280715
118 11.293508293872723
120 11.1058860926177
122 10.826087916308941
124 10.757306037802906
126 11.067086230434816
128 10.749310509728788
130 10.548346926226841
132 9.781933453187362
134 9.945681233653017
136 9.227029296647665
138 10.97392300198382
140 10.7330087302604
142 10.852661633559888
144 9.903006173612647
146 10.194852958993524
148 9.991361905763437
150 10.783935739413748
152 10.255297738627705
154 11.20703411794339
156 10.483480168305721
158 11.881928914233981
160 11.361366127774883
162 11.390391446723838
164 10.36313912190157
166 9.36227136749926
168 10.885645163138033
170 10.885253947587971
172 11.747346311459083
174 12.30032191232306
176 10.631994671146135
178 8.90102675544371
180 8.61222768996152
182 8.988777104630653
184 8.921724826350486
186 8.955854687226958
188 9.501316340752101
190 10.274324169501385
192 10.882390578685055
194 10.325447869816609
196 10.924170677012675
198 9.269944059830403
200 10.320178602587328
202 9.078881880362083
204 8.95120708692413
206 9.150964876932026
208 9.351414705847596
210 9.128371901487089
212 9.116475429098712
214 9.167349606613652
216 9.177436059673814
218 8.758087604752053
220 9.83431622857736
222 9.400538719486834
224 9.0979396290178
226 9.202617653011153
228 8.790926199280129
230 9.352491150639615
232 7.915869391307976
234 9.417567062608402
236 9.026718665145822
238 9.778938809415623
240 9.42253381850429
242 10.601355332589307
244 9.539214895646142
246 9.118831501442967
248 8.903330720852857
250 9.562221918192666
252 9.914056941982741
254 11.217478954212307
256 10.120059974707328
258 8.684626220320675
260 9.345208430940158
262 8.733152265154693
264 9.201141480661308
266 7.811668680772691
268 8.732450466152127
270 9.508895568899684
272 9.518060199674688
274 9.006354422465265
276 8.966153869416756
278 9.438859809294962
280 9.18852919937004
282 8.765760340428434
284 8.52807498046115
286 8.441515695875013
288 9.157878949334338
290 9.305913186751878
292 8.726379125697719
294 8.90612978435177
296 9.429245365250011
298 8.557135671029295
300 8.826625433345368
302 9.37961301546513
304 8.991430496283957
306 8.890759387718832
308 9.647099036085434
310 10.546780917406998
312 9.446760660411524
314 9.437057633014902
316 10.208033044985825
318 8.596912700697576
320 8.834558549703234
322 10.734306774887155
324 8.928933550986779
326 8.133489561533036
328 9.29142295854238
330 9.691424319502996
332 10.950110517670067
334 8.720397632178353
336 8.964402618507055
338 8.94113362167838
340 8.776799918484409
342 8.837658956564434
344 9.57128749944545
346 11.22855587105917
348 10.132289397760669
350 9.715682665705199
352 8.82724314283776
354 9.236928177207496
356 8.769090761837
358 8.283076279315354
360 9.129074733691
362 10.0658558732867
364 10.272630873455578
366 10.78165457404447
368 8.635579791554619
370 9.717921800779928
372 9.565203314464704
374 8.808612928196494
376 8.618725939989789
378 9.760888440080395
380 9.023038574111293
382 9.472199177769248
384 9.337495383225772
386 8.754851859696739
388 8.834757210075782
390 9.804673095734458
392 8.956057380689098
394 10.03611020548892
396 10.180677917334394
398 10.436618594662935
400 9.347918722809522
402 8.230658171105553
404 10.916891860465189
406 9.382808945020864
408 9.444473764719278
410 9.414419882354245
412 9.81566825002707
414 9.995926424328147
416 10.759827029742977
418 10.083953450892832
420 11.038944859047755
422 10.022030342580138
424 10.512337089884465
426 9.87103593949921
428 10.181597650915151
430 10.060582129925573
432 9.580623137850367
434 9.750476179028137
436 10.10647781219276
438 8.982837880738115
440 9.756849346358331
442 8.352782425227991
444 9.127258123047875
446 9.857401507686836
448 9.255221147087966
450 9.96119381226848
452 10.699091762894483
454 10.761342946594722
456 9.723792206204614
458 8.951437079109496
460 11.32710335587221
462 11.031270814871053
464 9.69733612135104
466 9.220960333537601
468 9.441879184023247
470 11.009683952548105
472 11.794276936596559
474 11.176236422486092
476 11.119025019439407
478 10.693040409058558
480 11.46619636186297
482 10.424981552442267
484 10.350041359050149
486 10.572570207950706
488 10.726822224358415
490 9.711203708706803
492 11.732288583137661
494 10.90766428559848
496 10.568809526832483
498 10.021467045579268
500 9.066120267934952
502 10.775042309040836
504 10.499667470846006
506 10.231667146843543
508 10.53923580085273
510 9.96074514673723
512 11.24449584618024
514 10.026620795304382
516 10.03292674697812
518 10.361880734269803
520 10.381634663253333
522 10.322183765057575
524 10.749195937635633
526 11.15757724073132
528 10.352987260446953
530 9.549712114241862
532 10.669212086839954
534 10.55056463818874
536 9.99400613275759
538 10.176916623921741
540 11.15051337431669
542 10.427378989308709
544 10.839152948710446
546 10.580973893686918
548 10.619391614655122
550 10.44809398882567
552 10.021119401429669
554 9.909037972728312
556 11.237920107926174
558 10.658109830717926
560 10.374145849161916
562 10.751100244615422
564 11.224254159053658
566 10.315103307776704
568 11.335154655626066
570 10.950479293576885
572 9.789657395698828
574 10.653313642189595
576 9.87754543099949
578 10.403551624686333
580 10.188255805876816
582 11.439727377678402
584 10.61233514082245
586 10.593585778079088
588 10.95114206624286
590 10.575507813007025
592 10.529513199762132
594 11.291293202519498
596 10.429838240368836
598 10.524341083554921
600 9.964519106398846
602 11.549641137037785
604 10.884048906518276
606 10.314353258548202
608 11.298912850536647
610 11.015591254937197
612 8.440065766937108
614 11.696705893011869
616 10.891347807120876
618 10.817864814256934
620 10.929683808750616
622 10.060701847054437
624 11.381871711456059
626 10.530886459207089
628 11.03193976685835
630 9.911715428132686
632 10.416749907612067
634 10.531387560246177
636 10.713269074051828
638 10.840284477810508
640 8.961588339010511
642 10.190522208571199
644 11.4859259993804
646 11.69250187894959
648 10.428820339069292
650 9.783048528613126
652 9.715660286858707
654 9.870428556436202
656 9.905203404903448
658 10.204172065943355
660 9.85215506711977
662 10.76346077835952
664 10.312770317544652
666 10.863266601205627
668 10.190335901955898
670 12.182228560252526
672 10.28651000900614
674 10.769198536927515
676 10.763891631818352
678 9.609887994122865
680 10.017592065638157
682 11.62737226929463
684 11.600735280381679
686 11.913626888555566
688 11.020927781722044
690 11.830673278587879
692 11.252294079252598
694 11.313834407986212
696 11.94936334907996
698 11.33779377138954
700 11.184528923365061
702 12.56324682899706
704 9.384287126526635
706 8.753344308928963
708 9.199752220137402
710 8.837543778416919
712 10.10686394927649
714 8.628357513183937
716 8.359217467129975
718 10.233895762277013
720 10.976031201281092
722 10.369832629598783
724 10.531798650401623
726 10.341399970255551
728 9.803304113064343
730 11.678332316865001
732 10.204601187423954
734 9.32421758091737
736 9.987581804194217
738 10.63922250216467
740 10.558577574385723
742 9.858471678237516
744 9.018673604139641
746 9.276497574574046
748 10.318440447228667
750 10.800214905192414
752 9.745702699758036
754 10.312282506885449
756 9.634051189494391
758 9.887988606532897
760 10.623606016668376
762 10.66690902914699
764 10.193545058725576
766 10.77383681276398
768 11.770350497074936
770 10.968269502363448
772 10.703166625434553
774 9.939118513172277
776 10.520782071479161
778 9.789979160742732
780 10.782682154373392
782 9.897710018527107
784 9.804936277040381
786 9.970230940094076
788 10.217073306216875
790 9.436126146901819
792 9.833494078210695
794 10.739390112188783
796 11.300271893768828
798 10.529194854359341
800 10.759059397487611
802 10.527570117583368
804 10.11916147459928
806 11.166715360929562
808 11.149373108899274
810 10.602655227056081
812 9.776566947833185
814 9.748327037149101
816 11.417819663648128
818 10.146348910312616
820 10.893293184964177
822 10.527947290216968
824 10.256668922183328
826 10.095105469046597
828 11.560245708247301
830 11.198983219317268
832 10.124001336927964
834 10.006764272299367
836 9.461893628142946
838 10.437968164382783
840 10.124161990604529
842 10.935439749598988
844 9.889906903981892
846 9.891991144050186
848 10.200239739688207
850 10.637924279544178
852 10.09099222376386
854 9.832651792161464
856 9.739543343244659
858 9.43746683465361
860 10.616224629814681
862 9.1288744694246
864 10.948291249067879
866 10.945435667468665
868 11.147908545621176
870 11.8491959360059
872 10.68934936998722
874 10.568006191543832
876 11.032897823664618
878 10.276684790674198
880 10.736098432772437
882 10.65579362911386
884 10.789542453743946
886 9.659841086149221
888 9.580067301537731
890 10.157579589953976
892 10.566910770364759
894 9.718955584963112
896 9.813322773529453
898 9.552341498324108
900 9.7161113973135
902 9.643964526814228
904 10.748151897315887
906 10.592755642748322
908 10.507669342951584
910 10.5067504002651
912 10.530307744270209
914 9.528237023457008
916 11.068304823849562
918 9.92416019759287
920 10.71883789567574
922 10.769999363296824
924 9.881082496188796
926 9.548939191620493
928 10.528955168299328
930 8.961950595250245
932 8.969477321410372
934 9.45028002224519
936 9.630110947397634
938 10.376536984057367
940 10.075769152947009
942 10.467897349840737
944 9.594885747489323
946 10.332563809237703
948 10.50738901853512
950 9.55798075080306
952 9.24398587546371
954 11.104834700397987
956 11.053592125781394
958 9.297549113890954
960 10.462900926353752
962 9.48761256746551
964 9.468227685810671
966 9.629405306540281
968 9.213523276656588
970 9.341068389370607
972 9.124945372871663
974 8.893014823933841
976 9.045911832094493
978 9.046023881866688
980 10.620200928478475
982 9.394770883443387
984 9.378328908005331
986 9.359628937694334
988 9.201472478046604
990 8.50935178948886
992 8.772327325342564
994 9.112443370585744
996 9.310983974689556
998 11.067204797675997
1000 10.155709418908227
1002 9.573205977457812
1004 9.629543691188283
1006 8.875521889916394
1008 9.668168012153219
1010 8.861477676376735
1012 10.69540873284978
1014 10.084768065858738
1016 10.84553933364223
1018 11.20878240065786
1020 10.690810260951007
1022 11.155534668288348
1024 10.892979259024061
1026 11.107646632047123
1028 11.432379712995838
1030 10.598361373925835
1032 10.841625499403841
1034 11.468481894803551
1036 10.605040750170735
1038 10.84741731203247
1040 11.099920838498063
1042 10.02343081888271
1044 10.902726176786983
1046 11.099695295127363
1048 11.638118207170972
1050 10.473246461482622
1052 9.315981138756133
1054 9.317769159354805
1056 10.374123326340872
1058 9.020649258749591
1060 10.822002278371743
1062 10.56822979672887
1064 11.043007597153483
1066 9.420606945597857
1068 10.117659211375306
1070 9.063619381974062
1072 9.910919007035135
1074 11.083449031682736
1076 10.78212115932763
1078 9.880860455686111
1080 8.542245405477095
1082 10.480760649533044
1084 11.034679464535895
1086 11.065788137413076
1088 10.50131882354376
1090 10.387133368641935
1092 10.328921519553363
1094 9.104826159094559
1096 9.36898313527622
1098 8.774812464609695
1100 9.01823022942713
1102 10.377097950360719
1104 9.22204489317683
1106 9.043020073762936
1108 8.803622745764693
1110 9.67485827911985
1112 10.333499822085622
1114 9.467019106511152
1116 8.975533644602658
1118 9.08361737191415
1120 10.287156925386657
1122 10.698996607431065
1124 9.866334682072722
1126 10.773029626809606
1128 9.121459187681209
1130 9.764153488196797
1132 9.356132189096563
1134 9.508699773723007
1136 10.700243089147238
1138 8.989908450201684
1140 9.72026081285004
1142 10.305228506460375
1144 9.768981021467427
1146 10.96508090009002
1148 10.165158011676816
1150 9.409881395818307
1152 9.138606040719342
1154 9.290040894780308
1156 10.131876771379247
1158 10.376765631541922
1160 9.422081407749763
1162 10.713078897047815
1164 10.84033673259789
1166 9.020834777503373
1168 9.23768645151982
1170 9.576315778802767
1172 8.890825855200065
1174 9.554387252547109
1176 10.1036949608364
1178 10.117165194838584
1180 11.303778886204611
1182 11.371719323494844
1184 9.12408241119312
1186 9.312839203793237
1188 9.489223205484507
1190 9.219228265205045
1192 8.946580553892417
1194 8.443582011510223
1196 9.11927797705775
1198 9.018683487257562
1200 8.915752022737863
1202 9.76805474741959
1204 9.446783585170971
1206 9.723542463512949
1208 9.304496905846726
1210 8.43389192277932
1212 9.458013889470065
1214 10.06597178074058
1216 9.128972402617398
1218 9.517497051971514
1220 9.4259466401157
1222 9.474699350548656
1224 8.549075787127354
1226 9.354796634263476
1228 9.920495039064788
1230 9.324236071675495
1232 8.871667585197127
1234 9.639948212419098
1236 8.814149233427559
1238 9.052537325259069
1240 8.60010468637352
1242 8.34295570050558
1244 10.34173693915626
1246 9.092691364766516
1248 9.416951503351035
1250 9.628959557097234
1252 9.951885283558582
1254 8.991626137384165
1256 9.861108821094957
1258 9.176796810825364
1260 10.150711890000657
1262 8.99842549331072
1264 8.057359413016615
1266 8.590536497192485
1268 9.699155268748127
1270 9.433986709271949
1272 8.914816477415343
1274 8.766667058716664
1276 9.2114182169546
1278 8.214191569828401
1280 9.456328946650439
1282 8.187273467540361
1284 9.100118490267445
1286 9.272431653537982
1288 8.543851105769964
1290 8.914723206237758
1292 8.923795878417982
1294 8.75625670419498
1296 9.042266424543657
1298 8.92318702453721
1300 8.779724423338896
1302 9.200722365510716
1304 9.588397681834346
1306 10.654277230449193
1308 8.737263767879535
1310 9.277084378613452
1312 9.28678439494751
1314 8.79585109181898
1316 8.880645479000016
1318 9.075426334510492
1320 9.929131260854003
1322 9.018299755889652
1324 9.106084744960512
1326 10.807379999671701
1328 10.668856454796739
1330 10.253356245077782
1332 10.866334545969384
1334 9.369636245241018
1336 9.71446458944466
1338 9.132623487340132
1340 9.468186503770815
1342 9.036198790104622
1344 8.464778852649959
1346 9.078337838381955
1348 9.471969397461644
1350 9.467931541760708
1352 9.806218029822208
1354 9.485841990394455
1356 9.088784835724288
1358 9.07998327379932
1360 8.280502830386459
1362 8.60024125617013
1364 10.031648263187376
1366 9.650019255783644
1368 9.67165453259569
1370 9.444817583582525
1372 9.607553805449253
1374 8.9741293397224
1376 9.187933750259885
1378 8.873269522096823
1380 9.243358770155153
1382 8.754054522047252
1384 8.743038919109521
1386 8.179657666942045
1388 8.717410905021232
1390 9.311256993846373
1392 9.465388148879763
1394 11.370857674787285
1396 9.072095174328329
1398 9.290703260004356
1400 9.215259240452086
1402 8.916820370994419
1404 8.430761564902893
1406 9.596193068668375
1408 9.325174430954645
1410 9.36167645985552
1412 8.559797708849615
1414 8.704370270756371
1416 8.212253053808588
1418 7.9106231011934005
1420 9.000671317602308
1422 9.436764121767395
1424 8.274287059485964
1426 8.338974322000523
1428 9.803346427213665
1430 7.866193698097408
1432 8.73293463708138
1434 8.68447109195572
1436 8.093685740047851
1438 8.742179416615684
1440 8.295512254199666
1442 8.94661150503252
1444 8.737693683798167
1446 9.632467313425511
1448 8.961889036503106
1450 8.449295527780876
1452 9.006681287387915
1454 9.183451426483671
1456 8.45792559179068
1458 8.86473002290162
1460 9.229962932805945
1462 9.466479404298875
1464 9.049736442986013
1466 9.017029618702072
1468 8.783591019135347
1470 9.317860110290717
1472 9.491449921516152
1474 9.049518896647902
1476 8.330873237995045
1478 9.034682189386528
1480 10.227015062322367
1482 10.214016462976549
1484 8.449722380825332
1486 8.553326840992359
1488 9.647656651740197
1490 8.48237476350479
1492 9.410566589295277
1494 11.330165569179416
1496 8.9946220616274
1498 8.853404919485424
1500 8.051158690663444
1502 9.159318232256814
1504 9.993606647964631
1506 10.466968278308725
1508 9.117881587094338
1510 10.16230588683288
1512 8.60577484490607
1514 9.004115000972757
1516 9.027546854462608
1518 8.944817609812919
1520 9.114122115825698
1522 9.22034040538696
1524 8.462796244865611
1526 8.8178854385422
1528 10.47277572141544
1530 9.33400795077428
1532 8.566397134343989
1534 10.046605182945694
1536 9.057025519509283
1538 9.10358384609671
1540 9.920618997150562
1542 8.822324924395588
1544 8.561873377505504
1546 8.433439774316026
1548 9.109089105585838
1550 8.603204928420007
1552 9.912497849233478
1554 10.395746023062365
1556 8.70885659737735
1558 9.30358005026625
1560 9.020457258121025
1562 9.427407626862339
1564 9.420732001437111
1566 9.104129354381651
1568 8.928601305057866
1570 9.01606705006784
1572 9.069958885631973
1574 9.831792864365985
1576 9.595875647564762
1578 8.428165224722457
1580 9.37095402961493
1582 8.064692468143459
1584 9.150244188730472
1586 8.784115550855752
1588 10.02309453269393
1590 8.398417397508986
1592 8.688321905329579
1594 9.021669589741677
1596 10.9730117761325
1598 10.579767675319625
1600 10.437120018464084
1602 8.99260492759591
1604 9.174331874544803
1606 9.504473509198254
1608 10.437531163997733
1610 8.033233664163532
1612 8.862578022044755
1614 9.333095141652427
1616 7.942784071023215
1618 10.19540320362413
1620 9.33118331814032
1622 8.845569344113741
1624 8.635439590375984
1626 9.040890768270726
1628 9.012139425530114
1630 8.718057745817736
1632 8.891490729423891
1634 9.039167635922317
1636 9.053633586342807
1638 9.602965494210947
1640 8.742906145060497
1642 8.955233672317572
1644 9.051422039122489
1646 8.429881436399315
1648 8.564055909406216
1650 8.131625914579404
1652 8.544348800069521
1654 9.326111228537224
1656 9.679070058252263
1658 9.29975408873029
1660 8.72089958101125
1662 9.44331551890079
1664 8.98777255731747
1666 8.866924134652985
1668 9.597870563533824
1670 10.179240603502818
1672 9.166791240425939
1674 9.688530606723596
1676 9.117330355499169
1678 9.41295602354041
1680 9.606131097222685
1682 9.888185149366059
1684 10.560793958931354
1686 10.981925365300663
1688 9.1060725916562
1690 10.085577284672897
1692 10.292433322176716
1694 9.88129991389219
1696 9.286397323521621
1698 8.6689989589651
1700 9.903804409654688
1702 10.12412730704709
1704 10.717499701872752
1706 10.947815246573626
1708 9.597404698515337
1710 9.8896860987411
1712 10.349548793228093
1714 10.686216171528274
1716 10.32740912651192
1718 11.026301345804088
1720 10.231610530741264
1722 8.377216059864033
1724 9.329300714360913
1726 9.95006331472553
1728 10.153238754919718
1730 10.038739456439755
1732 10.953100568915808
1734 11.121087825454797
1736 8.94365243671484
1738 9.297058120573096
1740 10.633293043709239
1742 7.7653113147169925
1744 8.98913389419483
1746 9.112282305679274
1748 8.620609756117279
1750 8.880823201008985
1752 9.872287357040646
1754 8.725748881822266
1756 8.949800422704767
1758 8.878684850683765
1760 10.577569477139592
1762 10.31159406236369
1764 9.877204448246538
1766 10.105443986730961
1768 9.68265055537005
1770 9.455262306809722
1772 9.049053952502698
1774 9.743442285873185
1776 10.080204698517223
1778 9.392866699277477
1780 10.077357871122587
1782 9.755706006998233
1784 10.871889644502065
1786 11.0544771004731
1788 9.7244987830136
1790 9.218253835302257
1792 8.447422583443435
1794 9.286154283830852
1796 9.393496255358778
1798 10.094525632937165
1800 9.658370047534426
1802 8.360032973157685
1804 9.265524225449361
1806 9.33209850822885
1808 10.593810256904705
1810 8.931095496777226
1812 9.083910048946992
1814 8.939187110623815
1816 9.39336717157852
1818 9.177559904381695
1820 9.759870929804887
1822 8.95694780237426
1824 10.347212443597742
1826 9.13361229021803
1828 8.805047636409729
1830 9.652781310591157
1832 9.161636936233464
1834 8.687658844169038
1836 9.364894355467696
1838 9.18721704463302
1840 10.029472341152859
1842 9.071148159451951
1844 10.28608924777013
1846 11.041943894237289
1848 9.637658406382624
1850 9.793976030174138
1852 8.133667873489237
1854 9.65853808285817
1856 9.290668746810367
1858 8.988545677337685
1860 12.095523509838321
1862 11.960544594196389
1864 12.123785264287623
1866 11.254945047898453
1868 10.772869440926732
1870 9.475824526222453
1872 9.938180955199206
1874 9.470741397957486
1876 9.962912708578209
1878 10.65412691918936
1880 10.509464933966155
1882 9.911423772478305
1884 10.803710128144537
1886 9.43477367103455
1888 9.440924828374332
1890 9.761470967750112
1892 9.678423265720179
1894 10.948905509703721
1896 10.28757960407253
1898 9.210554776296288
1900 10.054696277680318
1902 9.469009148750692
1904 9.55617325427057
1906 8.841506434718605
1908 10.00135941016683
1910 9.578309662844166
1912 9.89683526335832
1914 9.938793861698352
1916 10.08960619639353
1918 9.617309872102572
1920 10.005451018288245
1922 9.863469404456628
1924 10.347736288451143
1926 9.364451135789063
1928 10.712443600805369
1930 10.040290727702397
1932 10.209086388076468
1934 10.104986915940005
1936 8.965051766722326
1938 10.646577035637469
1940 9.302739889513605
1942 9.953135021341659
1944 10.21552284579643
1946 9.607295797674428
1948 9.639030505296788
1950 10.001707563567894
1952 10.03483847784258
1954 9.647325549540819
1956 9.93395140737322
1958 9.354922172512934
1960 9.029443384806676
1962 8.740170025951574
1964 9.354801719768474
1966 8.540552729071836
1968 9.290200531504883
1970 9.423480397085147
1972 9.068699954567371
1974 9.993972697747271
1976 9.150375826764126
1978 9.32931826571572
1980 8.896967227910949
1982 9.302739515207788
1984 9.037372840336072
1986 10.186908956447175
1988 8.71133582084252
1990 9.51278507113392
1992 10.585615521801254
1994 9.249571835069995
1996 9.199677115373582
1998 9.020926128811064
2000 11.362072646766418
