0 10.449405588575262
2 9.921011085975032
4 9.509648635423003
6 8.72717190827703
8 8.125737402689241
10 9.144517008948045
12 9.888312783889022
14 9.21101471173434
16 9.087111184139308
18 9.39380995217043
20 8.602994163398346
22 8.77818525915967
24 8.048635306362529
26 8.573555576221896
28 10.678640313058997
30 8.948907110397808
32 8.99356706979759
34 9.767276610963584
36 9.387494084548688
38 9.03451579685949
40 10.708662455837615
42 10.614354910816955
44 10.950655768006342
46 10.787386931746086
48 10.665024964868568
50 10.235007804568104
52 10.952297025924127
54 9.643572086934949
56 11.286518180520009
58 11.254771826803507
60 10.96938852391794
62 10.695534530486448
64 10.517885159168996
66 13.152176938267695
68 11.450232497078131
70 11.08189894368822
72 12.632948172973347
74 10.032580270119128
76 9.265207705612172
78 10.054368580450229
80 9.007214645708617
82 8.502830189837416
84 9.042076012900903
86 10.118863210044243
88 9.27443226749295
90 8.60741195328332
92 8.853977410474783
94 9.440670326163033
96 9.845742715745667
98 8.806219986259238
100 8.489008424186753
102 8.441416353285508
104 9.077032638197714
106 9.411025133390362
108 8.72734751987505
110 9.104486100654123
112 9.894813047458726
114 9.299941786391955
116 10.784821315768696
118 11.010633130630403
120 10.93016818323014
122 9.241908606383403
124 9.019255607322984
126 8.478329555882873
128 10.477716673586176
130 9.622893549304925
132 10.855134368447114
134 9.182043137919365
136 9.03515718933037
138 8.678371363493877
140 9.730637268650772
142 10.259808529560187
144 9.087831506703624
146 8.79679092416414
148 8.919418949653018
150 9.484490576681996
152 9.290213021752098
154 9.263442375400139
156 9.594419188860023
158 9.48068290938832
160 8.849895945137932
162 9.028386760928633
164 9.385059659481335
166 10.28697437138811
168 9.81047066713678
170 8.706073425475253
172 9.866831463170216
174 8.619708058492165
176 9.017145820943362
178 8.47312024792982
180 8.672651534773985
182 9.821596558294644
184 11.408862844466208
186 10.051586142108798
188 10.037211403999258
190 10.129724855894983
192 11.033503720155121
194 11.339042442846402
196 9.969162710649652
198 9.839998320613274
200 10.677556335403905
202 10.513559769166623
204 10.36013763336412
206 10.437181908573024
208 10.777260597668226
210 10.356770515366328
212 10.435392512721165
214 11.059521045767841
216 10.984248599582056
218 10.433239358919986
220 9.983917522256531
222 10.724039915000196
224 10.355405500974474
226 10.106667572398486
228 10.941754797702028
230 11.719984333172745
232 10.280512616629151
234 10.286287407534193
236 10.768187271339528
238 10.710304559389845
240 10.359274227539572
242 9.917261728935904
244 10.49197716421861
246 10.198765755424136
248 10.178503498335612
250 9.63114720975411
252 10.096813974787834
254 10.520741134471836
256 10.065297578524198
258 10.44044582481998
260 10.951480838506633
262 10.034752286963316
264 10.425125356384042
266 10.464626814547078
268 10.07545421218556
270 10.893425242330672
272 10.286110523821726
274 11.087413459657624
276 10.549167336247942
278 10.535313002582484
280 10.763989848694619
282 10.315285646642907
284 11.027590003449719
286 10.395159036030716
288 10.538436928941675
290 9.913454736593687
292 10.49137088571116
294 9.648717593670726
296 10.534247761921247
298 11.315448147761545
300 10.733315748719622
302 9.999825591287419
304 10.348109961980459
306 10.507811461438868
308 10.584075122587079
310 9.556179774105605
312 10.613778136660589
314 10.237386478753669
316 10.323075507197967
318 9.135536601529036
320 10.46783663984414
322 9.41459270129408
324 10.346808047003181
326 10.238193095949143
328 10.659582280462066
330 10.143543219960403
332 9.740202666574907
334 10.470002337645125
336 9.994980104779088
338 10.445341512997706
340 10.274277926651603
342 10.230784262449859
344 10.43016479493777
346 10.94210855810254
348 10.395817032234708
350 9.736554655087897
352 10.70081588985756
354 9.855801086542147
356 10.656455113957303
358 10.82035442963524
360 11.11028982284054
362 9.15915970759328
364 10.62149961498264
366 10.42904107137649
368 11.60725576479067
370 10.522504977072696
372 9.888310770121533
374 10.397002824700529
376 9.851447971245696
378 10.139888087754354
380 9.679497968101385
382 10.057289855871007
384 10.441619274799496
386 9.684642212365858
388 10.460722364061978
390 9.489593194539319
392 9.27119666004316
394 10.774345548718244
396 10.6407675570955
398 9.304225523965318
400 11.156412345910827
402 10.491514577558846
404 10.006329626587114
406 10.079604818076229
408 9.78992290213277
410 10.118906499420097
412 9.415773907265557
414 9.562573222449213
416 9.436661660658952
418 8.31654438368795
420 9.15119303462281
422 8.113992338402142
424 9.938905279409875
426 9.46514744760962
428 9.274719599434626
430 10.754316309186121
432 10.798295744755865
434 10.951732652119818
436 10.383544059889159
438 9.942352482138318
440 9.872501089640359
442 8.513459470210794
444 10.33667112233928
446 9.450722776192451
448 9.51740257668455
450 9.13972393428837
452 8.240385259128384
454 8.280231171485624
456 9.507775210166626
458 9.004643413772067
460 8.237560704846697
462 8.82622371395963
464 8.082789748122376
466 9.385965208681021
468 8.99153107502551
470 8.147939268990259
472 8.570213912023547
474 8.821854746942538
476 8.885342150935493
478 7.887344182574846
480 8.404315094464339
482 8.541741809685416
484 8.744392753446702
486 9.090538539568627
488 9.078988862394258
490 8.319194124149424
492 8.459179504147663
494 9.100296140779477
496 8.764054047481466
498 9.573273649039233
500 9.18580528023078
502 10.010439481586708
504 8.978224209944479
506 9.071129378018954
508 9.91264420663132
510 8.507820593724684
512 8.59444660085396
514 8.350090567644102
516 8.03202014847103
518 10.178275678851218
520 8.46215116238295
522 8.581658915669749
524 9.837487255358148
526 9.380988188138938
528 8.726968587038249
530 9.225716740915269
532 10.14029627742383
534 9.864153086167192
536 9.330099811900828
538 9.519885061836506
540 9.93969370963187
542 9.335644721811404
544 9.443953182921177
546 9.727543876197686
548 9.209412471160778
550 8.621885506271884
552 9.237497402165705
554 8.822206081343232
556 9.29665463006952
558 9.363774113216468
560 9.443569860955975
562 8.613776469784845
564 8.92794632453412
566 8.88978251171251
568 8.90472252732436
570 8.19465221922067
572 9.214602242889061
574 9.243555714019235
576 9.082487540957674
578 8.850829999897295
580 8.789767992520467
582 9.572269502400086
584 8.409641443838348
586 9.268812699809478
588 8.843830368659393
590 9.415128039090808
592 8.633616977864168
594 8.897071618592292
596 9.3792628397608
598 8.712765640916354
600 10.177412151725585
602 9.904046032496236
604 8.887204845913104
606 9.274104032197343
608 9.646732351542827
610 8.94880292676323
612 9.203679904885579
614 10.56675861040453
616 8.82806169121796
618 9.337390815563124
620 10.330499462007557
622 9.35208110769819
624 9.44060059689834
626 9.071392144105742
628 9.476928486016815
630 8.806329233587702
632 8.133863852331169
634 9.13431051791703
636 9.322341826763669
638 9.748233867610363
640 8.745388804150801
642 9.758206570117945
644 9.68206638728438
646 10.187676715543152
648 9.2728881619759
650 8.549358523215828
652 9.468627276241772
654 8.729687765335214
656 9.210665630764167
658 9.710813490073148
660 9.397911422832065
662 9.248162300793021
664 9.677409351254301
666 9.207535520140988
668 8.544291488899331
670 8.471142032382685
672 9.543184185811981
674 8.479469763180857
676 9.460390745969775
678 9.803725080073681
680 8.978807179300285
682 9.4382668514125
684 8.810253110751365
686 8.97437836907072
688 8.228211847956524
690 10.760976525564212
692 9.251281152042202
694 9.451850914598861
696 10.824999167218097
698 11.228276675746422
700 10.951851105321795
702 10.645405400174473
704 10.47723980176079
706 11.289943002537434
708 12.073837151122545
710 11.938042641464298
712 11.55067364492819
714 11.43965457661913
716 10.892915957365354
718 11.382918808622264
720 9.22134613719331
722 8.8888100583569
724 10.341535026490938
726 9.233572197689496
728 10.255657513399651
730 8.345795684972714
732 8.559972903843038
734 8.71034719640224
736 8.545766481831436
738 9.186562776558148
740 9.559394195711256
742 8.91819115264472
744 10.273589105494416
746 9.650328685485128
748 10.056359613841636
750 8.231050062528599
752 8.775686224295601
754 9.083206085305354
756 9.55917444519196
758 8.273897958262443
760 8.718636552101849
762 9.781497925487969
764 9.49629395967365
766 9.523388199091022
768 9.344388053054377
770 10.046497637624833
772 10.01736631886423
774 9.243540738248097
776 9.92086794409765
778 9.501579853122141
780 8.845171386372195
782 9.356030960405226
784 9.570419559032
786 8.720304232551001
788 8.772148023943974
790 9.271823661043902
792 9.652944403483865
794 9.731818485465066
796 10.026975192879556
798 10.147913584227796
800 10.274334529368787
802 10.302278375277279
804 10.085775443485689
806 8.870054322328762
808 8.965024311227431
810 9.764549250125308
812 9.752028624472345
814 8.861295872765547
816 9.878122356391875
818 9.807843333004358
820 9.469258734789358
822 10.742198628263372
824 9.98510089714482
826 8.897038622625796
828 8.747859543586907
830 9.239728918355464
832 8.662229480390032
834 9.183926266713438
836 11.128460200784977
838 9.165431842526433
840 9.836107301269564
842 9.7448155823663
844 9.181746517752762
846 9.468938749925767
848 8.931656266731624
850 8.860095080691117
852 8.587370715194654
854 9.181255235645532
856 9.768808926904073
858 8.561624082530402
860 9.220790645436772
862 10.28175816207316
864 8.993400717055513
866 10.796513580608373
868 9.135920664429959
870 11.870071609401156
872 10.688210722268693
874 9.134135450055165
876 9.726934222943216
878 10.51446379379057
880 9.549123658881898
882 9.897933946593904
884 9.215387055110552
886 9.776217906745497
888 9.22510535236647
890 8.551017867697817
892 10.165831364505774
894 9.713507418395288
896 10.411176776608102
898 9.269303127461464
900 8.94895000005902
902 11.074310260041718
904 9.594105607855733
906 9.12568933244515
908 8.807310725928097
910 9.424535037930069
912 9.572735729898929
914 9.475752513145967
916 9.076504724439456
918 10.402986086359162
920 9.408825957529585
922 10.040905136407137
924 9.303898094894238
926 8.481683636282028
928 8.177425892802129
930 10.24505198102979
932 10.24518260847087
934 10.697552682953537
936 9.87934382032
938 11.378493690226104
940 10.604153512771372
942 10.890803624569447
944 11.078658512036224
946 11.449952370891777
948 12.252198473404956
950 10.690503044319318
952 12.0197707069627
954 11.355291695118888
956 10.945107190344148
958 9.412731901882225
960 10.445925389008114
962 11.600445486001417
964 9.596845144364252
966 10.164087766293331
968 10.004272040976932
970 11.084518938376291
972 10.702667176003034
974 8.729907685414554
976 9.843726257105654
978 10.488304246950733
980 10.235080614098194
982 8.640160864290069
984 9.762665888238498
986 9.577765776300486
988 11.009041781466335
990 11.06499543739584
992 11.244163215140913
994 10.232960070073728
996 10.064895442870327
998 9.44475456472344
1000 11.027173463583297
1002 10.148919113267452
1004 10.705838069690424
1006 9.813180630351992
1008 8.700197447894343
1010 9.394575232489709
1012 8.454076968122633
1014 11.53875196561015
1016 9.007455457954821
1018 10.884553888635287
1020 9.094626831321381
1022 11.434350117515494
1024 10.071289766028977
1026 11.349544912214109
1028 10.77715135803765
1030 9.039043112387638
1032 9.90087953271164
1034 8.690988588279959
1036 8.388621252396936
1038 9.048937255509482
1040 9.550261560823273
1042 8.282250417168143
1044 9.27876851066428
1046 10.04400053742215
1048 8.730533110612344
1050 8.506230648117254
1052 9.79308937977456
1054 9.40270156397127
1056 10.084134402636519
1058 10.512991256649464
1060 9.708561952375286
1062 9.700904856214791
1064 10.812826579583879
1066 9.27944099814471
1068 9.640182669565535
1070 9.031468282397086
1072 8.389074064501667
1074 9.912355720308826
1076 8.953482549036025
1078 10.09984579561892
1080 10.335305631019363
1082 9.205161665991636
1084 8.476404417095617
1086 9.471690475578125
1088 9.201205531872713
1090 9.287217673203378
1092 9.57117177839207
1094 8.413592461996767
1096 9.613192482325433
1098 9.157436396916113
1100 8.568874489802825
1102 8.0584631680991
1104 8.819829284331595
1106 8.848338949414154
1108 10.499896101084786
1110 9.597613516771595
1112 10.385154839189507
1114 9.050579676828098
1116 8.049241339719948
1118 9.323959822907975
1120 10.630743748798594
1122 9.778054500619492
1124 9.799415363856934
1126 9.700743500523284
1128 8.889033544340545
1130 9.501164174920744
1132 9.162158002229573
1134 9.366144804223538
1136 9.690482841255081
1138 9.908355104604789
1140 9.549192774347034
1142 9.003447143261074
1144 8.164164071589846
1146 8.761335190701264
1148 9.130392038509356
1150 9.371964277548287
1152 9.363648130795248
1154 9.175329095332893
1156 9.813447808276255
1158 8.724088025195872
1160 8.554117066456596
1162 8.755223397503924
1164 10.647088627713536
1166 10.500759306277876
1168 10.80386268105973
1170 8.917357820672805
1172 9.274162625991845
1174 9.226592177199063
1176 9.541837156609182
1178 8.541827248199628
1180 9.685880542563325
1182 8.787545457270175
1184 9.274939766169883
1186 9.070286278631965
1188 9.861692936319823
1190 10.520219404886298
1192 10.974538860948536
1194 10.511275844790822
1196 9.830395158216692
1198 9.30434761888774
1200 10.070157262795018
1202 8.916845980129615
1204 11.148900554832727
1206 9.105925096653602
1208 9.380437596574472
1210 8.482181640012069
1212 10.659279775284077
1214 8.49367738627221
1216 8.659484644439184
1218 9.37002198337867
1220 10.028090380817035
1222 11.329882111707144
1224 9.066739869590407
1226 7.663892848212229
1228 10.106208136364684
1230 10.907806451774096
1232 9.349037206029442
1234 11.578622679028937
1236 8.739684282971995
1238 8.693391197146507
1240 10.438716769226765
1242 11.031670079311484
1244 10.524824914053461
1246 8.82923651050491
1248 10.408467144866528
1250 9.471399747530976
1252 9.363505338633129
1254 9.605838463176143
1256 9.900111155186334
1258 10.701765269756121
1260 10.214763645126192
1262 9.568413415215625
1264 9.70929948819839
1266 9.904069710131928
1268 8.675187350930955
1270 9.20231817014615
1272 10.783513932223595
1274 9.053289271359521
1276 10.255152948618816
1278 10.587244274163837
1280 10.67407598937685
1282 7.77607113953528
1284 9.219311747320248
1286 11.022431995913701
1288 8.399224675137758
1290 9.28727741238995
1292 10.923892159937582
1294 10.28352433318673
1296 8.262875048372585
1298 9.383756053918164
1300 8.30261290692005
1302 9.692225359002899
1304 9.922705758469775
1306 9.715677944055432
1308 9.419427444325885
1310 9.654529997470645
1312 10.06354660372639
1314 10.813452773120547
1316 9.020719890244841
1318 9.597838113865382
1320 8.835545434356916
1322 8.520028550364971
1324 8.498551116609784
1326 8.716911912474917
1328 8.830661812646706
1330 8.97018264125354
1332 8.754215997594986
1334 9.176279954654307
1336 10.06354584181382
1338 8.864870836379273
1340 10.459182992250659
1342 9.367077007534022
1344 8.750613542946011
1346 8.032111336656447
1348 9.696067493019358
1350 8.26355930925216
1352 9.786528846159843
1354 8.477795314302988
1356 8.886811474107423
1358 9.256688319144684
1360 9.66516093665324
1362 9.72134605694847
1364 8.952081002172694
1366 8.344802814987505
1368 9.928055869160179
1370 9.366665075809301
1372 10.141996741599282
1374 8.530822531787482
1376 8.89501565229784
1378 10.72806224237756
1380 10.387483504193819
1382 10.21289408467345
1384 9.863744688680816
1386 10.095280686776237
1388 9.343686652233707
1390 10.490943708856378
1392 9.540745148420097
1394 11.749632637028194
1396 9.114545070827942
1398 9.321753235809117
1400 10.493185804205668
1402 11.122205636264006
1404 9.047177218782554
1406 10.485963384185867
1408 8.911127757620521
1410 10.032678220468272
1412 10.504231557288657
1414 9.911758926687925
1416 8.781821310097838
1418 9.287548091967983
1420 8.544544335591793
1422 9.632379213156009
1424 9.190960130483106
1426 9.285112258323489
1428 8.627455565372518
1430 9.6997541202183
1432 8.612438656703688
1434 9.608937143702688
1436 10.3225813093287
1438 8.71681050511788
1440 9.633095046360275
1442 8.483314111096645
1444 8.920279301777873
1446 9.117238664705207
1448 8.273339404965274
1450 9.284914576026798
1452 10.312110017189735
1454 9.718077631516284
1456 10.854080532639895
1458 8.991444751887471
1460 8.361354787830418
1462 9.489006526547177
1464 9.970885045476692
1466 8.991965254370413
1468 8.995267372764012
1470 8.866572451138914
1472 8.71617661640832
1474 8.333795116828489
1476 9.415893434181566
1478 10.150393745790682
1480 9.393683184500478
1482 9.500956652531313
1484 11.524226660743135
1486 9.329289161944423
1488 10.545382701719301
1490 9.581456100089625
1492 9.74113881811057
1494 9.406448606065512
1496 8.999334363270307
1498 10.328402585569005
1500 10.204333363976374
1502 8.414125639563956
1504 9.00831450046542
1506 9.078069686391725
1508 8.764145980468093
1510 8.810961436405787
1512 11.135288081948351
1514 8.78500687401413
1516 10.86932279286609
1518 7.868299066524308
1520 9.58033585376101
1522 9.597058075106242
1524 9.626112935035293
1526 9.656625863062029
1528 8.296783059171675
1530 9.00360624331114
1532 8.907666239167785
1534 7.864561129851938
1536 9.33702401169995
1538 10.88320568640456
1540 8.357300439860925
1542 9.799864408846707
1544 10.727110941830574
1546 9.636560021623403
1548 8.126823506314178
1550 7.536693972787471
1552 9.509862188551448
1554 9.909880988891764
1556 9.709875816239041
1558 8.391951895855584
1560 10.015074395424712
1562 8.941820254962336
1564 9.597698334068749
1566 7.2105520960366
1568 9.023311075618714
1570 9.497470616644756
1572 8.196683719966055
1574 9.338633299990214
1576 10.249027810046398
1578 9.50318853736776
1580 10.17673967385698
1582 10.719006467727983
1584 9.656681460324872
1586 8.812964118849843
1588 8.723088901331982
1590 10.066686997233196
1592 12.108977952918352
1594 11.20144329308891
1596 8.298096337475418
1598 10.576359789277372
1600 9.555721478574194
1602 11.886993524748275
1604 9.714120801725075
1606 9.143304461717955
1608 8.523754100884503
1610 9.12373018274917
1612 8.769186362586005
1614 12.148463246306834
1616 10.769508070910742
1618 9.94231704325007
1620 9.80404744176185
1622 8.214832403297311
1624 9.49964339637572
1626 9.084741259321266
1628 8.793807138611818
1630 8.915590798684017
1632 9.692411194625853
1634 8.86097483488569
1636 10.052822589837525
1638 7.8768103294951795
1640 8.816269921688367
1642 9.500338104336286
1644 9.038347440421632
1646 9.855324732957481
1648 9.955054131081571
1650 10.219311710779373
1652 9.947317090268744
1654 9.720554641945098
1656 8.973820704265002
1658 11.026082659582332
1660 9.911293933360978
1662 9.756368310053421
1664 9.895274031104192
1666 10.525682196976334
1668 9.763480810236027
1670 9.138340797997053
1672 10.571353141335658
1674 9.149834100106297
1676 9.000162763695279
1678 9.568490016205645
1680 9.80313229977891
1682 9.519315439826673
1684 10.563216941856737
1686 10.352414093804676
1688 9.525484795516254
1690 8.611854768145838
1692 8.792670168954542
1694 8.70954603727599
1696 9.058201282635029
1698 10.690629782046171
1700 10.637109584438743
1702 10.199887163924041
1704 9.647892261292524
1706 8.963007169585591
1708 10.248192214167517
1710 9.981307420273009
1712 10.922424810128932
1714 10.06121965587861
1716 8.962153698734502
1718 9.079759231939208
1720 8.84685939223787
1722 10.423317246713827
1724 9.229484953397282
1726 10.097056046296299
1728 9.24011442138564
1730 9.330497056944118
1732 11.406250352098613
1734 10.762085361554155
1736 9.814691592564737
1738 10.013102843692552
1740 12.607841483627352
1742 9.669738121867727
1744 10.298255337407614
1746 9.148303303818633
1748 9.978542456600268
1750 9.047806983588224
1752 8.754174416668802
1754 9.644701341404636
1756 8.762269976461694
1758 9.393745273125425
1760 8.731561336140059
1762 8.4792280939886
1764 8.079337060002906
1766 9.87714830796895
1768 10.662592967378224
1770 9.075885388947189
1772 8.50207530925528
1774 8.896886383278538
1776 10.380234688110646
1778 9.371807161066297
1780 9.241263192766537
1782 11.215600383334332
1784 10.334218268800816
1786 9.452821652386067
1788 9.283471829361806
1790 8.348901315376422
1792 9.142616698075319
1794 8.644304396806442
1796 10.966120760687648
1798 9.293571811757275
1800 9.263272556555679
1802 8.225049665037487
1804 11.112078073463906
1806 10.725851003466108
1808 9.608541537154457
1810 10.60288144948246
1812 11.193255541201724
1814 9.023128922281648
1816 10.37560368146211
1818 10.65207427865636
1820 9.158722653018918
1822 8.998241030235725
1824 10.330017263836048
1826 9.04978992939207
1828 9.84066273109345
1830 8.21665510633606
1832 8.6474793831894
1834 10.553398049649072
1836 10.265091588596222
1838 9.999572772248268
1840 8.682326747013915
1842 6.744143337317187
1844 9.118076978025595
1846 7.861793583668355
1848 8.86112792678413
1850 10.257955699508518
1852 12.145143302366089
1854 12.150579005383007
1856 11.128145550576445
1858 13.49098768980824
1860 9.835488954857924
1862 11.149212819595453
1864 10.197974826008522
1866 9.793167286143712
1868 9.12031416167985
1870 8.74645049919519
1872 11.05126965301447
1874 10.007758967462136
1876 9.734748943837907
1878 10.713237721989106
1880 10.396869587081133
1882 9.849196319944571
1884 9.346234208397343
1886 9.15279389998305
1888 9.706093972923426
1890 10.770479771121536
1892 10.6935619360109
1894 10.588306647368167
1896 10.131598690070325
1898 10.642214894476183
1900 8.491108735100406
1902 9.715340970705396
1904 9.191360787977313
1906 10.689669858656792
1908 10.854922954300699
1910 8.709340336696135
1912 7.850673295229018
1914 9.747769011206806
1916 8.42988698429049
1918 8.640794387966578
1920 9.821761210704747
1922 9.377579195181228
1924 8.785684363645577
1926 8.259425927966738
1928 11.051169864368456
1930 10.298451033776923
1932 8.56319103247023
1934 9.553974402305832
1936 7.735768837870164
1938 7.89606011838116
1940 8.051649283403645
1942 8.266417011846125
1944 8.506546563085246
1946 7.464915715415404
1948 7.706431620664658
1950 8.8515845121935
1952 8.343318366498837
1954 7.734267207071906
1956 8.318664556218103
1958 9.038246373930578
1960 8.34229368344015
1962 8.889226062677702
1964 8.293989411476264
1966 8.92118340104907
1968 10.251586378198411
1970 9.152724553272375
1972 9.923800444633574
1974 10.32913144118901
1976 9.580203306713793
1978 8.816244725690968
1980 9.342653583247978
1982 9.449850818567981
1984 10.007107135078805
1986 9.05285827214754
1988 10.499693197076649
1990 8.852706164051067
1992 10.162956905967565
1994 10.301265643832469
1996 10.79522542431697
1998 10.549284087999297
2000 10.123330306060202
