0 9.193988130785717
2 9.667396077106664
4 8.853386937906244
6 8.619871381257
8 10.275316390987491
10 9.151577033546886
12 9.594300150274409
14 10.58266753981818
16 9.895833229889536
18 10.161071236673944
20 10.86294385966139
22 9.942667437808193
24 10.77912721883904
26 9.565849593660019
28 10.29132788272957
30 9.348824155261577
32 10.43546746735532
34 9.5543622862264
36 10.586564784518918
38 9.683904179550902
40 8.303576749130185
42 10.643057918965772
44 9.576348436191903
46 10.658192608114595
48 9.531202767238732
50 9.661275729346011
52 8.776226446537246
54 8.755236777304258
56 9.504540053815132
58 9.565133432197872
60 9.146222937960387
62 11.030161301513887
64 10.039608164585914
66 9.118228265764676
68 9.318023508739072
70 9.643557097232494
72 10.23540995244473
74 10.436967294076993
76 9.360702617393416
78 9.676375848460662
80 9.529362472553636
82 9.92018200092273
84 12.005917269209686
86 11.48514189085118
88 11.541908795454262
90 9.522178202930656
92 10.251030541992458
94 8.523088280544663
96 8.99458583860227
98 9.251841282379926
100 10.717100476666422
102 9.309488212376394
104 10.155117486744935
106 10.027169513608493
108 9.870531329200988
110 9.82999347551765
112 9.703245221181866
114 10.896041239982663
116 9.28474132895107
118 8.869380654923248
120 9.652431629635297
122 9.083680997343887
124 10.06695782710161
126 8.840256344638604
128 9.167617108194063
130 9.536351095254961
132 10.39987550338198
134 11.076018549740022
136 11.009615759805952
138 10.80271786322646
140 9.20833877111529
142 9.100969876094362
144 11.757376186622633
146 10.908509336853832
148 11.24804993190333
150 10.335699012568842
152 10.762402963733692
154 10.007288487392817
156 11.662675615074168
158 10.526958808187551
160 9.474406685569411
162 9.596394829602781
164 9.639071640968433
166 9.603024521586185
168 9.148499029070445
170 8.843870182280938
172 9.881055557452084
174 8.08620965122151
176 9.716114105723593
178 11.357611589667178
180 9.651948700689783
182 11.543415284563876
184 10.021841276111505
186 9.262328115498622
188 9.996461581928084
190 10.087723062803066
192 10.740488614527361
194 10.822149829906786
196 9.734215072861726
198 10.875386265702607
200 10.412589906964095
202 11.184540985472283
204 10.768768785920557
206 10.11311015208743
208 11.262243775162668
210 10.323513756140239
212 10.983959527456932
214 10.563803016315939
216 11.708533098844603
218 11.607279542814041
220 10.671590560300084
222 11.534265127335694
224 10.14484220770663
226 10.622446508707789
228 10.698287875089019
230 10.159443720212154
232 8.880044379596471
234 11.277136551236104
236 9.763291519335938
238 10.877233880940278
240 10.230591659367553
242 9.171403363421597
244 9.401755288372783
246 9.58910128522954
248 9.902475695620346
250 9.961943022479778
252 9.091345313373521
254 10.689648257573166
256 11.499935247887189
258 11.283681547381066
260 10.56251137088317
262 10.330890616392077
264 11.634778764997614
266 10.740317963452474
268 10.822796527821973
270 10.91329945883694
272 11.11660955350619
274 11.229980813857752
276 11.70841683857834
278 11.456517571805863
280 10.369203557450906
282 11.136282307139371
284 10.99312704873428
286 10.827055672139206
288 11.532749077377964
290 11.373008721816586
292 11.141820891228953
294 11.413574493869737
296 10.137714479638392
298 10.91039426041047
300 10.896910891344714
302 11.03595360836196
304 10.835226994607563
306 10.977057005655686
308 10.986216572494545
310 11.242935958190952
312 10.032160343722998
314 10.330178736040374
316 9.929914919826448
318 11.129061299487635
320 9.902128773557466
322 10.973611792851763
324 10.512328243496997
326 10.525845801360168
328 11.360895356099407
330 10.205102996981235
332 10.685697749289591
334 10.98169093551962
336 10.816759486041637
338 10.459981575068976
340 11.199799316790404
342 10.347302272224947
344 10.349827913052488
346 10.855825626670915
348 10.819146082779689
350 10.764734496919239
352 10.544324372716892
354 11.428291088923423
356 10.031067040722549
358 10.177140855667739
360 10.218203340930568
362 11.016447124686529
364 10.105051884283043
366 9.853485665527455
368 10.628966320233522
370 10.817379468510488
372 11.46739963205734
374 10.692186388295141
376 10.812352214885477
378 10.835462433546425
380 10.226873450680943
382 10.78123743205908
384 9.832322283516175
386 9.21009397941824
388 10.507748559003096
390 9.329257073135016
392 10.656674412774112
394 10.357803861639836
396 10.466285501074893
398 10.613706202388723
400 10.89322733379489
402 10.714455630047828
404 10.515503367787822
406 10.162352011268093
408 10.03362355461824
410 9.423317494264095
412 10.166632542825898
414 10.680538994265897
416 10.946350706360422
418 9.675810742550457
420 9.710126766867182
422 9.705555382026287
424 9.779629817583587
426 11.47916495552667
428 12.404434471664889
430 10.716735995134993
432 11.399969081905523
434 11.168123043766089
436 10.304515761288092
438 9.543507879140162
440 10.698343725913615
442 12.549297946218047
444 11.207346181367548
446 10.679186900189832
448 10.914398957161698
450 11.697097708140285
452 11.52181335509111
454 12.127939517131768
456 11.01760201535522
458 11.47602570780847
460 11.056698841427684
462 11.320901290819325
464 11.448393459840071
466 11.016009530358287
468 11.198864269166766
470 11.599461672164153
472 11.168037053560768
474 9.917938607370042
476 10.557254023580999
478 11.338077879862263
480 12.870754314334047
482 10.728860407714343
484 10.828700778913174
486 10.999409939287995
488 10.953483542747545
490 11.17641172144811
492 10.956530734171965
494 10.554419939305198
496 9.86566742176169
498 10.538016822025616
500 9.67744187531076
502 11.239548143692087
504 10.920282521209295
506 9.83297590068732
508 10.134154122225404
510 9.899228869991973
512 9.893210420322951
514 10.16638196956504
516 10.232774532841843
518 10.194790438624462
520 9.69371536597115
522 10.059876139734852
524 10.120857687635077
526 9.438584938999089
528 10.308317187937707
530 10.581708326967384
532 10.666319405187227
534 9.914241545924673
536 10.355159930327135
538 10.173765369542998
540 9.995459516687001
542 10.404197098030185
544 10.024858620577625
546 9.769424265025982
548 10.316017441676918
550 10.189629877350754
552 10.769908767923289
554 9.9974936184006
556 10.718071854405325
558 10.433487920069178
560 9.636126780245055
562 9.740154650518157
564 10.656951124754727
566 10.358964753438595
568 10.371840052304906
570 11.011220548437716
572 11.277221130702532
574 10.207945067387715
576 10.63101476812294
578 10.396626309388726
580 10.762835173490007
582 9.932955726906544
584 10.129375764041468
586 10.574255907653573
588 10.540917801103783
590 9.79458395012169
592 10.376097153787518
594 10.939775007821694
596 10.767747953213844
598 10.662421024082613
600 10.211707293635309
602 10.876441310462154
604 10.980832340959385
606 10.303480133556404
608 10.55664525237057
610 10.133364412197981
612 10.928683507435746
614 9.672845026579203
616 10.128025687239365
618 10.528558909171483
620 10.459871088696394
622 9.949919156923457
624 9.785654035493147
626 10.554708196167747
628 9.706672891404025
630 9.902451273459121
632 10.188175465290632
634 10.47940378458793
636 10.27294463795397
638 11.1046857153385
640 10.094951907871323
642 10.209612270545374
644 10.301875149598187
646 9.987480691485954
648 9.833150805353196
650 9.451137071455571
652 10.468223031574732
654 9.280274033612287
656 9.273967071350754
658 11.412653464751102
660 10.947093901698512
662 10.635194883156615
664 10.09529720660841
666 10.622727095473131
668 11.762417167288785
670 9.815346881260078
672 9.571933649045988
674 10.049924111151336
676 10.56171033967127
678 10.155002742226602
680 9.819193252398666
682 10.51221137363117
684 9.853179087733531
686 10.096366659075162
688 10.435155577366448
690 10.826247667126763
692 10.696607721233638
694 10.828691573494158
696 10.328070721904314
698 10.956772409209417
700 9.182078768001318
702 11.77927760346145
704 9.592130097237696
706 11.482584266219723
708 9.937210577671665
710 10.49302366508601
712 9.98094685407174
714 11.087099835286045
716 10.14034343221273
718 10.961694793815372
720 11.464072221168685
722 11.796988588547714
724 10.347539024091894
726 10.43536279170169
728 10.940135977283665
730 10.88893913601778
732 11.987784002956305
734 12.014093054214559
736 10.441274742262795
738 11.563017648359018
740 11.698149844484123
742 11.57221565152798
744 10.224252370798006
746 10.520523605082643
748 10.492423201293471
750 10.97088507615864
752 12.289333260487357
754 10.620078428737573
756 10.280544397804983
758 10.329729452665559
760 10.766428815578731
762 10.852601428398943
764 10.763816712758025
766 11.675340542193409
768 10.531978281805943
770 11.191215511027776
772 10.731309213255525
774 11.923086490296452
776 10.822297511404903
778 12.585333785858309
780 11.454017192985951
782 12.127955451108791
784 11.320365941096535
786 11.530216083604474
788 10.851717237862262
790 10.15233754268405
792 11.483655389075423
794 9.89596377189264
796 10.435833423566597
798 11.33601848211746
800 10.730360754088194
802 10.841970838602546
804 9.689732548633035
806 9.189802920748404
808 10.214346625093988
810 10.697772926799178
812 10.270155040015375
814 11.360692241427115
816 11.917930445644007
818 10.996420426710683
820 9.241986389337734
822 9.47906462227951
824 13.053162701525194
826 12.57700022727786
828 11.281228843473512
830 11.007547896482698
832 12.138677401950918
834 11.383401976207463
836 11.37265932492836
838 11.21968725656345
840 11.369892355648318
842 11.04017930369078
844 10.350041359050149
846 12.47173910316186
848 12.040759748653551
850 11.39614640699733
852 11.391900701781049
854 9.982001568328457
856 10.425421464556381
858 10.544792080491824
860 10.36790079380373
862 10.42886534125716
864 9.303046133635068
866 10.585054896618155
868 10.125875792201178
870 10.165670719116616
872 10.054663975062384
874 10.575731415690338
876 10.15649186010556
878 10.820558051141305
880 10.374459362682847
882 10.481898847174872
884 10.251853461487096
886 10.975921875491329
888 11.63921948887315
890 10.72736513834222
892 9.991239851347425
894 10.273800725816798
896 9.779215451159866
898 11.005185752460084
900 11.199618469007891
902 10.315985843744066
904 10.922334545559549
906 10.357093983180912
908 9.45726866860905
910 10.589416482647465
912 10.549273582293557
914 10.367950344606971
916 10.438610294266226
918 11.334372842518922
920 10.766187638940526
922 10.949483514469199
924 10.27235752819622
926 10.340046772958859
928 11.805897015200793
930 11.864924713303562
932 11.038123022384575
934 10.995537706024491
936 10.791809073490343
938 11.927937733141608
940 12.256120083385026
942 11.763775755244124
944 9.995385007483033
946 11.901805930171475
948 12.554628049022359
950 10.649652676795595
952 11.843894908878587
954 10.450337864727691
956 11.492597516694063
958 11.388247474838009
960 11.961082000276333
962 10.415241756774442
964 9.539012180589426
966 10.651260147548088
968 11.011716469992596
970 9.92380463458344
972 9.556214610881936
974 10.238636865488132
976 11.457282697337476
978 10.13134103829377
980 10.135707075901546
982 11.401337395908369
984 11.269215732427366
986 10.595241065676635
988 10.542587576474405
990 10.076703257282434
992 10.144340773628237
994 10.356694630206027
996 10.868419132051612
998 9.274610253224052
1000 11.289316173891573
1002 9.728399985827227
1004 11.40473026236323
1006 9.270796609539984
1008 10.212381586929324
1010 11.813913715937854
1012 10.316942872261134
1014 10.824897736734938
1016 10.780278352957165
1018 9.849339645328886
1020 10.018480406029802
1022 10.751659182519672
1024 10.697084893549425
1026 10.91740878428045
1028 11.111056820989486
1030 10.913233075704783
1032 9.62589297647628
1034 10.997082820194928
1036 10.295391125655208
1038 11.250717866096512
1040 10.359664287062085
1042 10.373774336371904
1044 10.519392293925355
1046 11.43085496002956
1048 9.818077770047491
1050 10.090830391777109
1052 11.49209337837484
1054 11.354598939806392
1056 10.765736142164716
1058 10.269466788204724
1060 10.79877016878451
1062 9.767446144258448
1064 12.577681846822122
1066 10.297894014332742
1068 10.627947020355547
1070 11.306854100330225
1072 10.45907535324745
1074 10.389247666293633
1076 10.624612293018737
1078 9.957540678784818
1080 10.580608351874538
1082 9.627925288840654
1084 10.483867438932425
1086 11.291944706955114
1088 10.610663615192728
1090 10.33996653716133
1092 9.497644998117448
1094 11.097463928571008
1096 11.367347088657022
1098 10.313728007495618
1100 10.326809335818774
1102 10.651592284188306
1104 10.57361374244854
1106 9.910204530948583
1108 10.826268405668262
1110 11.367085701060676
1112 11.034672057138884
1114 11.019677036495317
1116 10.585824521424017
1118 11.322064600060413
1120 9.872053975793204
1122 9.17576861463445
1124 10.076065141966279
1126 10.194875757536222
1128 9.920807424110775
1130 10.048252178287443
1132 10.201740680945727
1134 10.477758970234708
1136 9.851306905887753
1138 11.185799498141861
1140 11.789251045595504
1142 11.091444497177976
1144 11.060362821843244
1146 11.322003949185182
1148 12.06998795958472
1150 11.357136358730733
1152 11.046224396839243
1154 11.175928906367831
1156 11.398075490366669
1158 10.365652485035662
1160 11.039486707012088
1162 10.75036686159033
1164 12.355431269212104
1166 12.24585671496101
1168 11.59831536682072
1170 10.476279569784934
1172 10.052282863683015
1174 10.371006960859841
1176 10.318031915587953
1178 10.444911174333964
1180 10.335153795934353
1182 11.43085839680449
1184 10.638369116597028
1186 9.346085558398368
1188 10.629325138181105
1190 10.795124828190946
1192 10.28593524395942
1194 10.483106764182
1196 10.369270522413691
1198 10.485316012693538
1200 10.975909795153315
1202 10.29148881290458
1204 10.522754404333025
1206 11.735098069590391
1208 12.829435262286424
1210 10.339597652741976
1212 10.858902919990078
1214 10.4846853562838
1216 10.917994609764392
1218 9.791844172194573
1220 10.847652282421569
1222 10.613737117848078
1224 11.406164897214303
1226 11.04091424833161
1228 10.660605037332502
1230 10.762517676220885
1232 10.673639073978803
1234 10.922754866940899
1236 11.199969227069468
1238 11.05049311550247
1240 9.609233649240839
1242 11.466021704819983
1244 10.341072915526054
1246 11.87425271060673
1248 12.060214323353353
1250 11.50275455000192
1252 10.842902485120243
1254 11.568882824929402
1256 10.973676853791407
1258 10.90278128628821
1260 10.753064387680773
1262 11.322222483262022
1264 11.147434497143243
1266 11.136516284660804
1268 11.552648325177014
1270 11.69428680789877
1272 11.6336675941817
1274 12.101980955535897
1276 10.520170926644449
1278 11.715905383915295
1280 11.63519587031907
1282 11.670087699921535
1284 11.059923759874666
1286 11.316517324760165
1288 12.125271023270502
1290 11.733120999700457
1292 11.82638368230106
1294 11.240414062150931
1296 11.068560552975915
1298 10.280962930254049
1300 10.521921651572447
1302 10.960496726929184
1304 10.222862748977706
1306 11.06150776634799
1308 9.275461817677352
1310 11.742976414629593
1312 10.440351317476248
1314 10.37292388101783
1316 11.481084513196288
1318 10.649831691223332
1320 11.620240083930982
1322 11.084709686904908
1324 11.301473361216999
1326 10.64887695409206
1328 10.709036587109313
1330 10.556120862263318
1332 8.688643416219062
1334 9.896561709665859
1336 10.748062955710246
1338 11.821558306840046
1340 9.790798172957055
1342 10.711506165671016
1344 10.983359702314301
1346 10.493018341325701
1348 10.448356419739929
1350 9.578552288659218
1352 7.984162371803509
1354 10.247797893096457
1356 10.511395569691778
1358 10.387893974977064
1360 9.655019464857233
1362 11.850086816655699
1364 11.589035621264616
1366 9.943694490157627
1368 10.046863959826732
1370 8.815537215214688
1372 9.864199817995596
1374 10.805222235168998
1376 10.684164282640939
1378 9.516231540158298
1380 10.510555577426388
1382 9.859659882536034
1384 10.770345230733032
1386 10.042558457747157
1388 10.280680291198857
1390 11.141998048825847
1392 10.480565278047496
1394 9.462482052583628
1396 11.786332550266343
1398 11.359442336943667
1400 11.03859769235876
1402 10.557171090686603
1404 9.66831046334403
1406 10.306809615232643
1408 10.258498281596166
1410 10.82783545535866
1412 10.467667121583192
1414 11.11421903144611
1416 12.210800241655914
1418 11.864722152525225
1420 11.23135967770722
1422 10.833419867380556
1424 9.801609981096695
1426 12.086345629828832
1428 11.375352898728936
1430 9.996097849807056
1432 10.290777586983243
1434 11.342152594468246
1436 11.964435303846841
1438 12.07504647913184
1440 11.502351180442348
1442 11.511368513505795
1444 11.79876375013809
1446 11.811498267917498
1448 11.479266991958465
1450 11.370016937914881
1452 10.100483896581567
1454 11.517104229429556
1456 10.915394801692482
1458 10.538896739919087
1460 11.609475153085148
1462 11.844811288823538
1464 10.960262212755628
1466 11.660009225675402
1468 10.810505206841688
1470 10.2072558594463
1472 11.04295694391753
1474 10.125253012732175
1476 11.458714985329458
1478 11.12088982514796
1480 10.022920177369047
1482 10.584840492918824
1484 10.438939979204685
1486 10.436946022621656
1488 10.151576853070193
1490 10.931230952270484
1492 10.7462063817487
1494 9.290794678244849
1496 10.72850964722377
1498 10.15302959189131
1500 10.49562493022109
1502 10.858815565065461
1504 12.179508275722581
1506 10.519376722954727
1508 10.447397832288358
1510 11.00302729894127
1512 11.53256110379801
1514 10.6140019943569
1516 12.999140580630092
1518 11.576553943051179
1520 11.309191837059148
1522 10.430315789835058
1524 12.409764059993732
1526 12.458485449872
1528 11.038277066729012
1530 11.809389894703372
1532 11.61157502734456
1534 10.138685717761676
1536 9.5958587472133
1538 9.734575471015807
1540 11.291020988746578
1542 10.426167089332683
1544 10.30002599324084
1546 10.30669675611512
1548 11.120696344873176
1550 10.881223861357853
1552 11.944854518798405
1554 11.279210516717209
1556 10.874456163444698
1558 11.191016504177215
1560 11.97862830077517
1562 11.21123053896389
1564 11.314616304602927
1566 10.174516741555921
1568 10.057504884638456
1570 10.514259647094999
1572 10.977734461735755
1574 11.035187420864304
1576 10.827991020715528
1578 11.862485029982247
1580 12.761692671009632
1582 11.520217807354179
1584 10.615142934001993
1586 11.654556640939003
1588 10.357185940710242
1590 11.39832536223054
1592 12.223750655855145
1594 11.19709892166167
1596 10.521995097365146
1598 12.251535757780706
1600 9.672359998946918
1602 11.44561934369788
1604 10.27654536314861
1606 9.82351391420969
1608 10.680483162059193
1610 10.564886242336437
1612 10.561598608510675
1614 9.968033804359175
1616 10.872569747425715
1618 9.837756778306684
1620 10.946033665071733
1622 11.309142853144703
1624 11.253483985005218
1626 11.310883876220952
1628 11.304569070897571
1630 12.34832658236685
1632 12.28214149341802
1634 12.442224585285066
1636 10.49412943274933
1638 11.307249926634249
1640 11.522886110750807
1642 11.665176305770887
1644 11.538869331815814
1646 10.944949087811363
1648 11.54629136190434
1650 12.29567542816208
1652 11.201983254453836
1654 11.371933681889345
1656 11.134275825155392
1658 10.946955602491187
1660 11.525853563988688
1662 10.490739623438444
1664 10.441633595369131
1666 10.975713709958871
1668 10.310862734024717
1670 11.12299216953934
1672 12.687607244398977
1674 10.832809636661436
1676 11.189428993096138
1678 11.188067248135393
1680 11.514075988190873
1682 10.842514875569185
1684 10.596434699113804
1686 10.967384988406229
1688 10.291272758759119
1690 11.700745711862945
1692 12.199300447015071
1694 11.383047368301522
1696 11.34541827517483
1698 12.016320380767603
1700 10.566481403965073
1702 11.332699235689889
1704 11.845946801647036
1706 10.829341118972282
1708 11.279394706287869
1710 11.375451578220412
1712 10.96463730601569
1714 10.941768071268486
1716 11.038930781188084
1718 11.401781542327699
1720 11.676652569215577
1722 11.205611107304286
1724 11.202804102415326
1726 11.531774027145175
1728 10.993245123363746
1730 10.492995639426674
1732 10.795180143238959
1734 10.915830381771771
1736 9.630320173515129
1738 10.406276050435814
1740 9.997066336956157
1742 10.200563571997357
1744 11.325481774068036
1746 10.313039299643448
1748 10.573483442067403
1750 10.435466804687836
1752 10.44024244297529
1754 11.468597826609257
1756 9.681281649023077
1758 10.94462040689187
1760 10.722796944098414
1762 12.384520317218074
1764 11.640014335651722
1766 11.958230179705255
1768 10.93487577559402
1770 11.482145551033177
1772 11.794864164304858
1774 13.194436722763772
1776 13.623847207676418
1778 11.617836828537085
1780 12.495611285722703
1782 10.979700227687452
1784 12.924275716951003
1786 12.129358770997023
1788 11.39974506749093
1790 12.166841067079309
1792 11.626569742652872
1794 12.222684274099311
1796 11.365138551648274
1798 10.153320959548902
1800 10.294787836469313
1802 10.4029536158316
1804 10.864740480087152
1806 11.213271019392934
1808 10.913245721776429
1810 10.813739505702213
1812 10.905266726531076
1814 10.630711519216149
1816 11.043270076530126
1818 11.854831624412046
1820 13.135906330815448
1822 11.713327465748359
1824 9.560137616052247
1826 10.319045645775448
1828 9.938767466594625
1830 9.845919748166516
1832 9.7868025860574
1834 10.636217371070682
1836 8.630779689962846
1838 9.01375236895363
1840 10.348077874871102
1842 11.516640678528827
1844 10.342240320110031
1846 9.676616742986251
1848 11.37495034786393
1850 10.39433498206065
1852 9.209806577496657
1854 10.800043186527796
1856 10.709012104138996
1858 10.750128711875337
1860 9.50389958384714
1862 9.004306361773153
1864 10.01421228062178
1866 11.369115521630349
1868 9.262990930397295
1870 11.399949906625515
1872 10.755201620698779
1874 10.723369197611412
1876 10.41958851153921
1878 10.132587327335182
1880 10.27289102961519
1882 10.160357659422923
1884 10.02252477790179
1886 10.174631196413484
1888 10.118388521558673
1890 9.708691356096052
1892 10.152299518951427
1894 10.084251797430678
1896 11.252780074794245
1898 11.521720292340813
1900 11.047036959012123
1902 11.411296924170289
1904 9.666982524193745
1906 11.778670496892696
1908 10.819711313404117
1910 10.373801093495391
1912 10.206065126326264
1914 10.650169342848564
1916 10.034727951038358
1918 10.09463957870646
1920 10.291318166402174
1922 10.062451249096014
1924 11.275701158197387
1926 11.75789449748231
1928 10.657595623037102
1930 10.111150089286387
1932 10.148799850396282
1934 10.174431386896144
1936 10.991739122211895
1938 9.020323137471577
1940 10.077000525931785
1942 9.595563836005047
1944 9.660466584494714
1946 9.35283570952744
1948 10.113331750191223
1950 11.81739889736224
1952 10.82231807225412
1954 10.6546310173352
1956 10.325624670755952
1958 9.44850803187603
1960 9.939668623930517
1962 11.497776727601924
1964 11.705153302571365
1966 10.518282277381784
1968 11.245200221212832
1970 11.703685229681414
1972 11.273505465297635
1974 11.31182926350647
1976 12.019455623899217
1978 11.229901540296945
1980 11.449923391562544
1982 10.825471027517425
1984 10.272419849200455
1986 9.455784544206393
1988 10.045285608268351
1990 11.205379569059557
1992 10.88207803992758
1994 10.957302423123478
1996 10.68272734746929
1998 10.688716765019079
2000 11.34909951288862
