0 10.352254063870957
2 9.826692326522673
4 10.458234711407366
6 10.446483707477325
8 10.068021004258936
10 10.346965204374076
12 11.003332299994964
14 10.153468190245832
16 10.341560674536902
18 10.193688458115457
20 10.574352717509877
22 10.746993232997236
24 10.79927021584477
26 10.220065527784376
28 10.049534739187639
30 10.064917510334093
32 10.69326340396591
34 10.090347731378115
36 10.493359756567015
38 10.059867469113026
40 11.139792379916502
42 10.423941091654427
44 9.917229119292681
46 10.787063217360576
48 10.419845503177045
50 10.40120460899261
52 9.927837299967585
54 10.190176760533374
56 10.170822341965529
58 10.538406490196156
60 10.42765008277599
62 10.50469429105252
64 9.89861937850953
66 10.383614096515725
68 10.25591292359191
70 10.509890440743742
72 10.312572321011103
74 9.973278535233863
76 10.163157929887888
78 10.077802823399526
80 9.218092654662899
82 10.356565089847745
84 10.483326988652461
86 10.3402994947072
88 10.651370307843957
90 9.9854350257075
92 11.228829845632527
94 10.040958415943035
96 9.905063084149024
98 9.618863384331888
100 10.363094635290125
102 10.16408092331914
104 10.24972602411114
106 9.578058304224358
108 9.692567921802812
110 10.112412179611473
112 10.765413115603176
114 10.025645183858332
116 10.633096677183719
118 10.364415392144558
120 10.007190463875776
122 10.720316864569966
124 10.193637900370659
126 10.27508581061875
128 10.446225601102084
130 10.119181790353384
132 10.786559624096059
134 10.12907782285863
136 10.422161429901328
138 10.332600505646745
140 9.924429596085954
142 10.347263605590545
144 10.679877182044685
146 10.31859276218558
148 10.685171255508795
150 9.791967351327008
152 10.486127925780158
154 10.633502796926297
156 10.444702138055119
158 10.449543965442073
160 10.323806536772738
162 10.159358163220393
164 10.020368690032528
166 10.087427241899936
168 10.162309405165242
170 10.439243517542012
172 9.929904947585461
174 10.142976600108302
176 10.212467065169358
178 10.286889412579246
180 10.241390323132403
182 10.326594323568182
184 10.222382702865673
186 10.404043093104194
188 10.44449659917986
190 10.105303741528502
192 10.308800662833436
194 10.142892579496522
196 10.417768875801627
198 10.242086997147617
200 10.753963104873003
202 9.833191561268396
204 10.536059503713943
206 10.32792228195991
208 10.410223349634327
210 10.150265724352831
212 10.370619621639998
214 10.452714605932117
216 10.319130341904291
218 10.17939991529725
220 10.210614476411017
222 10.402396902152304
224 10.801789086399143
226 10.469178116833664
228 10.411205357551848
230 10.693781207152082
232 10.353977919553587
234 10.065769816416191
236 10.149787445700216
238 10.705573832828486
240 10.969934499124696
242 10.53517628353136
244 10.291087581304811
246 11.009489924701988
248 10.80857552147815
250 10.762512704950227
252 10.324963847030089
254 10.34615758483035
256 10.700207159587055
258 10.666041875026254
260 10.483483491520015
262 10.68860299955213
264 10.138131576640475
266 11.056117184219005
268 10.150098533717822
270 10.238520910913623
272 10.728737098626716
274 10.234542264855744
276 10.867207134294842
278 10.855623266043581
280 10.337684963062047
282 10.422426737063613
284 10.301709047323882
286 10.454285445095557
288 10.684727961961444
290 10.062043907075214
292 10.538109114125588
294 10.010743610760667
296 10.684223734854774
298 10.193696812831167
300 10.441174384822217
302 10.681608044440065
304 10.150020682480873
306 10.889126600932169
308 9.873088862733578
310 10.085330635972701
312 10.230686784442865
314 10.287067274040997
316 10.328566249975811
318 10.090065601996624
320 10.615167170901222
322 10.474326942690746
324 10.520470989404723
326 10.335868104338516
328 10.339549773286581
330 10.463287058187863
332 10.424065986199723
334 10.195221186434262
336 10.43427363062838
338 10.486300077666064
340 10.84541167671078
342 10.854903249428729
344 10.519816420083973
346 10.492994708747155
348 10.670734608896938
350 10.71062700874516
352 10.09274445153507
354 9.952612149210202
356 10.129206142218894
358 10.338979917639332
360 10.397639305685463
362 9.948466402656555
364 10.458879856505996
366 10.444503844856184
368 10.656106433178133
370 10.785076673978708
372 10.898117147513998
374 10.853493766851576
376 10.58477058201757
378 10.104816748815699
380 10.475377573861875
382 10.840578922424365
384 10.442799352913342
386 10.35053006909294
388 10.17251414562706
390 10.377103013346083
392 10.389847773747599
394 10.936564785633346
396 10.628747811551882
398 10.073707787731369
400 10.574123850067599
402 10.493263423579828
404 10.369506442208774
406 10.353234233823933
408 10.26262257749225
410 9.81059055895763
412 10.380352972424975
414 10.420374967304756
416 10.456983649384659
418 10.654494931706845
420 10.515036287269863
422 10.491869562501444
424 10.213958967418412
426 10.693317892329434
428 10.323275225877152
430 10.416995183525614
432 10.431204550834703
434 10.000809702939453
436 10.481541161531306
438 10.353235503369266
440 10.731981561998662
442 10.505454221308367
444 10.762953777534628
446 10.714855205575267
448 10.598404268893258
450 10.524450917480078
452 10.489204297431096
454 10.945474355848997
456 10.72870724956584
458 10.82902497077393
460 10.742500513623408
462 10.316083393165053
464 10.55938177871267
466 10.439770964818019
468 10.427150415321194
470 10.948555353055333
472 9.89370058230064
474 10.635090043264716
476 10.536386911635686
478 10.509789373757666
480 10.614519071178021
482 10.886417876293573
484 10.29960979841134
486 11.109139696766407
488 10.45088972766808
490 10.563533216733752
492 10.443419930103103
494 11.070180342531888
496 10.923892013268707
498 10.84540178651325
500 10.665325335888982
502 10.713581206092973
504 10.403032437075344
506 10.17000271507504
508 10.146646542556587
510 10.742280643064742
512 10.006868074217206
514 10.222880097319361
516 10.533187741911918
518 10.327461711044183
520 10.968266543612659
522 10.75389645017624
524 10.317260662508716
526 9.994036627065041
528 10.147100559069456
530 10.35626982503017
532 10.195027350240679
534 10.138614889495415
536 10.310847639879231
538 10.65665952922676
540 10.381223467277174
542 10.293227603185741
544 10.231704329204138
546 10.608042808886887
548 10.585757535950599
550 10.978317800324534
552 10.615558292552771
554 10.666626121287305
556 9.927788889902795
558 10.03401335940372
560 10.679563719451625
562 10.177041819118479
564 9.792629500258176
566 10.601297479074432
568 10.211880975986174
570 9.86665550080391
572 10.950345256783338
574 10.176808664543794
576 10.565322069495883
578 10.495456515011902
580 10.593681993590831
582 10.4844010268888
584 10.648023040815978
586 10.045510780789431
588 9.765212086271855
590 10.619434687914572
592 10.587036667167107
594 10.415772700148736
596 10.370125235499112
598 10.25612109413192
600 10.104952785682592
602 10.581487131584248
604 10.171456367395933
606 10.423184943624644
608 10.495812701508465
610 10.726541062832185
612 10.346638715782387
614 10.195516483831554
616 10.391305814456524
618 10.317146757313335
620 10.792164487489607
622 10.0938891356206
624 9.906950329826813
626 10.589767515750456
628 10.432918588343675
630 10.464649817983487
632 10.207481392560153
634 9.793105618625276
636 10.224174116810275
638 10.670755151774916
640 10.915541358906015
642 10.145088996328427
644 9.748793264980861
646 9.9234263224979
648 10.045791191971093
650 10.231329652173459
652 9.873673664579133
654 10.037370502489306
656 9.586476503095902
658 10.411592319454064
660 10.160446694836855
662 9.962062081434285
664 10.482935391575218
666 10.268522303579376
668 10.57965024575874
670 10.737302433847873
672 10.142122921797437
674 10.789594054272898
676 10.935072362286522
678 10.371996369032418
680 10.34128464884872
682 11.034222729043643
684 10.310089659723094
686 10.9069240034537
688 10.488204914178512
690 10.941926653603252
692 11.09934429397168
694 10.679807356910148
696 10.431506773686621
698 11.127071508498506
700 10.779702314468654
702 10.552335381361798
704 10.500483784314874
706 10.266783274532957
708 9.936793538790802
710 10.38836005213415
712 10.771140508734907
714 10.407653079972654
716 10.776141768785827
718 10.680584602215372
720 10.997548721744472
722 10.998766060444478
724 10.4112015689423
726 10.999119700495799
728 10.555436128384084
730 10.544932910025826
732 10.642213649657508
734 10.657262515763911
736 10.446726931571568
738 10.843339084548703
740 10.542620938652796
742 10.832940911654331
744 10.326411672966952
746 10.924243987091202
748 10.869261467210809
750 11.047510051252884
752 10.640513518139974
754 10.857191151817094
756 10.660697878384717
758 10.267598353962589
760 10.920749952675283
762 10.455869743114595
764 10.516708314198008
766 10.869252300644666
768 10.363729363314201
770 10.45803807022901
772 10.718565627970573
774 10.879286563428913
776 11.28265928481007
778 10.509224117542542
780 10.382815538880589
782 10.623881605892954
784 10.713093379179966
786 10.629456024463211
788 10.62842490440138
790 10.68781193064315
792 10.049385201092557
794 10.830892619573529
796 11.140798994960168
798 10.490473952010312
800 10.71702276734949
802 10.768648139747873
804 10.474076282064722
806 10.724765689310448
808 10.64256512977936
810 10.347100303288894
812 10.566048875949223
814 10.804342487036397
816 11.032062722917155
818 10.127505481563459
820 10.829640116255744
822 10.901330365951678
824 10.970306750509181
826 10.744841409388302
828 10.86770442359403
830 11.316821753029776
832 11.602835881559114
834 11.529882379683922
836 11.621162923902007
838 11.172512326391624
840 11.307999672437631
842 11.21895807525219
844 11.202315428496119
846 11.171480225765347
848 11.13089892025049
850 10.45726908174287
852 10.776361847600382
854 10.964517272259883
856 10.55877851791157
858 10.9244867535127
860 10.911767946769345
862 11.179972026976632
864 10.984113282025248
866 10.509202922356062
868 10.842311795614691
870 10.420777963896713
872 11.209302318413245
874 11.13339612396204
876 11.21650334126467
878 10.83983266582062
880 10.498226521432557
882 10.767976271152152
884 10.425085107546092
886 10.639499302320978
888 11.17080255916154
890 10.76010163553945
892 11.007102610571991
894 10.595717256040533
896 10.53315817630705
898 11.040969386737066
900 10.464862718115313
902 10.994698677602592
904 10.693670118489456
906 10.923646838017447
908 11.075913079437367
910 11.198845934948295
912 11.004089425117428
914 11.004116154093827
916 10.475898271962047
918 10.640547608360707
920 10.885870165344562
922 10.893515920559372
924 10.60035454499383
926 10.701628564414492
928 10.922793826751887
930 10.764130247060043
932 10.711571484135161
934 10.84121150239582
936 10.068783660440602
938 10.222685362195461
940 10.864389610227773
942 10.40031166783492
944 10.427950669408016
946 10.749316322625019
948 10.920862184520285
950 11.155378400062954
952 10.369984695292127
954 10.926917150244625
956 11.431756957646224
958 10.939137191645107
960 11.135684105800273
962 10.294399127073927
964 10.957603726693145
966 10.521762514890929
968 11.04529116342416
970 10.744067650523366
972 10.569140171390623
974 11.12138527618917
976 10.849158979738977
978 10.777052832818054
980 10.692357674544951
982 10.873830804665044
984 10.90588263198738
986 10.436262902691515
988 10.565368278505483
990 10.560028843414026
992 10.383092613440892
994 10.82113412663658
996 10.753621002847005
998 10.412055956181879
1000 10.606345594508733
1002 10.82442982415673
1004 10.469072581030563
1006 10.463447122707736
1008 10.383490429456282
1010 10.344827215672861
1012 10.592040347044549
1014 10.556301050854376
1016 11.16860334580509
1018 10.790485878119595
1020 10.669643521851416
1022 10.48926860984449
1024 9.634882223923388
1026 10.468949828730539
1028 9.976251798707546
1030 10.94103427607675
1032 10.946065151897415
1034 10.261723794969248
1036 10.012590488899384
1038 10.557733921765784
1040 10.43653289488779
1042 10.161146990997256
1044 10.431160529465288
1046 10.976106288897553
1048 10.676993932680753
1050 10.729268368311198
1052 10.205674490052997
1054 9.94756660985861
1056 10.583447305422222
1058 10.605915913111492
1060 10.724087450312362
1062 11.378114197461397
1064 10.372531970672593
1066 10.537725557460437
1068 10.557066299234995
1070 10.394652855069653
1072 10.497899939088168
1074 10.256286055389651
1076 10.289308291842534
1078 10.400971349987723
1080 9.744926912241775
1082 10.64430905244438
1084 10.205100408172122
1086 10.518817936735603
1088 10.34457662477034
1090 10.228807929757775
1092 10.369597136602904
1094 10.737351523960632
1096 10.987665959942156
1098 9.990010909956382
1100 10.223360491124499
1102 10.53074014843239
1104 10.645281740748754
1106 10.566666902694823
1108 10.81770135490069
1110 10.228124660160757
1112 10.774758827431727
1114 10.884191068242368
1116 10.299790832767664
1118 10.720542127082107
1120 10.609214143261008
1122 10.88699472958244
1124 10.986327653890175
1126 9.876292464808529
1128 10.629367377046057
1130 10.40141888638157
1132 10.863974631213923
1134 10.64936813299932
1136 10.647917579476808
1138 10.415702389002021
1140 10.681880054231874
1142 10.603906347563358
1144 10.894073581394474
1146 11.195017149806755
1148 10.768413438316676
1150 10.510783658707963
1152 10.722849339394605
1154 10.251959470255407
1156 10.485843017048072
1158 10.670461798188777
1160 10.886641778247583
1162 11.400904316425374
1164 11.055721197255703
1166 10.873878377813837
1168 11.204729592203453
1170 10.751435267388665
1172 11.238762979009993
1174 10.81917961014328
1176 10.970240726246534
1178 11.031083667470604
1180 11.315067565419945
1182 10.655881951868471
1184 10.504535825666075
1186 10.799507234993587
1188 10.638126413695423
1190 10.583315468638824
1192 10.775667283078484
1194 10.80358212525441
1196 10.591624233913478
1198 10.237925850503158
1200 10.759665671338684
1202 10.639031058918572
1204 10.319426805119813
1206 10.445181386495607
1208 10.47510165640077
1210 10.64473519414782
1212 10.945065729843407
1214 10.350145986221868
1216 10.274974590933729
1218 11.338799431980705
1220 11.01145333547444
1222 10.951686587528307
1224 10.644782981261024
1226 10.762959143014996
1228 10.930864130398236
1230 10.754017772648496
1232 10.298180823996702
1234 10.839320840146701
1236 10.002125181286585
1238 10.275024889542888
1240 11.03948158208105
1242 10.225836119701809
1244 11.156045257554306
1246 10.714536865879218
1248 9.982105288711026
1250 10.581345795562179
1252 10.678622145050872
1254 10.317472783640591
1256 10.326546012352402
1258 10.707791748347969
1260 10.83595590414857
1262 9.98064979471366
1264 10.245511490735408
1266 9.751214469510742
1268 10.181148352770736
1270 10.80082580037591
1272 10.416872293614887
1274 10.835430240583326
1276 10.274640736336176
1278 10.18879314400157
1280 10.637615514037964
1282 10.790423415030297
1284 10.343046278698752
1286 10.221289870057769
1288 10.567389922737942
1290 10.38732163009486
1292 11.117106160488877
1294 10.8805979384888
1296 10.326851944993166
1298 10.171195785156968
1300 10.576206039595217
1302 10.626419810930859
1304 10.490161026264818
1306 9.788613326748989
1308 10.565328445782173
1310 10.629222340891408
1312 10.140176813214465
1314 10.173174208385953
1316 10.22398989557293
1318 10.479861108865181
1320 10.686403384840927
1322 10.405775605918148
1324 10.991316566090532
1326 10.784621909867413
1328 10.69303445140311
1330 10.76278651860448
1332 11.117052619365644
1334 10.225112015767634
1336 10.731375008376949
1338 10.090211169756746
1340 10.905111692366239
1342 10.144022128758559
1344 10.912595211920557
1346 10.201428523546124
1348 10.713056254136161
1350 10.493970827598524
1352 9.81987445665908
1354 10.613711343995378
1356 10.636889041057852
1358 11.035812968017494
1360 10.544220968440735
1362 11.117584213379391
1364 11.353618400909424
1366 10.684504253365786
1368 11.1756650351146
1370 10.51412656747181
1372 11.164789745444162
1374 10.54310055031131
1376 10.701293320118129
1378 10.179142514071932
1380 10.728005835103042
1382 10.490010021636275
1384 9.946470177613858
1386 10.179344660083434
1388 11.116921199266203
1390 11.004639721683658
1392 9.957555442692902
1394 9.883534662968456
1396 11.083982682272596
1398 10.915557493546093
1400 10.323399106997819
1402 10.336416766573594
1404 10.596303918166326
1406 10.403814138421158
1408 10.765337914012338
1410 10.633281356191565
1412 10.11569737518611
1414 10.516150143313608
1416 10.382736500677137
1418 10.973360440149808
1420 10.541233796902446
1422 10.48561096885583
1424 10.37102206573513
1426 10.456488178141022
1428 10.71379269618275
1430 10.831147774048702
1432 10.732263670640743
1434 10.421904655835654
1436 10.603036859476987
1438 10.675684538645868
1440 10.869913728685862
1442 10.550730121681168
1444 11.361646651888513
1446 10.963950103859762
1448 10.68552892665747
1450 11.071152922185883
1452 10.589326940659369
1454 11.595741322499524
1456 10.689486263483914
1458 11.143762260153167
1460 10.443630311674715
1462 10.684148856984224
1464 10.830262984785305
1466 11.074700187265632
1468 10.08592552647992
1470 10.480935514207312
1472 10.22160748913307
1474 10.751955168175703
1476 10.640723193552153
1478 10.49187865883915
1480 11.067864036528357
1482 10.425059374893623
1484 10.954844653150907
1486 10.90717501309916
1488 10.599687915456741
1490 10.281252767026935
1492 10.551047347741253
1494 10.749327207158863
1496 10.405141477710817
1498 10.2276338187457
1500 10.228536250465432
1502 10.099042585263204
1504 10.583666914155458
1506 10.581817675612532
1508 10.024449443818572
1510 10.640383714919595
1512 10.99366003846207
1514 10.939678879232062
1516 10.186151929840026
1518 10.856583165742627
1520 9.969143910591237
1522 10.135211302292626
1524 10.206008328121358
1526 10.43138750424303
1528 10.111285869507286
1530 10.394200293611839
1532 11.191539274408331
1534 10.924224875185864
1536 10.391116910937242
1538 9.857155779238363
1540 10.82309944902005
1542 10.368156552654497
1544 10.446934807348008
1546 11.112331713888752
1548 10.013706746089142
1550 10.803076983644287
1552 10.565170102716944
1554 10.630570156423975
1556 10.419504304543544
1558 10.720955223967355
1560 9.780630571756479
1562 10.941832217367557
1564 10.778474503760833
1566 11.236434206109262
1568 10.883725131950618
1570 10.72627473525049
1572 10.745201290015325
1574 10.391796817441065
1576 10.536506633596142
1578 10.572157790879844
1580 10.923713691182337
1582 10.333284227548388
1584 10.660593568406147
1586 10.33441013817821
1588 10.370745629751331
1590 10.353192943826445
1592 10.390360880104065
1594 10.636576594547018
1596 10.834621296855802
1598 10.620720114567515
1600 10.487943136864754
1602 10.201146477389875
1604 10.692510599592733
1606 10.177811846943122
1608 10.556201162800187
1610 10.86224811475326
1612 10.273572457528198
1614 10.449207482178688
1616 10.380038140142059
1618 10.150233417102582
1620 10.562732576201675
1622 10.895558317323848
1624 11.244709465646734
1626 10.370352584459365
1628 10.313048159556327
1630 10.652892040461975
1632 11.081810081349753
1634 11.034869159431103
1636 10.916867443340577
1638 10.467326114104049
1640 11.00642620310137
1642 10.846908752689332
1644 10.423038450568292
1646 10.010640473971142
1648 11.236975298861262
1650 11.032643262537063
1652 10.633709156948681
1654 10.80279996533721
1656 10.733178114991663
1658 10.618990187689784
1660 9.87162509545148
1662 10.384051793636326
1664 10.204610614591424
1666 10.786697530558197
1668 10.453253844148175
1670 10.874950560018567
1672 11.102596544802713
1674 10.885403165489416
1676 11.125132962580699
1678 11.336058058464156
1680 11.484231637075906
1682 10.315889219939923
1684 10.403441064391943
1686 10.965367355352209
1688 11.233066924458257
1690 11.22995572551271
1692 10.40408089607482
1694 10.63933756035711
1696 10.659483082676765
1698 10.8408022701225
1700 10.525882239110498
1702 11.247103554549186
1704 10.441608602312906
1706 10.73688086141995
1708 10.662764743322905
1710 10.429542671924365
1712 10.206693922927924
1714 10.669042004784345
1716 10.557612482731937
1718 10.818624181803884
1720 10.899015724469422
1722 11.195367182193912
1724 10.854792790555518
1726 10.79269335147937
1728 10.814550218547067
1730 10.99058061588543
1732 10.470505286614976
1734 10.400481290981736
1736 11.371759115872244
1738 11.336614309353495
1740 10.587018178810832
1742 10.52990524234904
1744 10.638182193097522
1746 10.661078752399703
1748 10.750195180145871
1750 10.841488995927795
1752 10.8580159867925
1754 11.166798708492788
1756 10.700360661502717
1758 10.641748172588802
1760 10.901106217276773
1762 10.938620483622373
1764 10.523421342554526
1766 10.7485229505126
1768 10.328174790681427
1770 10.590198902140623
1772 10.64087937012553
1774 11.362574420213152
1776 10.553115520953101
1778 11.197687778759827
1780 10.350373032192415
1782 10.651494310024415
1784 10.7421984116488
1786 10.426506584515081
1788 10.91898525623628
1790 10.499911526554895
1792 10.426914295111523
1794 11.513011017401908
1796 11.358563630274512
1798 11.402992002064872
1800 10.854723601694035
1802 11.083078283726127
1804 11.540873473909148
1806 11.355195088832678
1808 11.014308967820416
1810 11.18765044826322
1812 11.90258538251048
1814 12.164428686485785
1816 11.658828966280954
1818 11.263167150724255
1820 11.494320420751542
1822 11.573226200121002
1824 11.690841125307156
1826 11.221083616810434
1828 10.849151980683267
1830 10.45933140384952
1832 11.394409676194698
1834 11.286181563091436
1836 10.708483738355822
1838 11.369459042259098
1840 11.771552552119745
1842 10.917396517882883
1844 11.179579515006655
1846 10.557547880476308
1848 11.06182489333145
1850 11.231000408068773
1852 10.49148974696309
1854 10.921771228497308
1856 10.806122175459683
1858 10.754298315140112
1860 11.175619526806074
1862 11.503870516451448
1864 10.914625244420346
1866 11.034944494650556
1868 11.667076776883388
1870 10.750730462955007
1872 10.76121639395815
1874 11.184776453847153
1876 10.935997988388866
1878 10.795000893336262
1880 11.210547566447191
1882 11.044859544753015
1884 10.264854393998714
1886 10.98958905355188
1888 11.063956709134786
1890 10.745949579583353
1892 11.10161057975871
1894 11.036148097296504
1896 10.880021239431805
1898 11.064281844992811
1900 11.078035714832609
1902 11.626413381717756
1904 10.743135725197593
1906 11.560328607610712
1908 10.984930425259845
1910 11.033247055532586
1912 10.749821097373818
1914 11.29830588329638
1916 10.774795537653079
1918 10.383795280098388
1920 10.437228536074283
1922 11.521302427745447
1924 10.674810900836642
1926 11.038817556334372
1928 11.128382052634596
1930 10.814416730856141
1932 10.721185006082289
1934 11.08678812143863
1936 10.522629303542201
1938 10.106056568117658
1940 10.822240359060713
1942 10.592448211176315
1944 10.3362387483902
1946 10.369482445157992
1948 10.732946089053733
1950 10.615550600457098
1952 10.706936344094611
1954 10.349879137891271
1956 10.645299656900136
1958 10.848126934614976
1960 10.77555693495003
1962 10.670374316271213
1964 10.848692863519789
1966 10.893087992931466
1968 10.139617065789817
1970 10.972449484358561
1972 10.90012961438779
1974 10.87900266199584
1976 11.303714105358978
1978 10.783325778432234
1980 11.367014265222819
1982 10.891437240775609
1984 11.255188707683319
1986 10.627654174758954
1988 10.789913111383683
1990 10.65886141166272
1992 10.939912909627278
1994 11.308924433044302
1996 10.827527987916394
1998 10.719005346699635
2000 10.791961649709311
