0 9.607443833833752
2 10.212451394983221
4 10.001170828065883
6 10.1147671586109
8 10.25323996049773
10 9.884578780529987
12 10.202882942438102
14 9.846529410133277
16 9.80124656503352
18 9.886378300331714
20 10.049916598304296
22 10.001950627625014
24 9.802407904820848
26 10.086236006914772
28 10.568159135451728
30 10.073256509396721
32 10.115678532803459
34 9.810322817163692
36 10.301487845505314
38 10.81157383474908
40 9.906915655931456
42 9.825442472868085
44 10.338951656248586
46 10.102457021256374
48 9.730574606142728
50 9.608072876082424
52 10.284014334696183
54 10.159360360867195
56 10.143650530937267
58 10.036355456400988
60 10.432461373585133
62 10.09516355355044
64 10.395872233003766
66 9.821868593468027
68 10.17592750584813
70 10.163284485445008
72 10.636762683531444
74 10.862459496180145
76 10.410430837725007
78 10.38521553297559
80 10.559749564759672
82 9.552206052662374
84 10.178926308899602
86 10.818375447669993
88 10.45690157220524
90 10.257923059965583
92 9.490290557311345
94 10.360610978069106
96 10.476955517891316
98 10.165040845740371
100 9.958315309272118
102 10.206596424138748
104 9.683620655659166
106 9.834201870423085
108 10.57417359671541
110 10.584597994416255
112 10.390064333442458
114 10.51064091725588
116 10.269896776375678
118 10.111090682878478
120 10.411143515576052
122 10.892551559948538
124 10.883520161620924
126 10.369089354625595
128 10.140933759083474
130 10.021714152447544
132 9.72467854935004
134 9.886256485514695
136 10.10260649665096
138 9.749301513380038
140 10.251647829270626
142 10.160254772929376
144 9.820657449380327
146 9.749234033478334
148 10.064176790065265
150 10.583406627812021
152 10.183293106358542
154 10.067065529443692
156 9.847969284558303
158 10.02198819809172
160 9.967553963999041
162 10.807968099722109
164 10.807754786235499
166 10.885974814240393
168 10.474013660399073
170 10.868729186116305
172 10.663718832895366
174 10.460714030357229
176 10.146077489436339
178 9.945719321326902
180 10.363248858554446
182 10.152766515283142
184 10.154675098447028
186 10.423984518753285
188 10.004088879329787
190 10.706533235864612
192 10.227561194913386
194 9.744249250562206
196 10.316880349588846
198 10.109647734683994
200 9.552742819716775
202 9.998737075713844
204 9.739264253561776
206 9.500046652590417
208 10.093563995181679
210 9.839198257224918
212 10.095413581951494
214 9.852685386547918
216 9.530966812840193
218 9.870378530371108
220 10.035680523786464
222 10.161181931122604
224 9.494194466007434
226 9.459264540363716
228 9.581623158097225
230 9.751657138635954
232 9.90679035857759
234 9.944768083342733
236 9.652400596447928
238 10.320992194392952
240 9.982068807345613
242 9.648299484086879
244 9.578757211755423
246 9.86401674980981
248 9.850606368402278
250 10.032152011445202
252 10.192787549233264
254 9.965196138053331
256 9.916778033831214
258 9.848436391280256
260 9.811247267460665
262 10.080792247581414
264 9.783052588869522
266 10.008889904993357
268 10.076525119501792
270 10.075334229032263
272 9.385904424275648
274 10.186975344767028
276 9.75135119593735
278 10.5216801169847
280 9.523787357708196
282 10.334940684702724
284 10.14743600566272
286 10.083458766629299
288 9.575769231670915
290 9.814116542738864
292 10.13395637969391
294 9.818172092343065
296 9.590198627601087
298 9.809800587532976
300 9.800791028853943
302 9.818688306045875
304 10.070184720570278
306 9.36906610319506
308 10.032453961471312
310 10.105176512674083
312 9.949475064181394
314 10.31688373652695
316 10.367975269738343
318 10.073955728258934
320 9.467433652767516
322 10.248272304912346
324 10.308096492663793
326 9.780562756350657
328 9.811468322246613
330 10.320670408904665
332 10.523543582718002
334 9.711344494442406
336 9.881906384475702
338 10.148692638971506
340 9.968616630673033
342 10.404990962337015
344 10.424606045021392
346 10.106702084582036
348 9.837325847090518
350 10.528572635263222
352 10.624038973371638
354 10.604295935390379
356 9.969514090158548
358 10.518031679811626
360 10.283301993531117
362 9.996530031516656
364 10.742524664599769
366 10.777451784532559
368 9.914195777649725
370 9.4698036494167
372 10.419375254817858
374 9.545390718676552
376 10.16477116993101
378 10.517648389390866
380 9.900193036905664
382 9.875803078749032
384 10.395544347414976
386 10.634140783415669
388 10.209020726453426
390 10.747254567722967
392 10.179434015995623
394 10.409643769926669
396 10.36806870548467
398 10.398246069980857
400 10.10246828342168
402 10.181594903564118
404 9.904286694251685
406 10.894166251116824
408 10.298240175591689
410 10.373403168012775
412 10.720534241876559
414 10.076570324007614
416 9.85221784411697
418 10.05847903605782
420 9.995704577039875
422 10.369889459571738
424 10.060506389152076
426 10.804799470963248
428 10.074452860552894
430 9.720106656471952
432 9.767062593876641
434 10.144969836736111
436 9.589407188704087
438 9.80430290985135
440 9.249423385553605
442 9.485366722824654
444 10.562572482939558
446 9.977280432520377
448 10.009744839920003
450 10.60259021565151
452 10.027094750330502
454 10.196179072969374
456 10.10908582076885
458 10.358396512989636
460 10.364985935112351
462 10.074338547418693
464 10.229685503025252
466 10.371196723536674
468 10.151392897470815
470 9.913376899871011
472 9.974610044732332
474 9.70035511051333
476 10.288993960656015
478 9.944881658910404
480 10.043532360024054
482 10.108917904382936
484 10.081593156296028
486 9.789661858461143
488 10.142016018633514
490 9.983741322265484
492 10.23181845216311
494 9.82334264856188
496 10.0518217995821
498 9.444594505901664
500 10.222819787874068
502 9.65878323460164
504 10.384589890607527
506 10.31426925282592
508 10.269747316698334
510 9.924017247201972
512 10.202068456317052
514 10.215834650498062
516 10.540194625360586
518 10.068037859504596
520 9.648228121783713
522 9.780272465759744
524 10.180698924476639
526 10.702251281916048
528 10.795131097014316
530 9.87108125586671
532 10.504890566680755
534 9.946003722361016
536 10.399733247714444
538 10.035954530155776
540 10.349499429149411
542 10.430173073614974
544 10.20614479742528
546 9.901108299721049
548 10.435144947400527
550 10.225038963637463
552 9.734169336586975
554 10.038552159026146
556 10.406337974713404
558 10.452830435116041
560 10.095735448962813
562 10.204727413234806
564 10.10810348456717
566 10.006803106114825
568 10.5401955518752
570 10.608394095857939
572 9.743935960721132
574 10.178677954427497
576 10.508179326486323
578 10.137885531960158
580 10.452028538404958
582 9.930728130097453
584 10.096031033988
586 10.215809722790086
588 10.232437887410086
590 9.955972828026898
592 10.144130607945387
594 10.013191641135327
596 10.178188515947532
598 10.331540002207896
600 10.111568581142855
602 10.157745313001032
604 10.306546609270983
606 9.835301068133933
608 9.849513959489267
610 9.92921811009517
612 10.140712794245312
614 10.195205257759971
616 10.152500673328568
618 10.364714684840113
620 10.201339003394457
622 10.07424956677046
624 10.365433800726871
626 10.51143898387525
628 10.240201443241546
630 10.213036766866244
632 10.126226889342856
634 10.66406059752819
636 10.270940348543839
638 10.363100335599292
640 10.041410099421926
642 9.837916840657538
644 10.064770429396173
646 10.04678590582
648 9.816747550523976
650 10.426950344839861
652 10.498054722963216
654 10.702365066265097
656 10.137594154458457
658 9.889533839955432
660 10.05358842241391
662 9.964462554573949
664 9.608564867084068
666 10.162817207296781
668 10.171604560898468
670 9.71740615395288
672 9.615084270996183
674 9.967275671620254
676 10.330919534946045
678 10.149851856675246
680 10.60241853236235
682 9.880919192412764
684 10.593057781532032
686 9.652103653815022
688 9.961663891100839
690 10.281003901821324
692 10.011579926125076
694 9.801072139093403
696 10.005250643327017
698 10.081645174348948
700 9.741448378767368
702 9.124486632406906
704 9.87036427483702
706 9.84439393231198
708 9.652388957113551
710 10.074612895790471
712 9.273674949245265
714 9.728245948384556
716 9.280492738611436
718 9.952096701077792
720 9.562322726732244
722 10.142550849367684
724 10.240723366225332
726 9.868387732886012
728 9.702153388667895
730 9.997343459396768
732 9.722386769316987
734 9.512867025467143
736 10.12644554839553
738 10.278842556879741
740 10.157726749308804
742 10.302835962178314
744 9.994430535239248
746 9.575855806915913
748 9.944225640854997
750 9.901708741355161
752 9.616057977181871
754 10.022523240227205
756 9.535338771746334
758 10.173711522960021
760 10.12706974951238
762 9.892976904600795
764 9.419917941701275
766 10.646082624908182
768 10.19847841769392
770 10.071431527542765
772 9.946613091880568
774 9.802009377765582
776 10.11004007876827
778 9.883303927073754
780 10.435779833168525
782 9.962750378534107
784 10.088945288832283
786 10.437818799519086
788 9.742659066940785
790 10.188179142136251
792 10.344290936579442
794 9.967766304450128
796 9.864994409392796
798 10.10358665431962
800 10.35189478299285
802 9.914581518688006
804 10.355884451536271
806 10.43489258722407
808 10.346757701233235
810 10.652715159000564
812 10.45191739860008
814 10.097817848987
816 10.292233286106061
818 10.03805390240226
820 10.413630398246934
822 9.999304483261511
824 9.411451200990912
826 9.995672065769373
828 10.14196206366346
830 10.00810712693604
832 9.428550649293063
834 9.83020511851918
836 9.569854820690978
838 9.825887199901466
840 9.78970487841754
842 10.160244190558094
844 10.590020841267796
846 10.121329888577865
848 10.306709251308392
850 10.471130237516864
852 9.858891754392117
854 9.590432376924365
856 10.302186211722557
858 10.257082974587142
860 10.293013423765276
862 9.714206962949506
864 10.032391410070831
866 9.928417171090707
868 9.98173058009355
870 10.563873448752343
872 9.99715019482418
874 9.821652189908036
876 10.214804616025397
878 10.3193492654724
880 9.653610677303469
882 10.106300536834805
884 10.129202556954464
886 10.057186333273046
888 9.51907513237705
890 10.01633169400342
892 9.607397602383353
894 9.814248079016114
896 10.155284379577688
898 9.846066159808027
900 10.210686989145307
902 9.78867499139716
904 9.95165700148775
906 10.242638719144395
908 10.074730340952122
910 9.854885133407516
912 9.7993624293773
914 9.426328040179513
916 9.77234566431403
918 10.022644563519815
920 9.094430514771314
922 9.790347875507198
924 9.65289990746566
926 10.008500145922396
928 9.670043236091164
930 10.05388063760986
932 9.747113679410752
934 9.530272058885204
936 10.533317208034255
938 10.260742946155855
940 10.130788277538493
942 9.937195678812493
944 9.49021333830607
946 9.303341061864282
948 9.650538700861558
950 9.74505427228578
952 9.49244655671511
954 9.903522610120472
956 10.149030709125721
958 9.588473383189566
960 9.698764261406899
962 9.657466193133082
964 9.672530480931556
966 9.652986699867096
968 10.057155532495383
970 10.199864555508052
972 9.639721478123281
974 9.528215538669219
976 9.883588500290541
978 9.834298947305385
980 9.894502682056094
982 10.157973953445836
984 9.285637884218625
986 9.706183203022
988 9.896517419647555
990 9.460621307487568
992 9.50253506087218
994 9.98906258370989
996 9.832618400351855
998 10.49902231050035
1000 9.625669784111944
1002 9.936067363690189
1004 9.747882593851845
1006 9.913749359097151
1008 9.90895872803368
1010 10.369520148687796
1012 10.311786053058983
1014 10.011049587470616
1016 9.958558635674265
1018 10.073901456935417
1020 10.321042355382568
1022 9.947314943797776
1024 10.599192301085093
1026 10.222581813950514
1028 10.689721795969069
1030 10.509907126565192
1032 10.15911962104389
1034 10.227834417063852
1036 10.694883530363951
1038 10.382613729641339
1040 10.612674023966699
1042 10.075421950676484
1044 10.232966051633554
1046 10.414848032489116
1048 10.565983209246493
1050 10.196374112296072
1052 10.148377247945174
1054 10.310642325875536
1056 10.056899401900738
1058 10.602050057879683
1060 10.520007044862117
1062 10.378261724321511
1064 11.068802532157873
1066 9.903424786592364
1068 9.740785183759769
1070 10.276180930637453
1072 9.93438638974759
1074 10.492686113840033
1076 10.482071548910072
1078 10.015226577738025
1080 10.506391875972254
1082 10.407973615587379
1084 10.289799423418398
1086 10.651850091988914
1088 10.453348098798587
1090 9.927671765986378
1092 10.58144366533959
1094 10.0399619642134
1096 9.905276579371805
1098 11.253095142267732
1100 10.4365763359667
1102 10.539096770124136
1104 9.982516838234572
1106 10.410742481737364
1108 10.337390994037959
1110 10.180201682023915
1112 10.332477583992597
1114 10.516106581134498
1116 10.291078386364367
1118 10.211797494509481
1120 10.465609756401445
1122 10.078673369893297
1124 9.897436025885268
1126 10.75553596044649
1128 10.50967677119342
1130 10.217998400011696
1132 10.196401568988762
1134 10.121531626180166
1136 9.981212956911879
1138 9.729887231721987
1140 9.533456702799054
1142 10.229083751468654
1144 10.323851008515637
1146 9.805316610793266
1148 10.29615762213244
1150 10.281841733245216
1152 10.039976812696713
1154 10.066985950217006
1156 10.061222417744974
1158 9.893052691297338
1160 9.664707898632582
1162 9.715825048456022
1164 9.791847611092745
1166 9.632085767527393
1168 9.47430711581445
1170 10.590417531026514
1172 10.171856228081776
1174 10.365021687039173
1176 10.135865014929932
1178 10.16658537758904
1180 9.640260898652942
1182 9.859826542889246
1184 10.561274334571866
1186 9.733449324283773
1188 10.050361325885616
1190 10.278225526955946
1192 9.993997069094128
1194 10.134665148743181
1196 10.03348811493111
1198 10.232999237806771
1200 9.592756514113582
1202 10.133628446939573
1204 9.664143020519386
1206 10.496190482671494
1208 10.290600229745614
1210 10.276670267273984
1212 10.038999378450852
1214 10.57463960651243
1216 10.325649941888518
1218 9.974619722621233
1220 10.582796938719564
1222 9.983356850052232
1224 10.543842443363134
1226 10.228503385459994
1228 9.916375035037495
1230 9.903902876520759
1232 10.24216448587801
1234 10.335232865839778
1236 10.396949836063381
1238 10.472916241880322
1240 10.644253309732298
1242 10.55478439046245
1244 9.897705085255621
1246 9.771928893798158
1248 10.877387395657482
1250 10.04743024139231
1252 10.413811250080444
1254 10.081359696499533
1256 10.4666394272318
1258 10.222259869144173
1260 10.066881335804522
1262 10.269422251825793
1264 10.241236276209092
1266 10.396491208267726
1268 10.370885818596783
1270 10.44517355169088
1272 10.274038733895466
1274 10.15612256170176
1276 10.338781454285483
1278 10.254237000024315
1280 10.210885362339923
1282 10.009569583447208
1284 9.96473976940294
1286 10.326249090643065
1288 9.517090252092725
1290 9.800431065015607
1292 9.94122730683803
1294 10.378533137761988
1296 10.190773201642054
1298 10.217705323075345
1300 10.503799787950854
1302 10.40862442207351
1304 9.828216595548163
1306 10.107055508457064
1308 10.077759261775688
1310 9.7400841413651
1312 10.91395835921552
1314 10.051234393328258
1316 10.22412820889223
1318 10.57115815746207
1320 10.137476785544543
1322 9.85772440218518
1324 10.11403746871691
1326 9.8508245312442
1328 9.890304260204935
1330 10.172512975627455
1332 10.426243225177332
1334 10.551281495282034
1336 10.077603826459791
1338 10.601722768743898
1340 10.582895253870369
1342 10.836914269695562
1344 10.393098408913216
1346 11.079190499657285
1348 10.309441148208279
1350 10.390984351458249
1352 10.699726017378401
1354 10.499294438958112
1356 10.024775857224657
1358 10.103789828100666
1360 10.841113510091715
1362 10.083381563370653
1364 10.540289301512416
1366 10.31686340808586
1368 9.449043800056176
1370 10.821133099806627
1372 10.397509539622288
1374 10.76825488418489
1376 10.53358801534839
1378 10.478673276424663
1380 10.222650816777247
1382 10.107909934779052
1384 10.181493197729369
1386 10.848991303842215
1388 10.540498922222408
1390 9.978019848163404
1392 10.94119238539638
1394 11.08433682672221
1396 10.141697117464254
1398 10.619025010583005
1400 10.750746160117583
1402 10.675860855735557
1404 10.443039282899361
1406 10.047115701094738
1408 10.349923269088965
1410 9.900126069165614
1412 10.229743989523167
1414 10.85535073984573
1416 10.43958173710578
1418 10.439624724386215
1420 10.629491673803956
1422 10.799023979453798
1424 11.04112478912043
1426 10.29008610280861
1428 10.455642013506804
1430 10.723047875943047
1432 10.166951900030472
1434 10.694676774159523
1436 10.157059025476167
1438 10.20032373999922
1440 10.446445166945844
1442 10.01042894174426
1444 10.397531187321086
1446 10.666703542296318
1448 10.644422574560302
1450 10.749277086375459
1452 10.04949069821331
1454 10.00126169958853
1456 10.332988435105324
1458 9.872470035080434
1460 10.35152435046321
1462 9.900552309606777
1464 9.90233151534261
1466 9.948253039485964
1468 10.056016516920055
1470 10.795856219177974
1472 10.693928720861441
1474 9.991239881889545
1476 10.467561628856162
1478 10.219265475521858
1480 9.91018928847707
1482 10.559308568109245
1484 9.991363967481261
1486 9.627158112420688
1488 9.855709632474438
1490 10.541581428794647
1492 10.36630672861695
1494 10.47912880050514
1496 10.511846097625426
1498 10.285575705936791
1500 10.268612072259844
1502 9.913906678495357
1504 10.728942926252707
1506 10.37050460103016
1508 10.377138877914625
1510 10.035312042635107
1512 10.077711324789547
1514 10.123447170965601
1516 10.370393897058154
1518 10.320879569609946
1520 10.369066232783943
1522 10.598478056279806
1524 10.542587501502124
1526 9.683531277849312
1528 10.491108657539323
1530 10.589013943540886
1532 10.02901498235081
1534 10.529009685556167
1536 10.074129664992844
1538 10.603934480987824
1540 9.679675911138109
1542 10.269242611069195
1544 10.438912417007689
1546 10.113723682509733
1548 10.123145724125855
1550 10.74869104892476
1552 10.420475588323246
1554 10.24884166354718
1556 10.354987430759605
1558 10.110054602170887
1560 10.373302884718381
1562 9.77183891615551
1564 10.359125455083339
1566 9.77366093432199
1568 10.242441646238563
1570 10.57550617538066
1572 10.494058607537347
1574 10.447626800464693
1576 10.233098043254504
1578 10.322926824851358
1580 10.270826268673632
1582 10.470566056629092
1584 10.043147335603694
1586 10.9388200020995
1588 9.840367346943093
1590 10.673384118740355
1592 10.428007663473803
1594 10.707164097020929
1596 9.645084993533105
1598 9.961054590003931
1600 9.85016714413864
1602 10.856115780021927
1604 9.895334488595497
1606 10.641252918905439
1608 9.695043011591238
1610 10.390616411827036
1612 10.27380411210438
1614 10.351547131476375
1616 10.111406112676605
1618 9.89335910540659
1620 10.12301892571903
1622 10.657137273193793
1624 10.207390797461224
1626 9.96307645968522
1628 10.365133618729477
1630 10.505036985905328
1632 10.490943888628493
1634 10.401863009628775
1636 10.047372040403204
1638 9.936136290142601
1640 10.400470926334094
1642 10.367928637789193
1644 10.271398831112215
1646 10.554777805415352
1648 9.537646178320122
1650 10.155498787124692
1652 10.117499962600617
1654 10.632132468153292
1656 10.0169313220355
1658 10.094647915032494
1660 10.31220448381094
1662 10.394832655169507
1664 10.395200181352163
1666 10.867550689812388
1668 10.372855964046702
1670 10.675208787079525
1672 10.441494592255845
1674 9.953022925241655
1676 10.068948111727991
1678 10.13771170805598
1680 10.142607383397847
1682 10.356477078056809
1684 10.646477357368129
1686 10.435991545777576
1688 10.139098560964577
1690 9.803575172215373
1692 10.66336950444283
1694 10.731084503800853
1696 10.116304074305845
1698 10.044075801980078
1700 10.460600857812915
1702 9.983192646579344
1704 10.162335362902171
1706 10.317814620418664
1708 10.25382149607963
1710 10.040765106718013
1712 10.495838188006363
1714 10.26857325315101
1716 10.721399242412298
1718 10.000045266019292
1720 9.94337422564831
1722 10.060838889303959
1724 9.893383162272247
1726 10.557090382998396
1728 10.044293991353724
1730 10.041384163998616
1732 9.93060117133239
1734 10.305701819098406
1736 10.56290986659761
1738 10.253905433634884
1740 10.355648104115078
1742 10.756603937370663
1744 9.683845779109062
1746 10.312177347582333
1748 10.468626627661036
1750 10.239639153977606
1752 10.952679556687315
1754 10.085122901423842
1756 10.155199290902578
1758 10.527064826441592
1760 9.848269380459392
1762 10.005538818860474
1764 10.274271100334254
1766 10.675447848004502
1768 10.610071939555619
1770 10.544335556261787
1772 9.975352898419542
1774 10.002998128751655
1776 10.253590650203199
1778 9.506812230410256
1780 10.667503607467905
1782 10.001640105678435
1784 10.231974530032899
1786 10.40054337447001
1788 10.105754970339506
1790 10.424637492001052
1792 10.543024076773186
1794 10.675028078139212
1796 10.261782098268146
1798 10.033376331057946
1800 10.229958623691223
1802 10.06074629607379
1804 10.116197355629794
1806 9.78749128514263
1808 10.288450930659154
1810 10.203860939978833
1812 9.576608977507208
1814 9.349037086557587
1816 9.496808330341187
1818 10.219263519512555
1820 9.29978137869359
1822 10.487945810223769
1824 10.911408366657364
1826 10.379847583571673
1828 10.637660674878402
1830 10.314698248782047
1832 9.802739132860344
1834 9.97794476800556
1836 10.030636440482523
1838 9.854700312831554
1840 9.873605246945592
1842 10.238928568939281
1844 9.87879891790837
1846 10.276469741438438
1848 10.31967940402058
1850 9.743005382107258
1852 10.348043275605804
1854 9.674901399490514
1856 10.116119235954052
1858 10.384117597504904
1860 9.911274580919311
1862 10.023923193733324
1864 9.765114083199013
1866 10.275046270782715
1868 9.442996685772734
1870 9.896892448293235
1872 9.813849369182442
1874 10.658162928559921
1876 9.856949779106802
1878 10.422377239707407
1880 9.999666099778922
1882 9.732222269931246
1884 10.475526369406035
1886 9.617351100675446
1888 10.37940585749468
1890 10.259875475037541
1892 10.002441309058202
1894 10.155399820189329
1896 10.455726179595487
1898 10.169590541284714
1900 9.78943856551462
1902 9.997512841035558
1904 10.530720730686554
1906 9.537890616681421
1908 10.011348348958224
1910 9.917348940916177
1912 9.8704482274961
1914 10.09036629805064
1916 9.887305472335942
1918 10.48215008032385
1920 10.114170758617988
1922 10.56540570384242
1924 9.8751166503223
1926 9.682024992372266
1928 9.6060250566483
1930 9.905553011767621
1932 10.5953503538689
1934 9.253978315335988
1936 9.738275329046008
1938 9.975430193125588
1940 10.101524896005566
1942 9.285493157543758
1944 10.302963470498304
1946 9.7962765124485
1948 10.061088476737465
1950 9.378119380454507
1952 9.738470394337305
1954 10.184543142958946
1956 10.498058109587934
1958 10.278959788677641
1960 10.615563625299073
1962 10.537189920627883
1964 9.690449741192584
1966 9.92363404375376
1968 10.50775523886658
1970 9.968366532042728
1972 10.16260838675
1974 10.266582669729386
1976 10.356707970576075
1978 10.223772063681597
1980 10.612392318485348
1982 10.395851156337407
1984 10.362734814685908
1986 10.460564559960044
1988 9.543001224430215
1990 10.112493292925835
1992 10.552625317258672
1994 10.496613266649268
1996 10.461765722326234
1998 10.291872112185047
2000 10.531561635613008
