0 11.377933952894242
2 11.683963586488549
4 9.342711919765382
6 9.15543024907684
8 11.147862366226436
10 9.4205466699479
12 9.705595879165271
14 9.644159383494058
16 9.41256593848941
18 9.788288785951305
20 9.102925886689144
22 9.18732252848528
24 9.583913398007956
26 10.280334305133483
28 9.509856520572386
30 8.354959980785601
32 10.652956840000426
34 9.935557381865596
36 9.831582468283173
38 10.346879004320321
40 10.959186143939696
42 10.761447917703423
44 10.775563623264823
46 10.87222171065735
48 9.754953944006191
50 10.606673412534361
52 9.988328885513642
54 8.999852842360152
56 10.640211267742796
58 9.783582461391761
60 10.672746071069778
62 11.172654689523663
64 10.940742632612078
66 9.804099385997985
68 10.634246212356379
70 9.615756626843039
72 9.452480940417844
74 9.922924373641449
76 8.848921066810608
78 9.348774996390501
80 9.738688905897082
82 10.097865298258439
84 10.585940340175377
86 10.60083588900042
88 9.742625304041733
90 10.568489774076069
92 10.073296917041125
94 9.201276577826185
96 9.172208277261166
98 7.429905743624
100 8.283530292629218
102 8.350757379780712
104 8.631306626827236
106 8.400487735577293
108 8.829410316762747
110 7.764474160592392
112 8.674437001897447
114 9.678796011717846
116 8.054254172123533
118 9.352493779667524
120 8.294961651149272
122 8.077582051915371
124 6.793086285106468
126 8.050346902338475
128 7.595355453365279
130 8.031010862884848
132 8.832728786969023
134 7.2794843128511095
136 9.577690718069158
138 9.127745392468352
140 9.146786874404595
142 8.615032552796071
144 8.48674592038448
146 9.427535980408255
148 8.432512451670503
150 7.729589904725045
152 8.140920816588688
154 8.24875097837775
156 8.944127366910397
158 7.1670780355987596
160 7.303778449454018
162 7.510452048848597
164 7.619621520175771
166 8.33614613873208
168 7.6665222945636105
170 5.931018741071479
172 5.946541921797383
174 6.161509176404617
176 6.662887696400467
178 6.366841233157724
180 7.087786910460369
182 6.831700042002564
184 6.535449999470068
186 6.96730033794042
188 7.129506972336592
190 6.20013343766004
192 7.094860928163978
194 6.887346865855602
196 8.435824497274474
198 6.324111383433424
200 5.541491553521546
202 6.262925250512605
204 6.872696296607555
206 6.200744316471899
208 8.304637097651451
210 8.150671539350267
212 7.821215588669702
214 8.1865650624717
216 8.462841051450447
218 7.408163026362691
220 7.347006597371538
222 7.387899480718193
224 7.587499765111698
226 5.736509850397224
228 6.4947424519085635
230 7.136598668687785
232 6.410879045941225
234 7.627613174665648
236 6.912035043048253
238 7.364385992225293
240 6.83591545844782
242 7.158234732623829
244 6.6147028681472415
246 6.452433423805526
248 6.2175065295581895
250 8.89220653291312
252 7.483643545041273
254 6.655781258254008
256 7.258552585218742
258 5.512630062872253
260 7.845919747835087
262 6.3207464038160825
264 6.6140298504811685
266 7.5182147260774475
268 6.475163978889885
270 4.303277766555918
272 3.9166580925689267
274 3.918125442411695
276 4.134550938054008
278 4.1065243684836465
280 3.9981071449182526
282 4.640311683841724
284 3.867667116729575
286 3.949641732110506
288 4.0745427191733885
290 4.013794617579094
292 3.8844962537079897
294 3.9965317964819347
296 3.924497922238986
298 3.893658198126037
300 3.7983705267490286
302 4.054094810823324
304 4.17635313116465
306 3.993971602478026
308 3.9786549892005936
310 4.134472349887225
312 3.9503571152409225
314 4.100310783712209
316 3.841667646055227
318 3.930639831258368
320 3.8455313540881884
322 4.0374509996215595
324 4.2286341272500785
326 4.686198748425204
328 3.636634532631521
330 3.930405719194307
332 4.343027101986214
334 3.5654175724394714
336 4.902918962770376
338 4.213005269439016
340 3.598672859564383
342 3.716160702434767
344 3.7073717231205796
346 3.788312381855673
348 3.924648459862195
350 3.759883572027685
352 3.6800205454109443
354 3.8315159606732943
356 4.2045892445471145
358 3.830232595862956
360 3.710782796119618
362 3.945101398677005
364 4.0252426574751
366 3.7036244071867674
368 3.7106705956721138
370 3.7191945219202105
372 4.289355708472946
374 4.144615060861877
376 4.154344294084438
378 4.559889935955454
380 3.9982489071765968
382 3.773443524360352
384 3.786469044797737
386 4.040518243619519
388 3.7258956213737227
390 3.9131566855154456
392 3.78879370422657
394 3.6791058109158246
396 3.919912250085384
398 3.9205853052519535
400 3.814228686438576
402 4.209585139478489
404 3.857887929124709
406 4.316045701859113
408 3.6679790198075986
410 4.50005152694381
412 3.674837654533841
414 3.753787887134891
416 3.8966227787266954
418 3.8063510347974145
420 3.779881374377595
422 4.055787313210335
424 4.040213076573123
426 4.547117713268747
428 3.7633634279442094
430 3.7255277897389196
432 4.235744618946723
434 4.028225008155047
436 3.6045613862054102
438 4.0501462308169325
440 4.5190597940440345
442 3.666622807007696
444 3.6898064684204943
446 3.724447551955446
448 4.274228212173024
450 3.9066199215507
452 3.8889063221966134
454 4.291270190446736
456 5.785958391495104
458 4.11255497468619
460 4.542513291346939
462 4.387722893338381
464 3.9489850017434445
466 4.447987809867716
468 4.1899652608017615
470 4.112042711058505
472 4.266309021121298
474 4.528425848093625
476 4.668246510435088
478 4.462220570940432
480 4.3709165402009456
482 3.885175807516666
484 4.492495794452606
486 3.8306401439392985
488 3.6461103065378855
490 3.81376259271
492 3.6954716700670374
494 3.816883966870625
496 3.6941699963170493
498 3.650051786720701
500 3.8190457371489615
502 3.8462208371130875
504 3.7941254544192464
506 4.230938894270947
508 3.7847876465345704
510 3.598597663711946
512 4.089832648335198
514 4.1787327421514
516 4.159452926174997
518 6.68452848564888
520 6.3867773047786605
522 6.155751785740458
524 6.662212475843274
526 4.583676435654225
528 6.242523289624278
530 6.833341022520434
532 4.624477239315304
534 4.998372532989357
536 6.370035015115112
538 6.013276470593474
540 6.888016313263777
542 9.848421150042785
544 8.973241969414824
546 7.594922053612713
548 6.158195713404661
550 8.820079641525407
552 7.256070302500661
554 6.589062426128871
556 6.510803242494478
558 7.454165042656152
560 7.248657583197635
562 7.182629583715664
564 8.621428482407723
566 7.976177366973115
568 6.4951504285426624
570 8.867674097340677
572 7.788822294442649
574 8.166480698983756
576 9.938241223527653
578 7.692621901931891
580 6.555038599620298
582 7.485222207075044
584 8.415318904282655
586 9.940406960312703
588 7.183077690561576
590 6.914375328377818
592 10.467336565615062
594 7.987715492650917
596 6.424128897548547
598 7.015483541648416
600 8.086152577908736
602 6.664941502380425
604 6.539487650925869
606 9.295901528112871
608 7.76499682365697
610 7.715872212698347
612 9.865476522104686
614 9.44212461259448
616 9.55994815573027
618 8.292487629934548
620 9.589476796856909
622 11.057113843711045
624 9.509265458453982
626 10.238182260886633
628 9.903148679996475
630 10.063565439701003
632 9.525650166910745
634 9.345205410272362
636 10.068244036987203
638 9.501619648730456
640 9.441028252223344
642 6.534990939054001
644 5.515975173687434
646 6.280509356598992
648 5.436366609721578
650 4.363279142659132
652 6.399749935987294
654 6.179359914476588
656 4.818152640795576
658 4.6694332829447704
660 6.594334070979173
662 6.931174826078519
664 3.7751569403635745
666 4.443352331041947
668 6.719778026596663
670 6.5800645211734
672 5.110631461060084
674 6.348525147024289
676 5.97834770672847
678 7.073036475873146
680 7.968535695648629
682 7.124898508306656
684 8.790223388610903
686 8.531029713990259
688 10.85129115819126
690 7.962147727182804
692 8.062698478212974
694 7.509417162755835
696 8.917703868439014
698 7.993464690725686
700 8.26882535256383
702 8.592274003931571
704 8.397475550287876
706 8.002360748255581
708 7.859587281435293
710 9.03216939727265
712 6.773343340248532
714 7.508526009118125
716 6.3549206569237375
718 9.120774079315701
720 10.681471005122237
722 12.368393958151433
724 8.463685436621045
726 12.609078871802826
728 7.453674745111038
730 9.54927359841331
732 6.405413682318956
734 10.377700709620475
736 6.715607621585337
738 7.526549298050844
740 7.659281869797584
742 7.082125213986835
744 9.626469209853486
746 6.1507231367545465
748 9.264799657591848
750 6.433121266617098
752 7.255667245316134
754 8.745888244992784
756 8.571046465415636
758 6.8164583376862895
760 6.949317017074287
762 12.374496060308507
764 10.73175392342612
766 9.800648579372794
768 10.582835506367498
770 10.711903811664486
772 11.351137754444165
774 9.25486763091345
776 10.310375441961948
778 10.191363531800294
780 7.128823255087874
782 10.78203274615835
784 8.926077885024373
786 8.71484299746795
788 9.602154426108688
790 9.140213505363267
792 9.980550576965081
794 8.50239061267194
796 8.177892176092122
798 10.629233121295341
800 10.923137696367638
802 10.334305907012661
804 10.68147560598368
806 9.940090515831832
808 10.123083549520272
810 6.549887521263789
812 8.558592111196013
814 8.689015150903453
816 8.861137797404195
818 9.189504451239722
820 7.6961011191744655
822 8.120792430677907
824 8.390153931217741
826 10.817788576353433
828 8.894902045756973
830 8.41772569327396
832 10.82135423671573
834 11.129010551186044
836 11.437428630137148
838 9.198963939544974
840 8.675590309488959
842 8.209074255993595
844 8.234278077548998
846 8.977533043907144
848 10.282679036982026
850 10.075797884790058
852 10.467524057768603
854 10.312330027748446
856 10.671806678726288
858 10.68846404871738
860 9.860241098615521
862 10.012614868877998
864 10.860354945810064
866 12.560741520516421
868 9.717434966800875
870 8.982084617365114
872 9.164918766943234
874 9.109999851268734
876 12.447399501576017
878 8.42245177973338
880 10.575801901136542
882 9.352707258477045
884 9.801882941768385
886 10.317078598878402
888 10.60358099308014
890 10.48519532887495
892 10.558538008691773
894 11.829018817498723
896 10.722261122047614
898 8.713568645518672
900 9.594028292896432
902 9.444646780943591
904 8.744713751428568
906 9.869041911800858
908 9.924773744864313
910 8.814272606969189
912 8.528995777331579
914 6.9729972045496735
916 10.061875263567478
918 8.18595371103429
920 9.874350703042733
922 10.801385552998529
924 9.145210808463167
926 9.517604112070565
928 10.321180895589821
930 10.668569427951441
932 9.265753721571262
934 10.446099713669824
936 9.09869314632355
938 8.975172721709873
940 10.999184627349218
942 9.287277266329873
944 9.03160591335536
946 8.770144871353486
948 8.871218423518508
950 9.57751691490121
952 8.68222613324062
954 9.335228755133267
956 9.060938231201286
958 8.47562745995611
960 10.376311481139732
962 10.196150187540086
964 10.984767889212717
966 9.463892624973463
968 10.17147387152366
970 10.26495426782976
972 10.723105307938859
974 10.477877584403618
976 9.922670499761882
978 10.075622515433198
980 10.685058080637425
982 11.067986419240942
984 11.052848235216446
986 10.59521187225587
988 11.355613747677138
990 10.167490977688495
992 11.42194717161542
994 10.126507463978944
996 10.057878932127371
998 10.362019887077357
1000 11.217070194493111
1002 10.883807782131495
1004 11.050449648723642
1006 10.520067412884952
1008 10.324151287084552
1010 10.251802920592262
1012 10.212000701243502
1014 10.67222148232862
1016 10.974601908840125
1018 11.296678519860004
1020 10.250767498332168
1022 10.018500552799747
1024 10.661026384708846
1026 10.115734933130662
1028 10.03194077417263
1030 10.373141356689024
1032 10.058486661142027
1034 10.867063042403476
1036 10.342248703394437
1038 10.187118585741345
1040 10.217285020781532
1042 9.612900374509563
1044 9.908805020343308
1046 10.29711792513293
1048 9.799547849853834
1050 10.464311497289618
1052 10.179355017535258
1054 10.099742138287324
1056 10.043057925601078
1058 9.920500657002265
1060 10.51564759992535
1062 10.326778663817315
1064 9.740786213722947
1066 11.234832521489945
1068 10.576807326392247
1070 10.409518957246487
1072 10.226262861766127
1074 10.156520521938774
1076 9.951169782876748
1078 10.53887294238007
1080 9.727925854345116
1082 10.218897507059449
1084 9.788943123742596
1086 10.575325412226535
1088 10.009836103415093
1090 10.637203442036077
1092 9.787926736040738
1094 9.77819560624627
1096 10.400447235471745
1098 10.921396488982735
1100 10.578709225582806
1102 11.266369532519803
1104 10.553075042940762
1106 10.156488499154344
1108 9.080783225238559
1110 9.947220470397797
1112 9.463009561624366
1114 9.881583519035162
1116 10.183664044277004
1118 10.054930258518596
1120 10.085804025795321
1122 9.58370181339222
1124 9.6342452765941
1126 10.352414415418371
1128 9.568315025927594
1130 9.799879659421078
1132 10.045104144915747
1134 10.224097588075232
1136 9.651292820803414
1138 10.086863356458444
1140 10.682179461490737
1142 10.186357117227246
1144 10.163305974143586
1146 10.857366669059639
1148 10.421542612359469
1150 11.342882485823607
1152 10.94603735471409
1154 10.34360422474504
1156 10.675641880151696
1158 10.996920528702152
1160 10.722480464465121
1162 9.451327161980767
1164 10.481881070690273
1166 10.939271385717952
1168 10.73357123964144
1170 11.146755561688334
1172 10.607435250467013
1174 10.421901927907781
1176 11.078489955367607
1178 10.273730450912856
1180 10.116572578743439
1182 10.690491628879714
1184 9.69494585672637
1186 10.589002325019797
1188 10.83627711143222
1190 10.230754346586314
1192 10.058238766795547
1194 10.228466599623998
1196 11.110986474417988
1198 11.019849563237436
1200 10.23270133574806
1202 10.991266778307217
1204 10.70712934502283
1206 10.730041427461524
1208 11.037022702226341
1210 9.582034237418105
1212 9.43635183817765
1214 10.088465979178629
1216 9.976302959961323
1218 10.842196227981248
1220 9.472487899923271
1222 9.544137366248169
1224 10.186901201757573
1226 11.16532968665661
1228 10.991277793626955
1230 11.191790462976154
1232 10.289017337186168
1234 10.41569339460414
1236 10.760006693873573
1238 10.357369711737462
1240 11.1593204678361
1242 10.597505799421228
1244 10.629866598877749
1246 10.769593459226048
1248 10.056513332491425
1250 10.079223936119858
1252 10.614257685925816
1254 10.168689380620918
1256 10.720500038501173
1258 11.268649468319753
1260 10.659181445331752
1262 10.840922159621371
1264 10.178073721496238
1266 9.648464223458129
1268 10.04854609480722
1270 10.34515409005483
1272 9.835441531970826
1274 9.419162582464336
1276 10.306764847891104
1278 10.212810327605048
1280 8.956122452057397
1282 9.794655970345978
1284 10.45568567013623
1286 10.168451393926285
1288 9.485073768278959
1290 10.004233360220661
1292 10.901153317396426
1294 10.825578393721164
1296 10.191930159582865
1298 11.046274586152476
1300 12.431769570227416
1302 10.461215697444898
1304 11.548202117368454
1306 11.328330149679378
1308 10.64106075578117
1310 10.583856163877027
1312 11.040460173651015
1314 11.285962950627626
1316 10.40529149700922
1318 10.666112524454894
1320 11.723224472859702
1322 11.474181125786728
1324 11.767230905408237
1326 9.754491447515909
1328 11.47935165010094
1330 10.44707302341306
1332 10.956962408988215
1334 10.000492452779769
1336 11.54948123140163
1338 11.29771574715781
1340 11.04989575146189
1342 11.274931396819722
1344 11.314558737694732
1346 11.662018771629986
1348 10.87572481715419
1350 10.987447319660724
1352 10.818115854703956
1354 12.18329532337696
1356 11.63640703048973
1358 11.974845934042175
1360 11.392282672857641
1362 10.153051695931302
1364 9.937379991113124
1366 11.246505681688102
1368 11.522591718036063
1370 10.524843961091534
1372 12.080014422710649
1374 10.820438050378357
1376 12.128833794823711
1378 11.282478662966973
1380 12.012942144127534
1382 12.524588185985937
1384 11.072347581942774
1386 11.026383014739649
1388 10.65684466816116
1390 10.975438176684445
1392 10.4693640648982
1394 11.194698352508096
1396 11.799003556418883
1398 11.967822771282469
1400 11.579160717214117
1402 12.094361539015804
1404 11.198304625668147
1406 10.601930947104842
1408 10.33395359848914
1410 11.634388207719104
1412 12.63040511834118
1414 11.18580184348055
1416 10.447446447979472
1418 10.444203717390526
1420 11.357417863017314
1422 11.067211904523637
1424 12.13323562099384
1426 10.932098748947665
1428 10.80330157021079
1430 11.050687498499608
1432 12.019281420693208
1434 10.975571153799295
1436 11.050316987752273
1438 11.273112801492207
1440 11.768920588365493
1442 10.77855436975707
1444 12.081435183733
1446 11.404318749445347
1448 11.35706915294943
1450 11.909203253042383
1452 10.606248875257089
1454 10.914352170319587
1456 11.233094853560324
1458 10.399875004530745
1460 10.300123980620583
1462 10.718886075861466
1464 10.919457645572319
1466 10.213731706170664
1468 10.864963008083485
1470 10.957702354673781
1472 10.99517583535737
1474 11.582773247998022
1476 10.324452822175841
1478 10.673944355499462
1480 12.196822940953751
1482 11.646264367525717
1484 11.082630175674662
1486 11.69944505233093
1488 10.517292016478105
1490 12.661444399431591
1492 12.37466572147139
1494 10.757701896672348
1496 11.033855843322739
1498 11.499569300273878
1500 10.707800117758573
1502 11.095103462771997
1504 11.062680057079008
1506 10.533453234155724
1508 10.30312156529776
1510 10.75662716653828
1512 10.648021752105697
1514 11.023279938304265
1516 10.831021389551953
1518 10.571942581348422
1520 10.774997530273271
1522 10.704498890210134
1524 10.604095418543617
1526 10.44386815258448
1528 11.148054609070195
1530 10.63624466069593
1532 11.343880471098178
1534 10.893673196844988
1536 11.673920561268792
1538 10.393731689002752
1540 10.884373888575572
1542 10.717261415234619
1544 10.321824587314195
1546 10.825023277635005
1548 11.043904441150115
1550 11.475605633087516
1552 10.58481865166702
1554 10.565630987186285
1556 10.731528469699127
1558 11.140325992549792
1560 11.311962683631146
1562 9.400917480986323
1564 10.648877933046561
1566 10.806832084061586
1568 10.734211269025087
1570 10.296458499828383
1572 12.10727380497988
1574 11.606511477057932
1576 11.05912121929168
1578 11.040896073340798
1580 10.734040699398374
1582 11.664755155934536
1584 11.30716600173196
1586 10.798230483017658
1588 10.206214521658369
1590 11.633423295279078
1592 10.542992279956946
1594 10.612340939899562
1596 10.702063715348828
1598 11.66695038188622
1600 11.332453120918894
1602 10.842493947428602
1604 11.680927907587954
1606 12.094332089162094
1608 11.685707814788525
1610 10.41542126577063
1612 10.77572113371301
1614 11.893244391851823
1616 10.843406919301673
1618 11.530401514875912
1620 11.534947750533991
1622 11.801067152490534
1624 11.465791910595218
1626 11.229826278906621
1628 11.608075731687615
1630 10.276314359557405
1632 11.387939284796346
1634 11.279825942408323
1636 11.403320269615614
1638 11.129645335536182
1640 11.620348383137157
1642 12.560469283795927
1644 11.429986297520072
1646 10.90073053834438
1648 12.135048422763475
1650 12.681685532900875
1652 11.910718040833144
1654 11.243193871901466
1656 11.376031288030916
1658 12.132039418686002
1660 12.1516646964545
1662 10.99356210727126
1664 10.64884861957517
1666 11.91656805390513
1668 13.213866871966724
1670 11.441306777960483
1672 12.164104438552027
1674 11.566973812221148
1676 12.11110231531683
1678 10.888346306372306
1680 12.194597824115544
1682 12.997883680184533
1684 12.857474985413008
1686 12.957722065735718
1688 12.480086974794956
1690 11.114376052458118
1692 12.4658324829197
1694 12.068484823831588
1696 11.969144100225344
1698 11.896325481721934
1700 12.860689927815132
1702 12.793127785037797
1704 11.706389045019757
1706 11.974872757462675
1708 11.967762379955388
1710 12.359080365113373
1712 10.690344757432232
1714 11.585019570619183
1716 12.55044168104255
1718 11.852378690816861
1720 12.294733412974042
1722 11.693160106922985
1724 11.927401707667023
1726 11.794721072765848
1728 11.086754930995264
1730 11.480974409110075
1732 11.38159214594426
1734 13.272402718183583
1736 13.678425071696674
1738 12.771150197424602
1740 13.268103144291214
1742 13.455528554299214
1744 12.692839151134697
1746 13.977996133112013
1748 12.873393607833151
1750 11.777009901466705
1752 13.494537531252416
1754 11.630813596153029
1756 12.488393590166957
1758 12.873654172018657
1760 13.495700258605186
1762 11.613241112392403
1764 10.568348798018445
1766 10.542800793517047
1768 11.083047693077285
1770 11.717082929736067
1772 11.939389937261947
1774 12.442957877148805
1776 11.111357148906388
1778 11.357832131724305
1780 11.13687475228421
1782 10.267742324100512
1784 11.324947040763012
1786 12.57032081929343
1788 12.197660613104551
1790 10.906715254118472
1792 12.636592868143232
1794 12.578391485920942
1796 10.73664746944135
1798 10.785378249484383
1800 12.745458309394596
1802 11.857702703060383
1804 11.568099278084356
1806 11.559769407568085
1808 11.18957818866757
1810 11.440495409076647
1812 9.797836144852845
1814 10.388000111501105
1816 10.958738818316768
1818 10.35887420635223
1820 10.808556118363219
1822 10.979432038453487
1824 10.482847424463438
1826 11.393725262220952
1828 11.621387235264908
1830 11.650878713974997
1832 10.523807711450246
1834 10.88488072201736
1836 10.472798993692061
1838 10.94405338492954
1840 10.954450329252454
1842 10.643817435788941
1844 11.091549005226849
1846 10.919534245154738
1848 10.291600318487427
1850 10.139289132808203
1852 9.973712442234502
1854 10.848819225001753
1856 11.315724965876099
1858 10.194375008681597
1860 10.730367910404558
1862 11.179291003134841
1864 12.121689633099427
1866 11.350619711475824
1868 11.008545308764537
1870 11.310116812914925
1872 10.93488666826403
1874 10.156035429225026
1876 11.247060472085575
1878 11.243786206581197
1880 11.044721625070295
1882 10.516445859724278
1884 9.969519173711564
1886 11.100452115862884
1888 11.165337769681335
1890 10.838306760123034
1892 10.4382672511104
1894 11.143345991564967
1896 9.97078518728641
1898 10.570972817946473
1900 11.856608024184828
1902 11.156210868360967
1904 10.811579428166034
1906 10.637554163081528
1908 10.644553069362457
1910 10.814578963513814
1912 11.467887215558914
1914 11.022297339961469
1916 11.662742549490611
1918 10.948485876182358
1920 10.710130575402294
1922 10.462402548642876
1924 10.776566548695293
1926 10.852268184988663
1928 10.711253664533613
1930 11.563266424139238
1932 10.711504981325875
1934 10.48967836598013
1936 11.563222932821851
1938 11.167894714500745
1940 11.334418012018903
1942 10.371875356613874
1944 10.188476163752888
1946 10.802227361656655
1948 11.137388053426223
1950 10.399895229400524
1952 11.175475297837128
1954 11.136116983808114
1956 11.211273309979536
1958 10.26935021964755
1960 11.258253993422835
1962 10.818146374874432
1964 10.612808156496927
1966 10.603476588906622
1968 10.884887667539914
1970 10.808937122415685
1972 11.599390481656135
1974 11.884062638156102
1976 12.000371011467479
1978 11.297051258703405
1980 11.65261970293508
1982 11.158176322066849
1984 12.583349120144382
1986 12.253515824490867
1988 12.54621730671462
1990 12.978729886306121
1992 11.989547709762615
1994 11.281791300209582
1996 12.251660826910534
1998 11.58707510087862
2000 10.914098370335342
