0 9.984937222839292
2 11.214234867332745
4 11.55271179362222
6 8.475153937912927
8 7.7964330281774865
10 7.513722726549204
12 8.451303789494292
14 9.331393771723299
16 9.179458646086998
18 9.262331415577018
20 9.160157452692022
22 9.175844159204084
24 10.733177957616522
26 9.436033059045304
28 9.160185833843926
30 9.642151469512775
32 9.209171723643122
34 9.676803072623857
36 7.941235015681919
38 9.270023960713882
40 7.9376788477240146
42 7.900669203216943
44 9.986220118482676
46 7.921450406995643
48 8.16427584163618
50 8.400472820241447
52 8.860875695491938
54 7.264235435007831
56 8.007495083652888
58 8.530292993413529
60 9.27843617055241
62 6.204986775870926
64 7.375022652906981
66 8.465778315680938
68 8.754504702603304
70 7.187768987412215
72 6.584075682122799
74 9.005404569276081
76 7.123940124283567
78 9.134187016971143
80 10.631658285995314
82 6.971615422142065
84 7.327542071038783
86 7.678313569241773
88 7.878893156208754
90 8.786352857320152
92 9.189637937512238
94 8.091593067827421
96 9.878891466178072
98 8.53989665377947
100 10.107832435202964
102 9.119210606262142
104 8.962067048881508
106 8.768757445685967
108 8.608688999015408
110 9.410277223953157
112 8.187971394030694
114 8.684780400326337
116 8.902452821294075
118 9.993365998975
120 9.365187303390735
122 8.452244352884438
124 8.687527620521346
126 9.374245989861919
128 8.947966505851765
130 8.47065133970238
132 9.200696293234708
134 9.36331977366215
136 8.445518032017072
138 9.422852866315223
140 8.933925223070915
142 8.931622552880793
144 8.427859548969924
146 8.96807498072399
148 9.019875944524815
150 9.024701810451772
152 8.622590266089274
154 8.93021716086319
156 9.26091903344618
158 9.0963831514594
160 8.021406445173014
162 9.372017961933391
164 9.48256331641171
166 8.64827037687185
168 8.768502664834573
170 8.230072203609812
172 9.095423508699584
174 7.605685793562477
176 7.700033858587285
178 7.712845764235118
180 8.422475614184389
182 8.161131759404897
184 8.021709244400874
186 7.071985672195589
188 6.948734485044754
190 6.472595339094705
192 6.245669517337984
194 7.404865309312592
196 5.9168276019273875
198 7.12383174444693
200 7.883659890424191
202 7.316021734759802
204 7.891164133039084
206 7.202445482965715
208 6.538766602571914
210 7.714924926790974
212 6.8729648563725245
214 8.678980869297654
216 7.830751452483169
218 6.957625237843432
220 8.082738363977223
222 8.31456233595726
224 7.730547979561248
226 4.695245406267546
228 3.972014512297951
230 4.204989182038888
232 4.574380951576519
234 7.509788149755254
236 7.013795915779101
238 8.442119839475255
240 6.715284857269254
242 5.724802668608313
244 5.891464332717127
246 8.425469079611668
248 7.459115878734331
250 8.28696656208712
252 7.159057156591264
254 7.721640436486542
256 9.0791521374003
258 10.422123389740392
260 8.793684582913187
262 8.458427019278467
264 7.244477529925425
266 9.207441746464896
268 8.733914090878116
270 8.380771958300535
272 8.671161416659587
274 9.652286525406387
276 7.695052842227397
278 7.093823447020715
280 6.382083543520459
282 5.7307995527007565
284 5.611438207023935
286 9.027042150350033
288 9.039041141536396
290 10.988522530292954
292 9.13549843483482
294 8.163559500432278
296 10.611432600317247
298 9.534543043131382
300 8.283735822749803
302 10.084308332971938
304 7.675866719479402
306 9.006726333042423
308 9.617491861236479
310 9.954492482961951
312 9.329386762974716
314 8.334291335966993
316 9.148205149230085
318 10.034584375737092
320 9.421563488908149
322 8.908006753824006
324 10.08882305649893
326 9.2738445940554
328 8.98137881120516
330 9.266297974026436
332 10.689675929811754
334 8.833693756968001
336 8.439179240816827
338 9.06345616992729
340 8.154380691195351
342 9.638154103685592
344 8.012304886615224
346 7.452409383241699
348 8.41728648084541
350 8.147864949476759
352 8.778397756379187
354 8.292296264836992
356 8.137262812615527
358 8.020360611495244
360 7.871842019337102
362 6.9910248989873365
364 8.653637164896475
366 9.087135682501899
368 8.37723532691105
370 8.293527065889027
372 8.77816680574754
374 6.827612121403774
376 6.752513497775686
378 8.85239485205606
380 7.5716140634886475
382 7.250031750852663
384 9.23022315684846
386 8.626088767689463
388 9.855807950032398
390 8.888980446743748
392 8.83524977153755
394 9.52850699355189
396 8.788167137729964
398 9.09946881331098
400 9.465147286392591
402 9.575322361553194
404 9.926739305586505
406 10.59375032408102
408 6.417628829739596
410 7.824671705489081
412 7.281957237904833
414 6.890591565168139
416 7.087973778021713
418 6.763865485516357
420 8.31619503607888
422 7.972764176996493
424 7.4096789983898255
426 6.897749841863323
428 7.990452368849903
430 7.224539011047885
432 8.282783427828326
434 7.814766700860064
436 8.14019336967684
438 6.754348985098853
440 8.756572209514136
442 7.683629335519275
444 7.301749776917355
446 9.115611196887874
448 5.9140938944045125
450 6.2461965033222375
452 8.374425971102399
454 8.3549051261433
456 8.131570904417122
458 7.056706454686527
460 6.901226909418935
462 7.684568747716955
464 8.08052793081814
466 9.013002677287385
468 8.666555567966004
470 4.421642805991105
472 9.9105521326046
474 11.055262987174217
476 10.130181891269366
478 10.199493291499527
480 10.341734792366088
482 9.695610888843783
484 11.689481511299165
486 8.988474556540885
488 10.475285911576574
490 9.91520894671917
492 9.47631616506695
494 9.797891698951666
496 6.457522495306052
498 6.809490607169038
500 9.150834358572746
502 7.588024547166333
504 7.9792354624849775
506 7.643797317221638
508 6.797127944756916
510 6.123340609991554
512 6.825162466948432
514 8.10117565712622
516 5.86413771070504
518 6.353367081535197
520 6.2374726018828435
522 6.837175042007033
524 6.336640455956974
526 7.6816275119896895
528 6.395636838416954
530 6.420200162247997
532 6.882986522799681
534 5.911498561325786
536 4.940177032143118
538 4.5447594338793325
540 5.385276619879031
542 5.955511817493708
544 4.636554866926181
546 4.599264774118098
548 4.598641369081185
550 6.208869885313695
552 6.2375315469114
554 5.683064847606677
556 6.2620278576079
558 4.826226160668184
560 6.90421625748949
562 6.198925309600025
564 4.490672316491485
566 4.409581176523869
568 4.55142323061059
570 4.40152547159227
572 4.331287072585417
574 6.248350231488836
576 4.023683548305905
578 4.926601818797281
580 4.15651911943691
582 4.631599178438275
584 4.285491874536887
586 4.565053415812704
588 4.265617641092041
590 4.091689366133745
592 4.311303734676344
594 4.206855422294888
596 4.263303824883776
598 3.8187223820516967
600 4.385843840849115
602 4.259955143235381
604 4.276564145580592
606 3.9676900382461096
608 4.382341659485957
610 4.604092962711923
612 4.284984917098468
614 4.37176611647597
616 4.608904451618671
618 4.615508028547438
620 4.898920884868268
622 4.45561515492069
624 4.279656948002885
626 4.288243685363023
628 4.336240755183173
630 4.406144531390197
632 4.877596397685241
634 4.6957956087267
636 4.67969845249614
638 4.722544586156765
640 4.428400859635517
642 4.567899294120863
644 4.883704665997675
646 5.817944823057823
648 6.296955869048497
650 4.726744983572519
652 3.7968140644470414
654 4.880863265930747
656 4.41489756896424
658 4.453383467015045
660 4.43118421103707
662 4.697261621629403
664 4.688653239653955
666 4.500626490413037
668 4.628271263806053
670 4.3402918528664705
672 4.728784229906423
674 4.99881231074674
676 4.292760510902797
678 4.470457428950981
680 4.752828483026264
682 4.544677962681757
684 4.25747228500968
686 6.2142823560131175
688 4.44357686488419
690 5.15450415756523
692 5.34476713582015
694 5.017750270144935
696 4.808389910510645
698 6.040166698455829
700 3.754179175995822
702 3.898216564383013
704 3.9356109757533555
706 4.883050882933912
708 5.5068470530204126
710 5.510770856657495
712 4.064105898798424
714 5.187648921879511
716 3.9372333452314656
718 4.691517883512548
720 5.234518090397812
722 6.096204775502261
724 4.431852137968972
726 5.780941866790518
728 7.035917080426709
730 6.643951936375222
732 6.315853195006659
734 6.307441909652034
736 4.581500622652627
738 6.214339561084985
740 6.466667380164413
742 4.3631795485430125
744 4.774285984201336
746 4.817114937344251
748 5.078215250407662
750 6.297873419417842
752 4.559925455523664
754 4.2214824188029025
756 4.34616249749266
758 7.585632636211889
760 7.096438190493375
762 6.930887783155433
764 7.437431502443157
766 6.1766411383638875
768 5.255422626212314
770 6.046322757212745
772 4.622544269926404
774 4.687479085242283
776 5.277630288649989
778 4.707119955090434
780 5.471398586870328
782 5.586365436522153
784 5.680328986623615
786 5.9635188469093805
788 4.967876371458167
790 4.730128146289328
792 6.426505974527062
794 5.108282498598413
796 5.954576109851367
798 4.825774670651341
800 4.87332810375071
802 5.684336988027731
804 5.566448376489898
806 5.197821444822481
808 6.888201090114163
810 6.054853252773326
812 4.6795828061125135
814 4.891853478025196
816 5.443764530707231
818 5.941699322988524
820 5.469362590690574
822 5.389124276510599
824 4.845647088177626
826 5.908176505623901
828 5.246308555621534
830 6.222522076594513
832 5.480926272225251
834 5.564253034201186
836 5.7727036339051585
838 6.1772677893502985
840 7.590075151279014
842 8.61364128499769
844 6.141034393657101
846 7.678179271174398
848 4.506325286788943
850 5.9192392582173765
852 8.928399938962846
854 8.464124995806817
856 7.970702880344911
858 6.963200642207525
860 6.687113577672602
862 5.124541572133542
864 4.172320363355253
866 4.3961387407234245
868 5.136898289996032
870 8.818666686923013
872 6.411441116090751
874 3.635119379279974
876 4.642040915364004
878 4.787049244831722
880 4.371111260720271
882 5.133902192416956
884 7.482307443331706
886 6.590441422679991
888 8.057670099003703
890 7.244125599877222
892 7.632960426698599
894 7.512331120633371
896 6.6163954744873825
898 4.968683327973643
900 6.190230097772109
902 4.4900424940012735
904 4.855952574828325
906 6.7808708248376055
908 4.732804065914095
910 5.924626716798253
912 5.234889568344561
914 4.965460922502533
916 7.965567477619298
918 5.6323410500792495
920 4.666928105107422
922 8.429675777625356
924 6.203754009654237
926 5.776999515404995
928 6.204915963712419
930 6.471512537588492
932 5.6526499652535165
934 5.140976809297263
936 6.279799347126173
938 5.820967048979414
940 7.823003234186849
942 7.363817424116009
944 6.081617174419422
946 4.814246490249862
948 5.726301497936938
950 6.526710625809308
952 6.55507125338714
954 5.869131238034512
956 4.121867665042611
958 6.347872106430719
960 6.392478460786219
962 5.770947340711854
964 6.693002806843218
966 4.761312736489854
968 4.602888752676527
970 4.998859504940024
972 4.552623100986509
974 5.619017608145306
976 5.419837589999335
978 3.9416249583171967
980 4.330989493780648
982 4.197806707361897
984 4.210533322151309
986 4.464052876562335
988 4.41335401670588
990 3.9041140926160867
992 4.458916141891127
994 3.885463591312593
996 6.4474207281339755
998 5.439947041092899
1000 6.779373319582292
1002 6.055204395281066
1004 5.6851211816766245
1006 5.813406589875499
1008 5.356072802835209
1010 6.272340663379356
1012 5.978263545713576
1014 5.2824348771382565
1016 6.493998868285136
1018 6.56295361342344
1020 6.517337785415341
1022 7.462881425018968
1024 6.981144790993716
1026 7.245718363341521
1028 7.217269104565416
1030 7.692028431145261
1032 7.177203346857544
1034 6.638304831362071
1036 8.070562611083583
1038 6.926817740059858
1040 7.231527833871021
1042 7.155792044914855
1044 7.0785960798022645
1046 7.2818205474933135
1048 6.697180421960608
1050 5.682445903212676
1052 7.636157259572485
1054 7.4607699915803725
1056 10.326302323864958
1058 6.613215404556665
1060 3.969241045228381
1062 3.6155866167664175
1064 4.098662546248013
1066 4.006240961091296
1068 3.6221697321169337
1070 3.6930267971004525
1072 4.6255148038818
1074 4.62857560265017
1076 4.585193748252185
1078 4.0062413922321225
1080 5.641505220452147
1082 3.974579021702028
1084 4.007154260348593
1086 4.645798731732317
1088 4.555983516588463
1090 4.408852691540945
1092 3.852542769529399
1094 4.460200857250213
1096 4.63169723415814
1098 4.767159542896145
1100 4.495894748129444
1102 4.652820647530807
1104 5.691146804745135
1106 4.353960743008679
1108 4.810180912549047
1110 4.63536734663445
1112 4.468103195662403
1114 5.123754605860507
1116 4.192017575412132
1118 4.807336681390041
1120 4.576602574564087
1122 4.6732121107328055
1124 5.006589419553919
1126 4.767333550039746
1128 5.095734860005267
1130 4.159072327254027
1132 6.368424009539684
1134 5.787580334364032
1136 5.113947134242513
1138 5.482221419901039
1140 5.7519729631625065
1142 5.635404222371755
1144 5.59336614704324
1146 5.954319464222259
1148 4.759078622992985
1150 6.020874236749206
1152 5.764624740692274
1154 4.451897517231286
1156 4.289638569152821
1158 4.038790989880021
1160 4.001775440634793
1162 5.196753393352302
1164 4.640890876486933
1166 4.9053840995547695
1168 4.495815123597458
1170 4.336703792790982
1172 4.18876843035611
1174 4.647625785887812
1176 3.803028349579893
1178 4.625074715008054
1180 4.02376122865678
1182 4.31297310938834
1184 4.010304015858619
1186 8.428983913744524
1188 8.711908129079752
1190 9.23994268226329
1192 6.90923773044462
1194 6.304140396511666
1196 9.310107916220632
1198 8.706577983872917
1200 7.9065207424948705
1202 8.257208477793997
1204 8.7062307014794
1206 9.163461695393131
1208 9.629403369369387
1210 8.880773593794991
1212 8.73816900527656
1214 9.041802004244778
1216 9.949923793176838
1218 8.988449460110498
1220 9.348738567592463
1222 6.37251595484401
1224 8.706064437478085
1226 8.708289035446894
1228 8.474232809537387
1230 9.076752292241618
1232 8.352290086118158
1234 8.452093254895534
1236 6.887823144224104
1238 7.225271774940527
1240 8.303218074304219
1242 6.509382107855195
1244 7.485759900901743
1246 7.4189182938740235
1248 4.902613100175653
1250 6.188789466732809
1252 7.381274880394265
1254 6.955207941169087
1256 5.406487116601308
1258 6.879311085743083
1260 6.917345652790752
1262 5.815380985972324
1264 6.25637039944872
1266 5.82008672119706
1268 6.590549915860756
1270 6.37997708068683
1272 8.013235034111265
1274 4.12361763429283
1276 4.5502050359482835
1278 4.708294693000196
1280 4.912314060728711
1282 4.118181216064783
1284 5.544484373157851
1286 6.61578062081584
1288 6.892413426501963
1290 5.854930787513558
1292 7.03336771321496
1294 6.729510751436589
1296 6.0714082726421355
1298 4.900416136226381
1300 5.659691584512486
1302 7.228924554430699
1304 5.555694497120314
1306 8.594898246089416
1308 8.047179335112721
1310 6.72134379712284
1312 6.651940659124188
1314 7.581724871855367
1316 7.597916867318219
1318 6.63790604401603
1320 4.7492941100199575
1322 4.540589398036356
1324 6.284285728640661
1326 4.585261449986021
1328 6.156214489210756
1330 6.308128973785649
1332 7.479051136896102
1334 5.684981985211002
1336 6.630739412114454
1338 8.535771307219408
1340 6.786965629775823
1342 8.866672197309594
1344 8.378476287049393
1346 7.241094353529761
1348 7.835574203318562
1350 7.5669612716729855
1352 12.157249121963323
1354 9.74826770781798
1356 6.914060276750602
1358 7.05401523912031
1360 7.075883011891633
1362 7.856368485971439
1364 9.669238144571738
1366 8.660919635040578
1368 8.404793626750344
1370 9.405584313163931
1372 9.751323834030732
1374 3.649158021575122
1376 4.018009615413758
1378 6.205636598452283
1380 3.768944322837593
1382 4.320198511578667
1384 3.962807519001299
1386 4.0645483087510295
1388 4.911132816707526
1390 5.779273834027279
1392 4.3144537757536945
1394 4.932483021496649
1396 4.236060367864063
1398 4.227879992649431
1400 3.7590007062859936
1402 6.702450252423664
1404 4.317539615067265
1406 4.227767446080996
1408 3.8115878951862685
1410 4.317002472975059
1412 5.746612471811979
1414 4.250716295657309
1416 3.8126301335435255
1418 3.8223993669169727
1420 3.8927951935684764
1422 3.9800487603595243
1424 3.89864144084163
1426 3.8170725661108236
1428 3.859235465281564
1430 3.810575409952365
1432 4.571472938971823
1434 4.887787468694756
1436 5.93779882523426
1438 6.646754548855531
1440 5.020855455197748
1442 5.014470758947897
1444 5.592323480926863
1446 5.825442219343408
1448 6.533760140222246
1450 3.9760836969312647
1452 4.628182476383948
1454 5.413634886277621
1456 6.784554524539667
1458 5.683432503619742
1460 6.307216947773055
1462 6.62015802293032
1464 7.41071209285597
1466 6.7347506352861854
1468 6.8742946864003205
1470 7.274080717238716
1472 7.245851074111953
1474 7.460658303444676
1476 7.253659251741877
1478 7.140005130719576
1480 6.179162522150117
1482 6.902015932459954
1484 7.683171395522625
1486 7.252043015956638
1488 6.638676469645863
1490 6.9115871456106515
1492 5.9765846711239154
1494 6.323765867435707
1496 7.908534912929475
1498 5.4578551420414625
1500 6.051930749938604
1502 6.6908396186359935
1504 8.22014470217055
1506 6.697824105014604
1508 8.91373235482375
1510 6.911133497709134
1512 6.519156519622922
1514 6.30568386450363
1516 8.548753328867827
1518 6.755451392085824
1520 7.206594827156717
1522 7.045196653919718
1524 6.820209640460102
1526 7.477796568257358
1528 6.420932279509393
1530 7.109590362897357
1532 7.032432159748773
1534 8.632044473051721
1536 8.004173552761916
1538 8.159418320964997
1540 7.938166047665236
1542 6.836870574728579
1544 6.329940187195067
1546 6.264236152775049
1548 7.1372275065028346
1550 5.447676129107313
1552 7.282967016489576
1554 7.2388449123713
1556 6.407170135903387
1558 7.049604546029809
1560 6.342145150396703
1562 6.055101093237546
1564 9.522456099775892
1566 9.40872212699798
1568 8.991432003590033
1570 9.260703751786492
1572 8.603312889214665
1574 9.657762816374506
1576 8.95047632375947
1578 7.297683459884535
1580 8.4681888421162
1582 8.611809812318473
1584 7.789003299139287
1586 8.767672914189705
1588 8.731479734544491
1590 8.678119001718333
1592 9.633466621648346
1594 10.198259218561278
1596 9.426071104199897
1598 8.428633260656978
1600 6.797202568893359
1602 8.750018033962073
1604 6.404286920071345
1606 7.013006585250532
1608 6.2368753968368145
1610 7.233934876684464
1612 7.991281582804466
1614 8.921684291214309
1616 8.08779219671497
1618 10.474324053604324
1620 8.249640001246904
1622 7.308987102756795
1624 7.191703687918684
1626 7.212116149963302
1628 7.162020200735518
1630 7.33660186356728
1632 6.112425145728826
1634 6.599216878036552
1636 7.355149509723035
1638 7.91257948608881
1640 7.820741703539159
1642 8.503167514281305
1644 7.432835110563155
1646 8.154329202785625
1648 7.801766343666586
1650 7.1444661501026845
1652 9.426243369578826
1654 7.362320170211205
1656 7.947134255258821
1658 8.862672404648544
1660 7.978530333526873
1662 9.68162846763486
1664 5.882297479635913
1666 6.629071181016231
1668 6.202074817138278
1670 4.328846854994968
1672 3.951819655421404
1674 4.858031196085145
1676 5.596528685842135
1678 5.87222474085028
1680 5.675891520244479
1682 5.986420647228397
1684 7.796938933472332
1686 5.995749730564743
1688 4.628806001031856
1690 4.373023010349208
1692 6.556425680704724
1694 6.0042122131565385
1696 4.2818824877836805
1698 4.41576592892334
1700 4.1471252419300075
1702 4.156551569921425
1704 4.5453530239777375
1706 4.811752034518635
1708 4.153097141059153
1710 5.997299527588978
1712 9.503099533879682
1714 8.852694311680235
1716 8.926146455877424
1718 8.834097329593217
1720 9.911350527913674
1722 8.288626007966762
1724 8.818125673130814
1726 8.360620478200554
1728 9.048039498271294
1730 7.92941598057399
1732 7.916104846995841
1734 8.578893500350338
1736 8.101239913796961
1738 9.363598354886477
1740 8.69465043175344
1742 9.11809175705526
1744 8.155983903714855
1746 8.926780730084825
1748 7.8656947876343715
1750 8.621381629625434
1752 9.413938102463549
1754 9.039166955290371
1756 8.094245161619373
1758 8.82348159237382
1760 7.426695331450796
1762 8.891120393781133
1764 8.133124480690846
1766 9.218783302712321
1768 8.236171612295312
1770 9.419234716348747
1772 8.195606392946305
1774 8.64835446869239
1776 8.361082105920842
1778 8.686138305209619
1780 8.280249945521561
1782 8.611046954045849
1784 8.620280324183053
1786 8.0122787491708
1788 8.745178747080264
1790 7.6319175588480075
1792 7.3516376731393365
1794 6.886521904542037
1796 5.99283235611403
1798 8.838035727055312
1800 8.866413480990971
1802 9.046323844394857
1804 8.10966116389193
1806 8.102763504880324
1808 8.39142750723505
1810 7.742098619889948
1812 7.772932475746438
1814 8.07756339849257
1816 7.504916577776661
1818 7.483438533782476
1820 7.760893302903638
1822 8.94204096869703
1824 8.69424862546582
1826 7.4042330995085095
1828 7.853479419300965
1830 7.862338952096725
1832 7.564959226552016
1834 8.636451428692311
1836 8.089602718151923
1838 8.777727207777797
1840 7.088618674723612
1842 8.304078248176287
1844 8.775882479122075
1846 8.744026224968398
1848 9.549657379564238
1850 7.789141941832719
1852 7.839300370048727
1854 8.733458582718356
1856 8.23675473758872
1858 7.928586894066207
1860 7.6456433637148224
1862 8.06254036637574
1864 8.237750696007142
1866 8.835540276910928
1868 9.614696644458062
1870 8.420008881628755
1872 9.258218604623892
1874 9.178551288396713
1876 8.590498143990994
1878 9.748267379110164
1880 8.349471130802156
1882 9.43474771701463
1884 8.84218364206825
1886 8.101299640150314
1888 8.418689518893553
1890 7.614098396458135
1892 8.139044098091981
1894 8.634685752643795
1896 9.370560165808927
1898 8.831478751447037
1900 9.27873699242421
1902 7.8543109916548035
1904 7.727542499389075
1906 6.88997548756665
1908 7.966284457745056
1910 8.697573560480759
1912 9.431568058262888
1914 7.7919281518618915
1916 8.169596641047313
1918 7.640818400866164
1920 6.940604892722527
1922 7.59851291925098
1924 9.8411799794887
1926 7.630004219264634
1928 8.691126193526605
1930 7.810444213895001
1932 8.1879718259973
1934 7.35013452316074
1936 10.083466862511518
1938 9.326077359470176
1940 7.530218226298174
1942 8.634474404164576
1944 8.427440200544998
1946 9.141912225741523
1948 9.058757402037795
1950 6.517137335269095
1952 7.633689761358507
1954 9.124842900514897
1956 8.957261988009652
1958 7.811866510255483
1960 8.791134422451858
1962 8.939441535457282
1964 10.30020325277032
1966 7.314412151928254
1968 8.63850467811518
1970 5.254959458795463
1972 6.627142063694596
1974 8.975666307126195
1976 7.494452207578087
1978 6.5236889500584345
1980 6.952692399211228
1982 9.90608962711976
1984 8.203663790345793
1986 6.068033091889475
1988 7.303018100099492
1990 6.424443868727853
1992 8.8569368541422
1994 6.2693503760983
1996 6.8646597532483975
1998 7.139445023540695
2000 6.796426592611623
