0 9.278996573328516
2 8.308127689902856
4 8.877265392786535
6 8.402225239245546
8 6.6362929449779875
10 7.111258314252895
12 8.411924433300076
14 10.894173859103743
16 8.484938320100314
18 8.121745740460772
20 7.512825408846499
22 8.514833338347263
24 8.581949111504363
26 8.103976291440517
28 7.475635229978693
30 9.569896991140947
32 9.591635241110565
34 10.271571563556865
36 9.764782232385496
38 8.339209730005422
40 7.517774512325547
42 8.442794244336481
44 7.22125080971802
46 9.26409691400751
48 8.055958210119716
50 7.696105444158916
52 8.454638502625945
54 7.951499048709304
56 8.692670132825484
58 8.1863341645238
60 7.7734301688133725
62 9.007653828628637
64 8.294855595781561
66 9.698505108663886
68 10.045979521233022
70 9.103522150222862
72 8.552904703646327
74 7.084836034500299
76 8.57567243194153
78 9.048983468140174
80 10.256337957351652
82 9.846297750034266
84 9.197583056876859
86 9.270969905544176
88 9.315221358745184
90 9.211725716384027
92 10.071192859964695
94 9.421928748360603
96 8.960730987439637
98 10.06535906405897
100 9.523735422694214
102 10.315040465963428
104 10.372318602342595
106 9.899181360480712
108 10.528175287197243
110 10.828844153946854
112 10.068199860827399
114 10.151344333264467
116 10.169812913823176
118 9.621854071923194
120 9.098073062486693
122 9.033052924428981
124 9.308040474471543
126 8.300228284156113
128 9.893816519848063
130 9.97392724195044
132 10.01905386487706
134 8.953169409794722
136 10.326417694374175
138 9.869359692926974
140 8.98125231228778
142 9.222450057257129
144 11.18644391060915
146 8.576509799802075
148 9.929593640146305
150 10.191189421625813
152 10.473080112239934
154 10.589817627806912
156 10.629586504613021
158 9.399951010236718
160 9.796944101134505
162 9.868591289846822
164 9.130595199392564
166 9.235825091375931
168 9.794170632023237
170 7.720425512417261
172 9.66054157105464
174 9.702228652868357
176 10.543251983914713
178 11.63371244236809
180 10.394354161782214
182 10.381984996299291
184 10.039023641096994
186 10.119544488965449
188 9.657992502444673
190 9.573414255649462
192 8.48781703710864
194 9.992542077980334
196 10.090399608128635
198 9.010808175243595
200 9.338554063741425
202 8.626610096546457
204 10.212943447913196
206 9.938136723994386
208 10.13237526237855
210 7.441870668743867
212 6.954648227641765
214 8.423944999769672
216 8.470352313248512
218 7.828141380504421
220 7.563608453204523
222 9.539014516032019
224 9.681657169143621
226 7.970200649593953
228 11.509728778524545
230 10.538887560517342
232 9.189695917025674
234 11.467285162754862
236 10.042531785638753
238 9.938114737528608
240 10.397744672961407
242 10.279526663547687
244 10.074602353875026
246 10.219204136865574
248 9.909445783751108
250 9.587912754137557
252 10.71976090435109
254 9.660499828984664
256 10.186955608777607
258 10.009563018682607
260 9.40552481210085
262 10.813226846141045
264 9.04153399339709
266 10.506925950645687
268 10.124937182129093
270 10.211194821650343
272 10.618934063193192
274 9.988651125005747
276 9.502942854256291
278 8.283458927836747
280 9.689658294732629
282 9.673499200226194
284 9.35027236949928
286 10.297130820336264
288 9.203504974119165
290 9.190982909996078
292 8.617079335861835
294 9.62844474521756
296 9.099522909884142
298 9.031859197326524
300 9.433598906250792
302 10.01416403121379
304 9.54719925479969
306 9.310349771097103
308 10.148720410498175
310 9.86977027695415
312 9.396227105740095
314 9.577717025563828
316 9.417801873069546
318 10.219646508965807
320 10.16342731609873
322 10.927896895577161
324 9.043192518493667
326 10.224454509184996
328 10.706340632941385
330 9.860666145744512
332 9.232865398664964
334 8.945113803573129
336 10.362352910711438
338 10.57112375484543
340 11.121667626710869
342 11.041462106500758
344 10.301384806310796
346 10.969083105141605
348 10.422680242915067
350 9.362038443217065
352 10.12022842406201
354 11.086120515800735
356 10.338406240096582
358 10.889970949413398
360 11.111315431366949
362 10.299229820576283
364 10.260180057486618
366 10.134198435638531
368 10.117150448929118
370 10.881281666439097
372 10.338931157788645
374 9.36478373622805
376 10.050656633932874
378 9.567961975381104
380 10.636075924645846
382 10.360197936122567
384 10.359745170375806
386 11.341876572714582
388 10.59756668447919
390 10.653490043069677
392 10.64652462728767
394 11.282353542536791
396 10.337596610748431
398 10.392831498861899
400 9.949895231836514
402 10.184959158501053
404 11.082978347793059
406 10.523285302186382
408 9.742033047782813
410 9.139989020010756
412 10.62572023897334
414 8.888389066585129
416 9.369187637014312
418 10.923757005178798
420 10.638967199037019
422 11.04390337230765
424 10.33448069500267
426 9.260307780479827
428 11.077412340994659
430 11.135574100738507
432 9.268120425059728
434 8.35739151921446
436 10.360465249769383
438 10.28868433498038
440 11.674028040420541
442 10.683851093226131
444 10.347628380662842
446 11.20679690808774
448 10.728283238939477
450 10.13868701688215
452 8.721330629722894
454 10.183057697402901
456 10.156325170696277
458 10.268210012568861
460 11.1609382125642
462 10.8975956890954
464 8.758008548871716
466 9.706730022679077
468 9.965564087149698
470 10.496728681485799
472 9.175205012642843
474 9.43673943735366
476 9.95713771305688
478 9.862117079812869
480 10.20882054315519
482 8.975824582107343
484 10.813061618788378
486 10.044979218865132
488 9.773057407148666
490 10.260426889507164
492 9.34257075935533
494 9.059946671386205
496 10.558321792737399
498 10.94960801155552
500 10.670674207243405
502 8.530752025161725
504 10.293817736127536
506 9.103718565208126
508 9.573116822874098
510 9.353591844614359
512 8.71388181147697
514 9.884497490066758
516 9.187657072424681
518 8.635771817614529
520 9.581613511488786
522 8.876603187550865
524 9.933399838365041
526 10.750002602085178
528 10.472987278842046
530 11.41450694265458
532 8.970623464021587
534 10.347212521609285
536 10.128718704577059
538 10.920398872836396
540 9.621652403025184
542 10.539659224190581
544 9.354378625657807
546 11.192509640199418
548 9.605776032728576
550 9.835672341793417
552 9.48718266608127
554 10.85797966586487
556 10.291828547497598
558 9.20075977306416
560 9.78897973921334
562 10.44835501570619
564 9.63040124867642
566 10.484996168495686
568 11.080454407337715
570 9.990163213796084
572 9.397541609033269
574 10.735960025584088
576 8.668742600975023
578 7.0392712148709045
580 8.550093237656016
582 10.850168515217867
584 9.091476715127307
586 9.323631362093801
588 8.651901424751799
590 8.49602722352252
592 9.004071566066504
594 9.934524534894338
596 10.765592291204012
598 11.438020060008084
600 11.160762030452027
602 11.141600460231965
604 10.62360097320875
606 11.080774372736421
608 10.784926349952835
610 9.864016747024534
612 11.39389307354612
614 10.27269366277172
616 11.130622809330372
618 11.618629327715507
620 8.73084985378486
622 10.4842566414218
624 9.970030762406893
626 10.338738032945551
628 9.876128492557157
630 9.076922776496435
632 6.875888165733608
634 9.120101673162532
636 9.578898098517012
638 9.55220351389281
640 8.726220379938432
642 8.555635485434461
644 9.080163771040946
646 9.103406201072326
648 8.174879814362857
650 10.360356588818185
652 8.83629869675246
654 9.727674802113821
656 9.440382198744784
658 8.404869617768894
660 9.04895208237273
662 8.534284128071544
664 9.563102442375667
666 10.155992356107767
668 9.918659163887934
670 10.058216727462643
672 8.611268374495756
674 9.5444191178765
676 9.183266159321583
678 8.378182756315738
680 8.882850888185802
682 8.554399057463765
684 9.97253238652762
686 10.282417065754222
688 9.988182323921416
690 9.434904111732337
692 7.568688510990513
694 8.856259795943945
696 9.07886869600794
698 8.655938263657978
700 8.913099925439402
702 9.061683887354942
704 9.784757556750364
706 8.0912842656124
708 7.964477547982414
710 7.568360742341964
712 7.1510051049702295
714 7.557195210167716
716 7.200118359339541
718 7.292201746457401
720 10.426900404322527
722 9.032098252031522
724 9.792535827902302
726 8.741098425517524
728 8.476723670526813
730 9.62001512015482
732 9.921110125233493
734 9.359137090375787
736 9.677053651009462
738 9.727175018366315
740 8.82701358740036
742 10.33804356968272
744 9.12542365040261
746 10.966123848731911
748 9.436950186899287
750 9.559853330949919
752 8.72581112721945
754 10.66492061494269
756 8.611082017281236
758 8.88561517770186
760 9.804868813687877
762 8.563756769190544
764 9.269970496995887
766 11.321319544152452
768 10.87669981552286
770 11.103033148736685
772 10.938021124587257
774 8.485289999445422
776 8.860934107950786
778 7.913662099634214
780 8.744745939305016
782 8.867353499968251
784 10.028817685882474
786 10.73632873584797
788 10.514693182852989
790 11.026778411053336
792 8.689802504250906
794 11.174453910577556
796 10.7913052967351
798 10.508064610998671
800 11.36767442095779
802 9.421685045990793
804 8.90255106730847
806 10.167090406684169
808 9.677362861029554
810 10.171561582665358
812 9.793625715904827
814 10.09777161110464
816 10.544167723715896
818 10.290504729087282
820 11.307571087182774
822 9.675598657821885
824 10.89053874957886
826 9.610038512092876
828 9.086315970129258
830 10.110149058410133
832 10.582765697566442
834 10.277710995226524
836 10.556118366188736
838 10.130005477800218
840 11.161295269417257
842 12.510486334626028
844 11.471060567711662
846 10.58271902180899
848 11.082051163459683
850 11.578406719040329
852 11.120806188381467
854 10.688054265512736
856 11.809922764437745
858 10.672118336299743
860 10.846742353811608
862 10.569790406545192
864 10.883629429137692
866 11.337182176941477
868 11.87026032442817
870 10.98338842573354
872 11.86624043625872
874 11.448053576415957
876 11.972683641514712
878 11.457651081863363
880 10.255817308229071
882 11.1108148678755
884 11.285933289007598
886 10.45841363668175
888 10.924182820571286
890 11.363040114054824
892 11.418584914846802
894 11.438433681582266
896 10.90350114110398
898 12.08242751608473
900 11.293382894222352
902 10.24469322955629
904 12.318408180546983
906 11.463510124470709
908 10.7125050941942
910 10.43778613561737
912 10.727054701245647
914 10.77273123761748
916 11.919367359705841
918 11.670192126321256
920 11.755039674861877
922 10.387221867228595
924 11.09194801991502
926 11.275607577919176
928 10.909179799607527
930 10.35560191602177
932 10.571723703321506
934 9.758159848889663
936 11.813666117987443
938 11.566464728038232
940 12.158594706671195
942 12.527391161091556
944 11.70369396720743
946 12.374596519229724
948 11.728517599136936
950 11.511650564991864
952 11.78143597566671
954 11.661725354276127
956 11.447365770133171
958 10.477777122452979
960 10.906642003614722
962 11.031167474214543
964 11.108309560428069
966 11.090229583374622
968 10.951623400332638
970 11.293198047790115
972 11.604654179803815
974 10.85487553902074
976 11.975944953095091
978 9.625158872729376
980 10.63419658171198
982 10.445070161858423
984 9.154387280532019
986 10.039404988082566
988 10.498005681896897
990 10.46776454288064
992 10.423591993063917
994 10.648813823143728
996 10.635951216056455
998 10.78966308803283
1000 10.423340068445016
1002 10.102007805708414
1004 11.03687520240252
1006 10.715043432136603
1008 11.215839938016634
1010 11.194102000809586
1012 10.537321530391559
1014 11.40189454756439
1016 11.594360307466948
1018 11.497498649901507
1020 11.366433444438751
1022 10.539082762966677
1024 10.643274364299597
1026 10.337342593048128
1028 10.865402281085197
1030 10.803586635271705
1032 11.363260116217674
1034 11.442158423125665
1036 11.537340803481747
1038 11.454480470745567
1040 11.420028787502261
1042 11.798408717819889
1044 11.338362815587914
1046 11.474187095288858
1048 10.877866596699512
1050 9.704022694929474
1052 10.693155092512802
1054 10.546316288153331
1056 10.860105287243167
1058 11.059451352910177
1060 10.367777746133413
1062 10.563397926654105
1064 9.933928363296015
1066 10.670929769606891
1068 11.205892385059183
1070 10.317849441428269
1072 9.828151464498461
1074 9.490099634227217
1076 10.295610461374572
1078 10.373836229325942
1080 10.629223919423447
1082 9.699078676024634
1084 10.525693177655345
1086 9.30776422749197
1088 10.064562587794828
1090 9.730501450794536
1092 9.577571232590921
1094 9.70008189279087
1096 10.119359905825718
1098 9.639637315506743
1100 8.807841926758714
1102 10.118842588287805
1104 10.475740536246938
1106 11.235375204169838
1108 10.277905930564561
1110 10.472635928593267
1112 10.74333654479913
1114 10.052552511651857
1116 10.572471195815005
1118 10.921837929960382
1120 10.749750313206112
1122 10.523237818845137
1124 10.819121118132099
1126 10.443382913435855
1128 11.340034516836976
1130 11.211648997050021
1132 10.772939517250183
1134 10.483259454790554
1136 11.067289425467715
1138 11.396645154448125
1140 10.365268520301814
1142 10.369790769285562
1144 10.192706959928369
1146 10.968557509913907
1148 9.635275664174866
1150 10.500800744614892
1152 10.879011579383992
1154 11.106728802477274
1156 10.77098229677567
1158 10.966249423112842
1160 10.219215245887117
1162 9.235859647272733
1164 8.777253149392228
1166 11.001272806501515
1168 9.678495246013014
1170 10.203723438199372
1172 10.363987307361691
1174 10.188586628898438
1176 9.413461881453964
1178 10.061958520649684
1180 9.860170341708029
1182 9.632087597232971
1184 9.000079242109567
1186 10.02262840350734
1188 10.390702466672726
1190 10.107363382682914
1192 10.481148760494436
1194 9.697232903397142
1196 9.295164189358418
1198 10.692562198455494
1200 9.945266165875552
1202 10.241630417253964
1204 9.955446554582116
1206 10.444566553161106
1208 10.032092418631825
1210 10.487123244386035
1212 10.473299928351345
1214 10.58367790315975
1216 10.071615041194297
1218 9.716859566067571
1220 10.589001825279999
1222 11.287373215953657
1224 11.235757091022876
1226 11.866143821629104
1228 11.713344596448476
1230 12.06304922674098
1232 11.995964264809414
1234 11.86743524495628
1236 11.375689190797281
1238 11.821550093994752
1240 11.321410199272426
1242 12.335866839965794
1244 12.246060718407056
1246 12.152303708298607
1248 11.751927623788275
1250 11.646067138101474
1252 11.100751449996405
1254 11.548169418790811
1256 12.050267325449123
1258 12.183660618958902
1260 11.577815855462667
1262 11.435794186058235
1264 11.717961059641807
1266 11.937198928250133
1268 12.105507588576792
1270 11.854005319997968
1272 12.048943113460984
1274 11.797812959144649
1276 11.865426936456137
1278 10.810318525000714
1280 10.378950756751854
1282 11.568632368201929
1284 11.355387811999016
1286 9.8263437876301
1288 11.17024432073472
1290 11.687322032272139
1292 12.7891778409993
1294 11.030019991486258
1296 12.772391640814826
1298 12.593154481018878
1300 10.92349831015927
1302 11.18505640076358
1304 10.840098412831171
1306 11.558281670340024
1308 11.951828269634017
1310 11.584228141800525
1312 11.15697977086358
1314 13.136370809909202
1316 11.37965201759471
1318 11.724966769500535
1320 11.666052684553756
1322 11.990620539677542
1324 12.247515837610125
1326 11.853246427961414
1328 11.76923526234038
1330 12.194541020881204
1332 11.879608841310166
1334 11.948252234941986
1336 11.816944878222085
1338 11.48113814424209
1340 11.700099034608785
1342 11.968092187274264
1344 12.339189006428816
1346 11.302864002630217
1348 11.185326723215931
1350 11.613618501768682
1352 12.119412623613563
1354 12.194653625703149
1356 10.873619815211958
1358 10.642520187894245
1360 10.659627115628119
1362 11.914815690331611
1364 10.749629669484667
1366 11.448447683862513
1368 12.061078520924347
1370 11.386837502329282
1372 11.754811002120372
1374 11.463217823245198
1376 11.93495363377704
1378 10.526365221655935
1380 11.688781319720059
1382 11.27254194132573
1384 11.623256190881497
1386 12.066560847486102
1388 12.464454530608748
1390 11.61071194643483
1392 11.698635483687791
1394 11.813472918324202
1396 11.417437281561265
1398 11.68501060240545
1400 9.699775644756883
1402 11.558288693064187
1404 11.675419152130626
1406 11.008049896390228
1408 11.680255756714947
1410 11.40769910369417
1412 10.840210760821561
1414 12.42452510769066
1416 12.224614360077231
1418 11.464061970526513
1420 11.720175351862853
1422 11.58885788511144
1424 12.23521348262848
1426 13.033732617474985
1428 11.208994291250374
1430 10.536885889227204
1432 11.014293137157297
1434 11.422596122820849
1436 10.604405900069695
1438 11.253679079544215
1440 11.098330062482479
1442 10.538691625877071
1444 11.167639793683307
1446 11.233002224837566
1448 11.105365923780733
1450 11.73212514893715
1452 11.359658049554929
1454 11.014173638600608
1456 11.545395281119232
1458 10.996463223978846
1460 10.969799690053696
1462 12.81289129571251
1464 11.77060971945783
1466 11.336179232649982
1468 11.303563444571326
1470 11.890109274246615
1472 11.295287622553586
1474 11.652678626966077
1476 11.317170818206773
1478 10.901312382638046
1480 11.533340068250613
1482 11.49699173034972
1484 11.65070328425886
1486 11.096491686686482
1488 10.73631319070878
1490 11.744187989991204
1492 11.233098314029254
1494 10.848721924356905
1496 11.561338587415964
1498 10.920647052696951
1500 12.885594106117534
1502 12.541358084749403
1504 13.128613691744446
1506 12.686880477681697
1508 12.208070567006235
1510 12.95595548981051
1512 12.413586718974571
1514 13.05039073023532
1516 12.40179881184896
1518 13.14953233962185
1520 12.71430915446949
1522 12.709374250833198
1524 11.894743047428525
1526 11.538071182346878
1528 11.623523583686342
1530 12.215802651642065
1532 12.140699508852544
1534 11.017450320290578
1536 11.270470223285324
1538 12.02269452898121
1540 11.448149672346632
1542 12.328235831671687
1544 11.503927291870632
1546 11.446541759397482
1548 12.606198454149935
1550 11.312007973374964
1552 12.080140512546567
1554 11.999426268788
1556 11.734991215304447
1558 12.478851860493757
1560 11.92827210184681
1562 12.51916097663366
1564 10.81334104868031
1566 11.8587165539505
1568 11.70720211558604
1570 12.3660727201373
1572 12.52353958844086
1574 12.213117391671291
1576 12.444430100793562
1578 11.427342800210647
1580 10.94048818960104
1582 11.33435082729423
1584 11.68164181588263
1586 11.17451450353531
1588 11.493239503364213
1590 12.11021460899943
1592 13.111844992746756
1594 11.245475264399488
1596 12.005442354633141
1598 10.534464642178294
1600 11.47964235659264
1602 11.336944907533754
1604 11.55812417713298
1606 10.676825598674307
1608 11.448646912564056
1610 12.035715510960133
1612 11.93622394398765
1614 10.625278723084739
1616 11.674563143218585
1618 12.170442623846126
1620 12.077847440066746
1622 12.873905758241598
1624 12.881520423713143
1626 12.82566531734506
1628 11.441950134575004
1630 12.724173411085884
1632 12.306496653459057
1634 12.57014429244854
1636 12.030160048031663
1638 12.161802206507394
1640 12.261504267997033
1642 11.480467148690382
1644 11.990353480611388
1646 12.207352307029105
1648 13.04708961158718
1650 12.229285536676679
1652 12.81296359941608
1654 12.938375853625734
1656 11.880361789370912
1658 11.886793341301354
1660 12.121839871142106
1662 12.399653841049215
1664 12.018662369828533
1666 11.378294992357468
1668 11.984082574151442
1670 12.401806062164642
1672 11.398092047327443
1674 11.466609825911837
1676 11.632517734156686
1678 11.47772233598544
1680 12.121427562602525
1682 11.997451585379808
1684 11.149174607454697
1686 11.45435612920837
1688 12.390451057113992
1690 11.988555725261453
1692 12.448074988274367
1694 12.085694893308618
1696 12.420457287662924
1698 11.391904911911373
1700 12.299439909303512
1702 12.005610458315378
1704 12.043562336624571
1706 12.073372009219147
1708 11.945512040775164
1710 12.02208024708917
1712 11.674376586740062
1714 11.698129644895683
1716 11.753308888968691
1718 12.2624567584145
1720 11.324076781653948
1722 12.424521159780804
1724 12.119117790823312
1726 11.718583305586433
1728 11.368196802141522
1730 11.56399255806957
1732 11.679398576068353
1734 11.614560829166667
1736 11.325607217236472
1738 11.329051109506628
1740 12.252562286339522
1742 12.05034858801036
1744 12.335918175056776
1746 12.429107592735676
1748 11.57629005417874
1750 11.530594728058066
1752 11.765860436489076
1754 11.49658910332817
1756 11.803398200863732
1758 11.527045109948459
1760 11.581691195998928
1762 11.42414575901744
1764 11.801446058216808
1766 11.4680853647684
1768 12.23703297775442
1770 11.481125837940018
1772 11.770518518790912
1774 11.655793980119473
1776 11.980195711477037
1778 12.786481674445906
1780 11.848892984569552
1782 11.914523864791864
1784 11.142807029859783
1786 11.837855186799379
1788 11.467430890617548
1790 11.795341943019439
1792 11.720905935931185
1794 11.860255330572565
1796 10.431226344371998
1798 11.119453329469483
1800 12.373663759535614
1802 11.657406254704108
1804 12.13214502097916
1806 10.911151623393994
1808 11.806821611650586
1810 12.062248528867057
1812 11.255078600589972
1814 10.904833150270482
1816 10.781338797617073
1818 10.768063335646811
1820 11.00102532647103
1822 11.317646020311043
1824 10.676745833780585
1826 12.251973473600726
1828 11.43346640741131
1830 11.78224002842219
1832 10.997215651582685
1834 11.45778427221032
1836 11.79848173195228
1838 12.291842204895257
1840 11.91302671048401
1842 12.044168838201275
1844 11.875682551318942
1846 11.589961583467678
1848 10.744530918823259
1850 11.152206842421196
1852 11.273061284761576
1854 11.172152477980214
1856 10.626905507557638
1858 10.49554032751476
1860 10.644300164640052
1862 10.606132148912659
1864 10.358547325062027
1866 11.627047569645404
1868 10.918625387790648
1870 12.003307527578048
1872 11.125213748275963
1874 11.705601758322322
1876 11.191647777444519
1878 11.457021009974481
1880 11.866009096235928
1882 12.993452019842675
1884 12.53104020960594
1886 11.308658425441442
1888 11.469009231706833
1890 10.726889711301649
1892 10.815570332678833
1894 10.914280441549606
1896 11.427885985634113
1898 11.891860551086243
1900 10.966629173918694
1902 12.271020744417184
1904 12.05426168870079
1906 13.67824383913241
1908 10.562423156391972
1910 10.83150325567734
1912 10.584793032433478
1914 10.70142536972771
1916 11.717619092568205
1918 11.449167857754315
1920 10.750382512161654
1922 11.287608253142928
1924 11.549541889040622
1926 11.165076868505976
1928 11.220753324246353
1930 10.551645773860486
1932 12.075657607217622
1934 11.258856808647076
1936 11.29357312407004
1938 11.277052174639241
1940 11.465053253917091
1942 10.872505729500611
1944 11.300831552883416
1946 12.379761678100579
1948 11.783287487529478
1950 11.5002161154979
1952 12.012003871872103
1954 11.719548249376198
1956 11.41761667197695
1958 11.89055203670357
1960 10.701037464937402
1962 12.480447011183617
1964 10.475614138424271
1966 12.510360646105285
1968 10.920097224466355
1970 11.134330886860779
1972 11.221773656780487
1974 11.180151975962024
1976 10.743254786186366
1978 11.177611842168414
1980 12.236654947754522
1982 11.78312891340029
1984 11.907014483563296
1986 11.940999662896463
1988 12.40890941958471
1990 11.845522435246812
1992 11.439475966770525
1994 11.455281463056892
1996 12.892016001181036
1998 12.072555213877989
2000 12.900380386068546
