0 9.232609404499085
2 9.719691918916793
4 9.335435248980817
6 10.109160735089873
8 10.147257874452173
10 9.661717778416287
12 8.136354473442383
14 9.954004223396714
16 9.791156080382066
18 8.564314559884128
20 8.488540703009974
22 9.219987212070603
24 9.850791017944568
26 9.520906459072156
28 8.4444501717139
30 9.807555073381922
32 10.917851569982304
34 10.102163686010869
36 10.69475707846101
38 11.856343521836958
40 10.47988642041595
42 9.055060829367996
44 8.643754455613188
46 12.095539326561497
48 12.658605826030184
50 10.228986023352881
52 11.417222886871393
54 11.359150369601974
56 12.210350707176989
58 11.580452708883236
60 10.874207153323935
62 11.883217081224034
64 12.06973225016403
66 7.990498500356836
68 11.088382518649421
70 10.702648343063462
72 8.142940660780056
74 11.834705686217253
76 9.842426682506474
78 9.982640074167096
80 10.315975548919054
82 11.979567315085458
84 9.845949210563873
86 10.586597191738791
88 9.184665487363262
90 8.744316916644264
92 8.937283491428177
94 8.196295621444188
96 9.253261126735147
98 10.39643310943708
100 9.719309618261562
102 11.281440439989865
104 10.977833296100966
106 10.566233819643815
108 10.308710819613648
110 7.430351032577278
112 8.74803710580125
114 8.678720291316184
116 8.86615465867356
118 10.259657850008407
120 9.850971512808611
122 10.684335954566778
124 10.995725268584327
126 9.04126602287605
128 10.92563195509839
130 8.87021059287743
132 10.708000884989369
134 10.828100848582773
136 11.872905744868904
138 10.770078183093034
140 10.997711256209572
142 9.557301538689657
144 10.268920142763688
146 10.015608297568562
148 11.003649324189121
150 9.440625823665348
152 9.121406300186408
154 9.819415884265121
156 10.012649042324112
158 10.413162174487882
160 11.007309234859745
162 11.44033181676598
164 10.289139309284618
166 9.66056489608566
168 10.306485127103759
170 10.084397446994426
172 10.855024225675322
174 11.284482399460277
176 9.622172901504062
178 9.902102884468857
180 10.71243213952413
182 11.393604786164088
184 11.15345282220865
186 10.892962707260477
188 11.334452639822754
190 11.271329000889839
192 10.55846327900642
194 11.73187818783596
196 11.516532291790663
198 11.835284938179269
200 11.536800930679297
202 11.413876746011038
204 11.709465305492014
206 10.9694265024114
208 11.112154604583818
210 12.134025329003602
212 12.25807632812937
214 11.623567093153499
216 11.511911053600285
218 11.699590739084705
220 11.542671107630687
222 10.13796056399022
224 10.951883864185998
226 10.44706426416414
228 10.97806483630923
230 9.958165430758411
232 10.662720129858892
234 8.480979685065012
236 10.275117175253515
238 9.050337938270184
240 9.579947086898331
242 8.602777123882118
244 7.855058215516032
246 9.229451049160387
248 10.426461385120897
250 9.970208022418024
252 9.448958143176736
254 8.962673051813226
256 9.207411599856114
258 8.124009863048475
260 8.23308697936532
262 7.0798113169588905
264 7.805313233097309
266 8.609669460995756
268 8.1804374208564
270 10.011921833619084
272 9.063668765892189
274 10.01700128664736
276 8.462176820888137
278 7.036965070596851
280 4.702561938109914
282 7.877958933048013
284 6.178753964145785
286 5.844471074866584
288 7.824616458159584
290 7.954272105389118
292 10.177558280541218
294 9.896716804555927
296 9.391303444654143
298 9.634876958109238
300 9.481712749944041
302 9.669159993215427
304 10.080135575854717
306 11.39138813351804
308 10.147889473514425
310 11.148968833147839
312 11.305073930313748
314 10.576250611435494
316 9.563948470138918
318 10.446217630942304
320 11.423356114160589
322 8.818956204197478
324 8.10601036142659
326 8.259087522414577
328 10.322452316495129
330 8.991609928645582
332 8.28288392305383
334 7.941428035819605
336 8.79970604111115
338 8.380616018012736
340 9.928318329830025
342 9.345098667430682
344 8.748676505305953
346 10.030876536992423
348 8.34238480902148
350 8.27950847954502
352 9.35603205311413
354 7.652405937887564
356 6.8396071431639145
358 8.609167662127883
360 8.974258423837446
362 9.302970301643008
364 8.770072629449505
366 10.921546866161213
368 6.435067812690098
370 9.897341364370309
372 9.429836231483575
374 10.003327270865796
376 10.064617605819441
378 8.191390487142854
380 9.782689746842228
382 8.722202288905471
384 8.997655599471068
386 8.525429218128142
388 9.749099358383333
390 10.800641403367495
392 9.838426251674155
394 8.65300477547441
396 8.333390356293817
398 6.983953905800895
400 6.25717665016992
402 7.153984327227298
404 10.976089947847392
406 9.112660555710326
408 7.47071677410057
410 6.589504500014156
412 6.432751450447543
414 7.452177326091473
416 7.330084570676486
418 7.101913070200051
420 6.762726914305303
422 7.8604265659309025
424 7.769617231805248
426 8.283567046143492
428 10.826986601416891
430 8.309013957857324
432 7.393725304417511
434 6.5044641962273255
436 7.461053248451288
438 7.235567838357451
440 6.488065744186113
442 7.303758847224003
444 7.980329947102147
446 8.145048087248917
448 8.201699289425243
450 7.262571865659199
452 6.592648199659042
454 7.230608441723561
456 6.35751771049388
458 6.952325190135391
460 5.92207634366705
462 6.731216569654055
464 6.646297609790931
466 6.775668757360131
468 7.163144630493633
470 6.87442750279811
472 7.030797310088083
474 6.84205644312301
476 7.1830103534705
478 6.728157871477966
480 6.424599841529703
482 7.03012130698289
484 7.208169021395856
486 7.042916034279642
488 6.534904724692254
490 7.289245792511155
492 6.067703680987039
494 5.128458202300579
496 7.897421399311829
498 7.238542694197172
500 7.98229425707015
502 10.325140175964878
504 7.2020679547492445
506 8.31510138637421
508 7.221858444908775
510 8.062373908524886
512 7.262649949969728
514 6.800634646713397
516 7.3393053051453565
518 6.523924268895164
520 7.0679335802821095
522 6.818684274166943
524 6.649580624315658
526 6.185691116699713
528 7.320695409219671
530 7.1755159713843195
532 8.37205444754733
534 9.069885022362612
536 8.123090763140011
538 11.007263426135733
540 10.751947717135808
542 10.505119618641313
544 9.495142337491153
546 10.857321923729307
548 10.992837981045579
550 10.792701200088183
552 10.761508729519027
554 10.583484116938523
556 10.108403769641091
558 10.154792343715835
560 11.150474632938337
562 10.82595241185806
564 10.877275713761277
566 10.05494717577021
568 6.665272691085151
570 7.615904133076197
572 7.392280219809577
574 6.997428293472696
576 6.77391621001677
578 6.503153317909952
580 6.817454603303967
582 6.804722752142592
584 5.09308577137655
586 7.842807341110499
588 6.996782820880535
590 5.76909534893278
592 6.359524330732454
594 5.624260811895421
596 5.924771648917769
598 7.864547811176331
600 8.600346367898783
602 8.412229377561358
604 6.1936223163520125
606 7.05505386169873
608 7.029693482665291
610 7.46402799089919
612 6.98899848759659
614 7.184673832958656
616 5.456422177120263
618 10.893321543972498
620 9.40643489131447
622 9.045984350723806
624 10.115783623038405
626 10.319384828024964
628 7.460954445335514
630 6.031960721060269
632 6.716329830745192
634 6.368423374603807
636 6.503220948790309
638 6.556514510448238
640 6.574534682605544
642 6.110036666438873
644 6.412012837670129
646 6.584058371080755
648 7.166106832433102
650 6.647385107844895
652 5.141736726770682
654 5.9813166941662175
656 6.022146914574777
658 5.181539502059841
660 4.209611154763156
662 4.294293194533828
664 4.537883670620305
666 4.056763052592407
668 5.7808903900116615
670 6.669606348242197
672 7.303174211154004
674 5.844355745471298
676 7.283646461352207
678 5.665950078799401
680 6.632336347386739
682 5.63948969705328
684 6.485230206218053
686 5.980245726269342
688 6.47039288184983
690 6.030361286949117
692 5.990305371280819
694 7.102557714840638
696 7.457127118463101
698 6.408213526265488
700 6.968846586627817
702 6.348581620535922
704 6.737846401279387
706 7.25259272697957
708 6.24180133202049
710 5.778594558018232
712 9.281921906907861
714 11.858265179619323
716 12.65201513423392
718 11.492673659575662
720 11.921862833539889
722 9.251709971803471
724 8.00852167782505
726 8.373484022079301
728 6.999105320022436
730 10.022043338838852
732 10.859607431755826
734 10.222579958281052
736 9.247432108990013
738 9.242609196321089
740 10.231430139303495
742 8.88163997250528
744 9.815567136408127
746 11.19055793033005
748 10.48900390696399
750 10.860547572717225
752 8.847001842870695
754 9.247198615737966
756 9.153494639618554
758 7.107166944625946
760 12.683786894129353
762 8.279593092288764
764 10.643245560266307
766 7.560182756512171
768 8.173828662634591
770 9.35262863728114
772 9.551832343749819
774 10.549319863622303
776 11.165455537652102
778 10.953569739270328
780 8.540986311551002
782 8.311911617893925
784 7.691038877961472
786 8.278995764090796
788 8.181618897306636
790 7.896147474186035
792 7.9540837961174695
794 7.869300229138318
796 8.06300663682111
798 7.5264183168820225
800 7.8361068868813755
802 8.383140718692001
804 8.477791783350453
806 7.432914163632239
808 7.263407999298588
810 7.458552608857288
812 7.312546290171434
814 7.44072110240033
816 7.919623975209128
818 7.541202022761255
820 8.517720605468991
822 10.720938072158734
824 8.692232820248998
826 11.318906932941012
828 8.523356611964527
830 10.017601557294068
832 8.313570241769
834 9.397917780996009
836 9.206591345693582
838 6.703589759802309
840 6.152866916248815
842 7.760399395608662
844 7.4822034109819056
846 10.047631610011779
848 9.066359549248913
850 7.8992364109771005
852 7.548053483866994
854 8.372347812408425
856 6.908688766242709
858 7.605506137560598
860 6.7704777356096235
862 7.961815755959051
864 7.658523015987581
866 7.259595709861132
868 6.435310939830224
870 6.5261984043396755
872 6.567750905230412
874 5.8894369781867315
876 7.0806117471373815
878 7.244958558742906
880 6.739321935037626
882 7.2295257902509364
884 6.342379166083258
886 7.310538027654123
888 7.17016890110295
890 7.828595388036384
892 7.904474761716717
894 7.322827381592542
896 6.793894066148859
898 6.820953420636965
900 6.60708110034883
902 7.150682398961148
904 6.584534650048609
906 7.472147170080857
908 7.6846406180308175
910 7.893627601673412
912 6.847045667219378
914 7.348204122574894
916 6.977859299975268
918 7.614607807169156
920 7.748877439257038
922 6.938368518802382
924 6.841846918531323
926 7.620164310161612
928 6.227869056971031
930 7.177090509387357
932 5.795139797788349
934 6.722804202875914
936 6.153529619840254
938 6.1545478740306105
940 6.601407230979679
942 7.547423661396692
944 7.622136351113274
946 6.315332444386334
948 6.978113686656054
950 6.159594279226266
952 7.047565411462035
954 7.002186408689038
956 6.7562541348080245
958 6.735638011461742
960 6.503794827313178
962 6.8940143591745935
964 6.208073532897295
966 6.46869192021844
968 6.9331945254847565
970 5.98421653929435
972 5.82622851548703
974 6.456449911922321
976 6.80154781722544
978 6.080005904750667
980 6.112532254944991
982 5.046889730058913
984 6.351667038657626
986 6.260459316092613
988 5.908518928553542
990 5.939387437980886
992 7.336501581166194
994 6.41531638218236
996 6.233808114210119
998 6.421845853226305
1000 5.948930425860851
1002 5.23638607122676
1004 4.300851847914692
1006 5.663625605999236
1008 5.719415649765474
1010 6.190806544303297
1012 5.9815445044136375
1014 5.911932704045483
1016 6.417186916489259
1018 5.892934082003562
1020 6.522923504267725
1022 6.341457408820985
1024 5.782806071731514
1026 5.996426210249636
1028 6.17738663906489
1030 7.477236667539809
1032 6.495793479984895
1034 7.47975918510268
1036 7.155169437308021
1038 7.306322504186013
1040 7.378157546226857
1042 7.033690478817389
1044 7.537251418237297
1046 6.364286079736511
1048 6.853752314957548
1050 7.653192768517841
1052 6.60785719080776
1054 7.39276479537119
1056 7.8611067787175095
1058 7.701206166312496
1060 7.158698142844199
1062 7.785608739754188
1064 7.27981582576356
1066 7.026437561871178
1068 7.457201385404029
1070 7.415284707282097
1072 7.5135989574387905
1074 7.953014077844225
1076 6.998939833223887
1078 8.078798168808406
1080 7.156285341672655
1082 8.47635456650215
1084 6.436280549990015
1086 7.152997505631399
1088 7.0285320298046186
1090 7.5441514143597885
1092 7.421709255144964
1094 7.198725759714691
1096 7.454856000266228
1098 8.011778419992037
1100 8.247478610845295
1102 9.219065353127554
1104 7.274097640980662
1106 7.7023391345322345
1108 8.671923699898679
1110 6.883149990848781
1112 7.74930901697124
1114 7.213812957211969
1116 7.588119752415771
1118 8.86748599373723
1120 7.4188495531757175
1122 8.339785599184768
1124 9.087871799091072
1126 7.398063151747929
1128 8.453761041742471
1130 11.176596665577337
1132 7.94237586462764
1134 7.8899795578440175
1136 7.852919040937432
1138 8.009964631543335
1140 8.12272399988543
1142 7.7313979872798155
1144 8.345428997739253
1146 8.46731245330471
1148 7.39276667733812
1150 10.999419496790663
1152 10.607112866924789
1154 13.624706736918478
1156 13.133325396644413
1158 9.509345923878564
1160 7.354638479594924
1162 10.009016970483167
1164 9.881437944182917
1166 9.235766679781305
1168 10.122430287341938
1170 10.978727426352254
1172 10.90073889007813
1174 9.659194392697696
1176 8.781628917542575
1178 9.328503273386051
1180 10.961182665537553
1182 11.176421423578557
1184 10.30282072564691
1186 7.072109028922155
1188 8.601664381213983
1190 8.2790874033596
1192 9.131132777329514
1194 8.514832311157557
1196 9.006069927468474
1198 8.047720896843607
1200 8.637303750753443
1202 8.63438776493426
1204 9.029443903263894
1206 9.742064991468961
1208 9.553364052293995
1210 6.429519378121447
1212 7.86446866345429
1214 5.689031776159595
1216 8.801573895596258
1218 8.865015694939064
1220 10.41376906733361
1222 10.05036650093267
1224 10.568663418807553
1226 8.778826869024286
1228 6.614790523845447
1230 6.322918867342659
1232 6.029670572227968
1234 6.181208759107552
1236 6.4726359289838955
1238 6.148994284671718
1240 7.088565160192442
1242 6.329959567221404
1244 6.39101465805364
1246 6.215040167203371
1248 6.231445396619985
1250 6.117496932532279
1252 6.168746459840139
1254 6.391412799097243
1256 5.923555845521124
1258 6.417735155345585
1260 6.302359306710702
1262 6.154136665342961
1264 5.947684154509787
1266 5.822462900260367
1268 6.624993710389082
1270 6.250884056626671
1272 6.625195292117991
1274 6.365195757309672
1276 6.364466666080593
1278 6.2433361510679415
1280 6.391001750059184
1282 6.3772792207068365
1284 7.766922930159598
1286 9.126915284537183
1288 9.288344342510571
1290 9.987163519967819
1292 8.844317709322958
1294 9.614146121828384
1296 10.341005561381484
1298 10.69467961085196
1300 9.969301223375185
1302 9.499995240542189
1304 8.370595976874437
1306 8.02756654116309
1308 8.174437626248547
1310 8.373355303977965
1312 10.10395484771473
1314 9.14358488235598
1316 9.500496102643199
1318 9.784750841154606
1320 9.848167018382055
1322 10.65351309244767
1324 10.180771762703605
1326 8.881448820678774
1328 10.4477360878668
1330 10.664904625919734
1332 10.71955493601312
1334 8.399335289592576
1336 9.5432747929913
1338 9.36833801251749
1340 7.906740938630969
1342 9.066580990817874
1344 9.374607810485237
1346 8.946451232447844
1348 7.274220513713452
1350 7.587234467695033
1352 7.353570782915577
1354 7.212713663466046
1356 6.9547413605841015
1358 6.9350407020181875
1360 6.875042110577966
1362 7.381897233695463
1364 6.5677535928144115
1366 7.237027292051642
1368 6.964399938545704
1370 7.275388065872126
1372 7.645745920608028
1374 7.505094924730261
1376 6.940291981121321
1378 7.20547036959819
1380 7.019806137677829
1382 8.443775640330955
1384 8.75864525619218
1386 6.7022338186079145
1388 6.99920678096943
1390 8.670890964021527
1392 7.6986972124921165
1394 7.823192273848746
1396 7.8846020403523855
1398 7.731018971231668
1400 7.565147116694693
1402 7.588469646509303
1404 7.563502607383854
1406 6.959584342999715
1408 7.650291498755927
1410 6.7246828248071004
1412 7.7509631965880805
1414 7.419165996560534
1416 8.02454037043623
1418 7.067236516668684
1420 6.24122425345815
1422 6.722418115706502
1424 8.306324283087294
1426 7.5785846083278186
1428 7.087656695217557
1430 7.257404406922374
1432 7.539587068459607
1434 6.852663688507826
1436 7.084318489247831
1438 7.290684410173294
1440 7.636143185631814
1442 7.686883882276834
1444 6.665579105989153
1446 7.7513485540768166
1448 7.7093986060984765
1450 8.098461717511226
1452 7.8581613780969395
1454 8.073924183518635
1456 7.676964902773238
1458 7.530086717656283
1460 7.837945934506463
1462 7.828827974924337
1464 8.371424153539401
1466 7.024640127508992
1468 7.264219086093989
1470 7.4316775352256
1472 7.499693728698154
1474 8.226308380605026
1476 8.694427429271308
1478 8.397222057401327
1480 7.161312714765624
1482 9.088184684558039
1484 7.2535281593227525
1486 7.3115623664381655
1488 8.795395270267733
1490 9.51103601181814
1492 8.965061720529688
1494 6.690603161637693
1496 8.854632773388474
1498 7.709250989025514
1500 6.01198997166629
1502 6.269258281639146
1504 6.0027405382703165
1506 6.346836333589421
1508 6.761547811609161
1510 6.8550936293463
1512 6.1914986862284875
1514 6.5674187035537095
1516 7.530176539489314
1518 7.958498715637176
1520 9.05320113413839
1522 9.029168077849528
1524 8.133610767370351
1526 8.728916860465738
1528 8.22588807777397
1530 9.997119275016427
1532 8.015920079776567
1534 8.675545180194069
1536 8.851127345811454
1538 9.13328539395623
1540 7.169845802000948
1542 7.076603703101593
1544 7.4139160351733855
1546 7.912735869886745
1548 7.66524137332659
1550 6.6978486472562295
1552 7.716668318266233
1554 7.689553400183221
1556 8.994416380817226
1558 7.734074766517755
1560 7.050210011488256
1562 7.479898966142671
1564 7.8288988779843525
1566 7.3781004651264555
1568 8.342602099834448
1570 7.130180945116078
1572 7.754723952477532
1574 7.502224724568914
1576 7.979827560819744
1578 7.641597109529002
1580 7.824750130954238
1582 7.751366459837896
1584 6.714557041953324
1586 7.464764347044305
1588 7.22758216201819
1590 6.561305863268985
1592 6.905454375215666
1594 7.486744531702599
1596 6.955954033852444
1598 7.768490163252212
1600 6.95811010375039
1602 7.548372266725561
1604 8.232946290396917
1606 8.658882358324451
1608 7.760451409887148
1610 6.329377733837439
1612 7.017644276757228
1614 7.950721080396529
1616 7.297378496583
1618 6.779576150708746
1620 7.193746747908869
1622 6.344026581016257
1624 6.712145470266074
1626 7.110970621940411
1628 7.197551600924147
1630 6.675813032039075
1632 6.9559894082377784
1634 7.665564235917951
1636 6.987033759272912
1638 6.827785820917973
1640 7.521311396435275
1642 7.210095835568319
1644 8.055066600409264
1646 7.823840996954384
1648 7.560160882443301
1650 7.927477354790388
1652 7.409494946524148
1654 8.034746495770598
1656 7.500289788109885
1658 7.218226469969651
1660 7.9237668210000445
1662 7.965693967473309
1664 7.31973141079542
1666 7.366551478711769
1668 7.4482508121902
1670 7.588125741210619
1672 7.142328039017535
1674 7.716713996804427
1676 8.66722691029387
1678 9.981954177624152
1680 9.23360312645113
1682 8.210391627466182
1684 8.294429107031695
1686 7.324349235091565
1688 7.250501947961193
1690 6.594721174963441
1692 7.687778439532046
1694 7.2590436598766575
1696 10.317530252215132
1698 11.108630825114036
1700 10.855641997767094
1702 10.793577516598294
1704 10.573823782224045
1706 10.644759454265976
1708 10.388091421909103
1710 9.476586640148287
1712 9.037952083105104
1714 10.9335317678667
1716 10.45124866410524
1718 10.40012832710167
1720 10.426376494581866
1722 9.531014508815915
1724 10.458606173134676
1726 11.30074947741666
1728 10.241045289339358
1730 10.946530518643774
1732 10.39362784558478
1734 10.668127723321437
1736 9.363556983846365
1738 10.165051992946129
1740 9.67343850606228
1742 9.680985042801813
1744 8.990248239928997
1746 9.471875426583953
1748 8.37182910946518
1750 10.4985444007126
1752 10.541023978311003
1754 9.896585064936508
1756 7.530618364906741
1758 10.248386869308407
1760 10.540998138421756
1762 8.657693151645885
1764 6.866065193775988
1766 7.906519330194263
1768 8.713218281858794
1770 10.086848633263985
1772 10.49938127537136
1774 10.558048277744106
1776 9.497096703132305
1778 10.672413212489804
1780 10.23167113615141
1782 10.371272642349798
1784 9.157986017236698
1786 7.4481537277034136
1788 9.593278628105923
1790 7.525800946675593
1792 9.465540088343264
1794 9.871626275147689
1796 10.126719087822114
1798 9.06609287683346
1800 10.509683943481505
1802 9.362849484531717
1804 9.246778667995187
1806 10.405250770816254
1808 9.489184480604393
1810 10.725060794259203
1812 10.417086419220507
1814 10.00289537246873
1816 9.372917549333119
1818 9.378350229510104
1820 10.726617852247234
1822 10.621954472183841
1824 10.847534363348926
1826 10.722799032806469
1828 10.744215524757948
1830 11.760186945154603
1832 10.49321289404217
1834 10.533156979147059
1836 8.606159226017269
1838 10.77783639403206
1840 10.746998252049163
1842 10.761972782852366
1844 10.807799026904421
1846 10.722660501767294
1848 10.808706764126603
1850 10.824159787036201
1852 11.156282898347518
1854 11.12502191558132
1856 9.616693817614355
1858 10.214503034472463
1860 9.760545041861327
1862 7.254529082719648
1864 9.336818808430401
1866 10.00589172415865
1868 11.856987110095105
1870 10.724109138535537
1872 9.949224262000598
1874 9.144922584807757
1876 9.272309526231883
1878 8.002858501156126
1880 8.891620555393395
1882 8.532065217965187
1884 10.97088803615306
1886 10.910609207279661
1888 10.069006586862933
1890 9.802720324943637
1892 9.745434902583202
1894 11.001414768586418
1896 10.370852499844169
1898 11.063802774079967
1900 9.149218937457523
1902 9.86312718042995
1904 10.761109825389708
1906 10.49202574888139
1908 8.255071162766857
1910 9.870143773854448
1912 9.022663181741152
1914 5.892851916615231
1916 6.407766098234464
1918 6.549204111918509
1920 5.974325250682619
1922 6.052950353635393
1924 6.289089196373198
1926 6.2606285184395185
1928 6.591339939258763
1930 6.036111997545299
1932 6.761879416155845
1934 6.483454671621397
1936 6.150566684824367
1938 6.081525373352053
1940 5.9750588682493
1942 5.908807109632905
1944 6.1902355902341
1946 6.32319168430121
1948 6.212774558818159
1950 6.732170157761171
1952 6.162929000075272
1954 5.914760374122902
1956 6.230136996947589
1958 6.063839449629619
1960 6.471953146222811
1962 6.180440060654117
1964 6.186521525380819
1966 6.19178079309319
1968 6.394399188765591
1970 6.247669037017494
1972 6.7816368656755435
1974 7.261602021320598
1976 6.5685723282740565
1978 6.328758317077221
1980 6.284094647472734
1982 6.041878455902258
1984 6.641952776269288
1986 6.586737715529618
1988 6.673424293188944
1990 6.176430348670335
1992 6.550765690205885
1994 6.854854134664533
1996 6.481862893953732
1998 6.38349607197165
2000 6.5315556905513
