0 12.580355779957271
2 10.752692949400416
4 10.176845317447691
6 10.424137529076777
8 10.192010868361203
10 11.050506361465759
12 10.574631478023699
14 10.827852247035365
16 9.896888817411314
18 9.316412535707535
20 8.563254900503122
22 8.813924081178044
24 8.562551765855494
26 8.06733637721669
28 8.674210404490674
30 8.664880225870716
32 8.421350673618415
34 9.475359480595674
36 7.556014812790122
38 7.458549253727722
40 8.854604866609568
42 8.010225271804105
44 9.509984326916783
46 9.51308943986838
48 9.137374788408104
50 9.992390086333826
52 11.287737680161582
54 10.702366449234466
56 6.770509478339142
58 8.750717700408355
60 7.128784175327305
62 8.970712732688051
64 7.155944060737521
66 7.672767750139649
68 8.114174090264244
70 8.406286625371445
72 8.265463889247513
74 8.399779619505805
76 9.608769817071641
78 8.847632486520547
80 8.518534700005644
82 8.233503600715709
84 10.224748958575448
86 8.069835322899783
88 7.9342593809277355
90 11.341025056887172
92 10.142866424270908
94 7.778926305747205
96 9.998974705132463
98 9.747876629887415
100 9.353488995582012
102 8.53433559734659
104 6.86886016585438
106 7.954072593660508
108 11.46071857669697
110 9.737539168040188
112 10.704062008486106
114 10.040179204068824
116 9.60815995430904
118 9.101837194086341
120 9.667390011087802
122 12.271890300964285
124 9.752176912302973
126 7.5164748086190665
128 8.129093502325912
130 8.113203474817132
132 7.860093288113446
134 7.6815159525384855
136 7.043251747039669
138 7.606764101465088
140 7.1494423900947615
142 8.23950222067389
144 7.927738120921226
146 7.839661445704505
148 7.617476975269795
150 7.5517254712418485
152 6.658473752846656
154 7.149222712603911
156 6.605441024115182
158 7.130885568124066
160 7.879880389551242
162 7.486124039666028
164 7.395851674075168
166 7.134642439659274
168 8.01327613725902
170 7.414750418807056
172 6.6134795571721465
174 6.236871421197146
176 8.177445130131993
178 7.32378733021192
180 7.36763184263212
182 7.576084680635863
184 7.58541204652819
186 7.6183111182547005
188 7.505780388042295
190 8.059230972599925
192 7.676908065752082
194 7.908564216334137
196 7.560133885405696
198 7.957693993939531
200 7.083800683880322
202 7.322036960877267
204 7.481398379331832
206 7.23800365470858
208 7.841979588475291
210 7.759499308381119
212 7.465871226633451
214 6.8530973057408415
216 7.290238682904388
218 7.5464624490967465
220 7.033130741957712
222 7.742267917096989
224 6.769583055747996
226 7.058077375451907
228 6.228439248221159
230 6.816638478766908
232 7.264517897844398
234 6.017162914228294
236 6.7348993433507
238 6.940391531687659
240 7.014160370507222
242 7.732926699552835
244 6.938722532260253
246 7.588630521362424
248 6.447425878898399
250 6.851349260865382
252 7.526664897876145
254 7.190090060251714
256 7.578701323530903
258 7.009353169902542
260 6.983767245824718
262 7.383989187408333
264 7.183997742605123
266 7.838078903017147
268 6.754970975940657
270 5.959068383242543
272 7.150863652495495
274 7.33738789076961
276 7.65097469887724
278 7.99968341544494
280 8.199241863656201
282 6.996022576941374
284 7.677593531685327
286 6.686562848237008
288 6.753278477646138
290 6.477819710326784
292 7.334614905488086
294 6.975575617406652
296 7.0244704307750325
298 6.518988453388923
300 6.996253974656528
302 7.061201627237097
304 7.209617951706389
306 6.881247223767279
308 7.612395097383452
310 6.907429407834304
312 5.737606315612711
314 7.54347253625833
316 6.782696710779359
318 7.357353412544392
320 7.866034435969858
322 7.4354771425227275
324 6.671607402800133
326 8.127697870906136
328 6.820116083950441
330 7.386727959747161
332 6.722464153286795
334 7.336028420216514
336 7.6650443309860785
338 7.772198421191581
340 6.624873743551296
342 7.490711130938445
344 7.1931381940645185
346 7.8578716360881495
348 7.492671586860845
350 7.0413518127980605
352 7.8450699213208175
354 6.717343984884257
356 7.110945459273332
358 7.022740166306427
360 7.084483661672806
362 6.315451598588403
364 6.97943740851485
366 7.256153536686855
368 7.74900215666333
370 6.963355138354741
372 7.419361479809024
374 7.121839946507142
376 6.979592154323242
378 6.957382605363045
380 7.938084511117298
382 7.4505054547236185
384 7.393987093279934
386 8.09049268809136
388 7.9999161719762
390 8.473215325248756
392 6.807772885116242
394 6.961164768148242
396 7.694442019302166
398 8.086643820677669
400 7.448939730786931
402 6.933610226219541
404 9.356237201936967
406 6.914362918970654
408 7.3502306233284225
410 8.191194019217525
412 8.798596928498405
414 8.546434892482305
416 7.5979547756265715
418 7.280388872436652
420 8.135066588446103
422 6.7069654413109925
424 7.705703689356224
426 7.1357338631807705
428 7.0452431279938805
430 7.475949707129422
432 8.102987830037547
434 7.716981700601045
436 6.552740368386418
438 8.900137276609396
440 7.104406055005334
442 6.739475575769264
444 7.98987716943747
446 7.274261640171968
448 7.286757104192929
450 7.9110091095018165
452 7.637340863410924
454 7.430588891998932
456 7.4414287479229815
458 7.372174948031106
460 7.290350048734023
462 7.841961859644889
464 7.259432867929953
466 8.547111661201601
468 7.270685082322282
470 7.549015989339331
472 7.064912088535057
474 7.822138791508562
476 7.164117796866414
478 7.498494485131379
480 7.365689435027471
482 7.544644972915517
484 7.0925186573384185
486 7.6801119327346745
488 7.943387933315373
490 7.5963156513285846
492 7.439192244462785
494 8.05069954206844
496 7.354693539874867
498 6.528500771279695
500 7.095247334318836
502 7.728866977736865
504 7.426170870238563
506 7.145694100454381
508 7.4557312414535595
510 7.269530557752551
512 7.844649401407327
514 7.271032485390676
516 6.97221045844212
518 8.030419806403563
520 7.58783798767563
522 7.732371673562694
524 7.212976828537624
526 7.06941486057906
528 7.538604576443626
530 7.845426627653738
532 7.535499255900435
534 7.444330921743604
536 7.457750299286708
538 7.629756381845624
540 7.763153925729741
542 7.36777409639951
544 7.382819510579092
546 7.79933841618838
548 7.921595970570702
550 7.348393318881271
552 7.448342877933628
554 7.57296738470329
556 7.47244340800891
558 8.63361758760195
560 7.485938636574087
562 8.060778731982394
564 8.34025639092036
566 8.7086993074716
568 10.242562013439834
570 8.912110959761048
572 10.099530480679782
574 10.3950688729128
576 8.965861523453357
578 10.60656026122638
580 10.39271175885499
582 7.0679648860701985
584 8.457152878748932
586 8.185170910079648
588 8.202841762970515
590 7.178109261906625
592 7.572825717623201
594 8.081393508852617
596 8.383857110697956
598 7.928867589233728
600 7.491288303875022
602 7.968895143822261
604 8.362743822865477
606 7.563138431456032
608 7.947315263886848
610 7.9489721310852826
612 8.120022903192922
614 8.011814846223942
616 7.604963123204548
618 7.672734351540091
620 7.621691309543651
622 7.949796420965548
624 8.217879046509074
626 9.092547689870633
628 10.718306514719824
630 9.554271890877024
632 9.991299537241474
634 9.138254722729366
636 8.887455079042685
638 10.359865816937525
640 8.871880187923308
642 8.399874903522175
644 9.552919506615929
646 8.285467040229618
648 7.182377734899636
650 7.475140606940066
652 7.965935921625101
654 9.123967144436333
656 8.95854218851163
658 8.89258956868515
660 10.33908297163625
662 10.230652385363662
664 10.468249068881875
666 8.826527268308151
668 8.99466770205661
670 7.953994627989562
672 7.885862445002912
674 8.050493442747399
676 8.947341501605752
678 9.644795969877267
680 9.071036033131277
682 7.181935618267027
684 8.769044834787726
686 9.283378287390791
688 7.907643519516687
690 7.792308438509118
692 7.349334942480877
694 8.196544664657162
696 7.928392935817019
698 8.040181980643208
700 8.522917835113754
702 7.738387104906105
704 8.756111508264354
706 7.586150806413783
708 8.316492440623868
710 8.971899056877934
712 8.741514206578309
714 8.454973472588536
716 8.653119853034474
718 7.603534596129616
720 7.7461945908742456
722 7.314069525159417
724 7.8698907393331625
726 8.350706751727879
728 7.326387096953071
730 7.694321424920321
732 7.483495015302459
734 7.73380125555458
736 7.889575749780411
738 7.203230510345582
740 8.070377289415404
742 7.976441591273328
744 9.085705705275164
746 7.618680731846489
748 8.256900421190528
750 8.567696716527013
752 8.543004388072868
754 8.213122153399341
756 7.385124868120796
758 8.418637786640087
760 8.06440104276526
762 7.0844365412645205
764 7.339943146039755
766 8.048151347887078
768 7.2450206895847
770 7.315990485554409
772 7.9087277375288085
774 8.137502831060765
776 7.685613276400482
778 7.4353353463522245
780 7.334820952207812
782 7.5968737309962275
784 7.540661656022384
786 10.023584250314329
788 7.816330135343245
790 7.6842480466217795
792 7.947487680067559
794 6.986564066381343
796 7.249482817629809
798 6.828684989378289
800 7.979541911504196
802 7.69454543647502
804 7.781487900725133
806 7.525857728662458
808 8.025530581799245
810 7.8735317060329955
812 7.062882010548492
814 7.184768489543469
816 7.586732933326732
818 7.133255134990602
820 7.8302131758357865
822 8.240983747260175
824 7.295372998940564
826 7.616551631317234
828 7.421780730902867
830 7.650407950503819
832 7.3114857056523235
834 7.824072392781079
836 7.552572991310963
838 8.396437249448079
840 8.333216442829146
842 8.902192180041498
844 8.92287087261616
846 7.669827403052144
848 8.67068711811598
850 7.5229925661968435
852 7.781789270502213
854 9.707653754564586
856 7.6754619808817655
858 7.8226908416736185
860 8.5949154628797
862 8.650517286768977
864 10.582683281812953
866 12.343814799085502
868 9.170179363069483
870 9.994450236435414
872 8.194421418802209
874 9.299709466805538
876 7.830813563384191
878 7.320676095739139
880 8.328229762699207
882 7.93560867446291
884 8.09801188958112
886 9.158644240884485
888 8.76425852484063
890 8.376011831453766
892 7.536453410657521
894 10.386514261750541
896 9.712427781244667
898 10.988022116625352
900 8.681098305623307
902 8.226132166155368
904 7.8578765683775424
906 8.891231268462136
908 8.51915297906544
910 8.16750764144572
912 7.740543984710197
914 7.971493241826509
916 8.404776640313006
918 8.170444101621335
920 8.423743123569508
922 10.563351819973212
924 10.108913043991095
926 10.628005798982361
928 9.197749144822675
930 9.794561806070472
932 8.861081270672575
934 8.732188452699052
936 7.964506300710495
938 7.638167084525819
940 8.188517293906232
942 8.262695406598693
944 9.054518512842778
946 7.504742004726245
948 7.633069653662383
950 7.781541411387436
952 7.963850741574815
954 7.965613002717819
956 7.937575141517952
958 7.861212586885154
960 10.13432326915828
962 7.592642017856995
964 9.840330216054305
966 8.130940221494209
968 8.632288848656252
970 8.700215201692195
972 7.547487275808302
974 8.954480140204396
976 8.466623914035738
978 8.645860868078913
980 7.821271696776495
982 7.83836827327987
984 7.716916465237667
986 9.204988986489269
988 8.152377200310777
990 8.903150482455635
992 6.9069706045546
994 8.659348934098636
996 8.594622546614977
998 7.693616662367387
1000 7.807719213002213
1002 7.710151588941491
1004 8.134139036870966
1006 8.434651517154169
1008 7.872819112236385
1010 6.867752017027928
1012 7.456971966442935
1014 8.272284256275974
1016 8.413091218895369
1018 7.0876915337060975
1020 8.554887242960774
1022 7.7966506116741385
1024 8.974632836959513
1026 7.809401142061061
1028 7.587753054982379
1030 8.043203622802087
1032 7.622572762609662
1034 7.796062868685323
1036 8.071435854781159
1038 7.126490763298238
1040 6.8285126463234604
1042 6.5555107880256305
1044 6.882312646791331
1046 10.381121946061203
1048 8.274784460482701
1050 8.778572334537367
1052 9.24955637001304
1054 8.932243518162975
1056 8.762354132252405
1058 7.472261576013848
1060 7.70431846896916
1062 6.800213244517389
1064 7.837218524171107
1066 6.7880358333514215
1068 8.117539635724809
1070 7.542687179575505
1072 7.34456086198496
1074 7.752154606936589
1076 7.37181547747337
1078 7.69477884293793
1080 7.9884555352351905
1082 7.952298587575583
1084 8.008047846390134
1086 8.033562218833094
1088 8.589807692698914
1090 7.264795459618219
1092 7.982389516237063
1094 7.932451322153254
1096 7.947792373948076
1098 7.378106207044806
1100 7.713920568187043
1102 7.592570760258847
1104 7.956710160900704
1106 7.006168945284436
1108 7.435068754739871
1110 8.215718872051553
1112 7.616467953198858
1114 6.692458216438809
1116 6.8358076340439435
1118 7.333575172923907
1120 8.69221357802839
1122 8.819078243125103
1124 7.700166563141854
1126 7.849347098057184
1128 7.62819257254853
1130 6.822743167423748
1132 7.067194470023936
1134 7.719558628888384
1136 7.541209728223222
1138 9.017893606069043
1140 6.393982007673539
1142 6.976910081104691
1144 6.487609959256094
1146 7.705675043815765
1148 8.034809473483831
1150 8.246718409548148
1152 7.083656805479141
1154 8.054573418886584
1156 7.685331376827263
1158 7.930416943825791
1160 7.334909289214966
1162 8.658697933435118
1164 7.949708476939825
1166 7.58934186009583
1168 8.646493132691077
1170 9.813720826228156
1172 9.276575256005279
1174 8.015348661938209
1176 9.44741714397055
1178 8.501168369195694
1180 7.948164354983434
1182 7.154168035202733
1184 7.958202241489163
1186 8.495031505435577
1188 7.9800924038648695
1190 8.938149008068386
1192 7.77784872443542
1194 7.015851727182229
1196 7.8357986644952335
1198 8.233019103116058
1200 7.909562712303487
1202 8.012470343527413
1204 8.448801486822552
1206 7.121438804723789
1208 8.152473071129304
1210 8.847621567265529
1212 7.299101868867613
1214 8.252182008662823
1216 7.752764487333895
1218 7.483434102604424
1220 8.555968381562181
1222 7.92703164153185
1224 7.686193014855386
1226 8.384540226343239
1228 7.382215020466968
1230 7.969560633174852
1232 7.523074532879862
1234 7.368060556450861
1236 7.642818152859612
1238 6.974645601648428
1240 8.433980371601224
1242 7.425052454708
1244 7.613831143560949
1246 7.8790952916423675
1248 8.03938752911692
1250 8.327517182176663
1252 7.299496463504832
1254 7.966415360750479
1256 7.00659454037871
1258 7.052959975025919
1260 8.262070352674476
1262 6.254927028167317
1264 7.918251211358701
1266 8.513602011718135
1268 7.280880796791797
1270 7.7909009678383105
1272 7.847538082816776
1274 7.556476285288818
1276 6.974076046802689
1278 7.030821297696838
1280 8.377194075503482
1282 7.783966385886585
1284 8.236999615449514
1286 8.483025685472343
1288 7.712488241674324
1290 7.021460543683752
1292 8.012440096580082
1294 7.795219340981016
1296 10.292577125505682
1298 9.851142708579882
1300 9.345130097706656
1302 9.906127851611151
1304 8.070054966626662
1306 7.857998594607908
1308 7.993881900514275
1310 8.039008257229819
1312 9.885962559054127
1314 8.028126869878143
1316 7.903152725223493
1318 7.439558755655548
1320 10.356972206733653
1322 7.506081678095387
1324 8.015974532094242
1326 7.75913511195712
1328 8.665612291650353
1330 7.554629020748273
1332 7.828123029332338
1334 8.062295703188367
1336 7.635356213169403
1338 8.155524754485388
1340 8.788137141565747
1342 8.097506886667922
1344 8.966209209749225
1346 7.617967605888574
1348 7.5294752552751465
1350 7.879808663696026
1352 7.871965589514849
1354 9.295122183114717
1356 8.892094712526141
1358 8.68441530287729
1360 8.707040789027596
1362 7.697850018270125
1364 8.170679255711514
1366 8.591858728681105
1368 8.622850169051596
1370 8.11467414883873
1372 8.22311835697938
1374 8.761471804297289
1376 8.432134115164187
1378 7.991890719536682
1380 8.816589535856862
1382 9.61254218004228
1384 9.317233853114118
1386 7.282569324131823
1388 8.662308591289008
1390 8.903376315107753
1392 8.098310634818178
1394 10.988334007161749
1396 11.690896745655907
1398 13.285759256337437
1400 10.470378759440141
1402 11.800561569041427
1404 13.151066413833636
1406 11.512592911439297
1408 11.930118445991207
1410 10.684823237932177
1412 10.789048307942931
1414 9.827051054512909
1416 11.132315872697923
1418 9.332745062833236
1420 9.946414284703216
1422 10.575754158418523
1424 11.38613878508577
1426 8.722174911849157
1428 9.873568024703701
1430 9.284997826793404
1432 10.652912428957356
1434 10.914422972416169
1436 8.904870537361724
1438 10.470411679285794
1440 10.47938388848631
1442 9.99476196097682
1444 8.508149896461205
1446 8.620712844520355
1448 9.794590763037496
1450 10.177159091578341
1452 10.092048537786908
1454 9.952562822626724
1456 11.348385882580397
1458 11.15449626173686
1460 10.005890578291206
1462 10.479440891412203
1464 11.233812059418712
1466 11.979806480313774
1468 12.768649913902747
1470 12.5058501649596
1472 10.760208161907226
1474 10.289036558556141
1476 9.598446653900606
1478 10.443415305747061
1480 11.417428265359446
1482 10.59563666453866
1484 8.042791350414342
1486 11.498506320983083
1488 10.231312899799645
1490 10.338351787196142
1492 9.551028954808707
1494 10.127278875551623
1496 10.717517023486959
1498 9.761812674307079
1500 10.385112441902649
1502 11.234337949520214
1504 10.380597571675313
1506 10.394920283496283
1508 10.381067911535895
1510 9.574766459440605
1512 9.085215584905939
1514 11.054840589157704
1516 9.76242476469954
1518 10.65233330095585
1520 11.650434088091306
1522 9.83205195977719
1524 10.65925558243015
1526 10.806679354772152
1528 11.37340172494146
1530 8.513049266780763
1532 9.249918410814534
1534 10.229673782178685
1536 9.821840928700624
1538 9.507308907810234
1540 11.007685746870639
1542 9.143305896918939
1544 10.014156210249688
1546 11.399009536817216
1548 10.600115332786292
1550 11.40671455711217
1552 10.59756791914317
1554 8.835282013846136
1556 9.76257584585517
1558 12.916770741717587
1560 10.087622891233838
1562 11.678302610208034
1564 10.024682370454569
1566 9.650512072957868
1568 10.349490922140376
1570 9.568259932954307
1572 10.274555886133523
1574 9.844880674465516
1576 8.982138314319009
1578 10.654274739038447
1580 11.164814775215536
1582 10.995729306798605
1584 11.080276362144488
1586 12.093384796954867
1588 10.68926635108941
1590 10.605187659145562
1592 10.000470642616222
1594 9.843916956983144
1596 9.275296109565641
1598 8.757896319853533
1600 11.070552099395542
1602 9.904194421799303
1604 10.131226345593445
1606 10.722890486120091
1608 10.08587743101845
1610 9.1780023177283
1612 9.755310248247433
1614 10.272912667206752
1616 10.978849322507633
1618 9.252952075254285
1620 8.743751470079445
1622 9.562226726466688
1624 10.735323494534148
1626 9.640139993626615
1628 10.455106072784998
1630 10.172950528782318
1632 10.265335441717465
1634 10.14304128811057
1636 9.94192426480738
1638 10.664211870521664
1640 9.249368251368697
1642 9.680806216886566
1644 9.550276722681003
1646 9.87272308630912
1648 8.90986378575365
1650 8.598166991309611
1652 9.470783203031537
1654 10.943106758251606
1656 8.681250710804134
1658 8.339900757271765
1660 9.788485311945706
1662 8.83004452928762
1664 9.07622624392191
1666 9.136270313191092
1668 9.45115654963753
1670 9.025171533537657
1672 10.12590102207422
1674 11.104535707045535
1676 10.339999764186153
1678 10.07255393197328
1680 11.560455503631236
1682 9.23023365886503
1684 10.2826556953059
1686 9.504616326743971
1688 10.926337121354981
1690 10.052563887715998
1692 10.685515896843661
1694 10.46297177814209
1696 9.798007493170603
1698 10.667453011266337
1700 10.33260633619612
1702 10.829944317821894
1704 9.208781851568489
1706 11.18214063566025
1708 10.518207625374048
1710 9.23404382734278
1712 8.345064229289891
1714 9.806970439212378
1716 10.123035242016435
1718 9.886062173233555
1720 9.897257480723214
1722 11.163377270786505
1724 10.395840229319004
1726 9.752977827698908
1728 9.223865203952043
1730 9.527927165732383
1732 10.01123591122849
1734 9.968515969103578
1736 9.694302384301984
1738 10.354520641899269
1740 10.321983992434118
1742 11.277558687227415
1744 10.456138796496772
1746 9.628614554722674
1748 9.038363048579964
1750 10.244694051425313
1752 9.227727433272996
1754 10.142244030944129
1756 10.50427993013501
1758 11.712706709985714
1760 10.958111289799435
1762 8.984148077978864
1764 9.237650482566638
1766 10.049393871047938
1768 9.430811833280062
1770 9.369575912669367
1772 9.41168911343114
1774 10.086571125891032
1776 8.803200809975039
1778 9.439580203276021
1780 11.222552172224779
1782 10.592354594447157
1784 9.773605120405685
1786 9.682875312448724
1788 10.207405792562716
1790 9.530617083560347
1792 10.74655145307586
1794 10.771967576990676
1796 10.457884525214912
1798 10.608305348960096
1800 10.370952584084153
1802 10.773718718005366
1804 10.11858285111095
1806 10.1783597575874
1808 11.28882983865218
1810 10.202594799828294
1812 10.614346526239732
1814 10.162140919260127
1816 8.65567231791811
1818 8.481525704588806
1820 9.008334577375578
1822 10.454985185173243
1824 9.867747356760168
1826 9.818723552901295
1828 9.679560235495545
1830 7.934957823717359
1832 9.39124579180069
1834 7.691105689045649
1836 9.640752497386444
1838 10.035162333352261
1840 10.399708623475297
1842 9.139324905544397
1844 10.209899828622826
1846 9.36276919719384
1848 10.695077098340024
1850 9.095694045926257
1852 10.217598087968906
1854 9.904365326501795
1856 10.973631349632075
1858 10.975376165873659
1860 11.624578408489995
1862 10.759317848393549
1864 10.059230705259266
1866 10.553915934223816
1868 9.473722475110582
1870 10.981282913777365
1872 10.281845814387747
1874 10.332909768889259
1876 10.130138018049768
1878 10.446952080967453
1880 9.245245644262605
1882 9.19030827716362
1884 9.811578824762565
1886 10.172814636840577
1888 10.42428606533934
1890 10.353273728256946
1892 9.868792572529125
1894 9.755291038255756
1896 9.232279135043022
1898 10.027098542241225
1900 9.105595358878292
1902 10.316046391869428
1904 11.537188731318874
1906 9.711758229410082
1908 10.890453930688288
1910 10.046265338897959
1912 10.230116132002061
1914 9.972368745857576
1916 10.621727993144338
1918 10.204020238534685
1920 9.48326265164451
1922 9.374415602229902
1924 9.16912202516116
1926 10.247011554046585
1928 8.672658246935375
1930 9.117799382317985
1932 7.9120079981534674
1934 9.395781744348092
1936 9.370515091295461
1938 8.439249809886851
1940 9.354834526063534
1942 9.405682715913203
1944 8.44639422781811
1946 8.571538219240873
1948 10.085622708524777
1950 9.369771260312476
1952 9.679405536211368
1954 9.59818287468948
1956 9.668031121643404
1958 9.414923989373126
1960 10.202397898337015
1962 8.884938510219595
1964 8.201089937303436
1966 8.454738309974507
1968 8.590954071104562
1970 7.492173219569659
1972 8.588839229365556
1974 9.28953685448664
1976 8.960595152370828
1978 8.687084967896086
1980 9.440393560902766
1982 8.932238581218467
1984 9.067795103797026
1986 8.636485069352815
1988 9.120443663599582
1990 8.990965266022625
1992 9.612013220482813
1994 8.672960388156863
1996 8.504188666289586
1998 7.835436093600851
2000 8.399251175341792
