0 9.647728426628444
2 9.755726322135272
4 9.6422427019724
6 11.969083595348279
8 12.595439625359909
10 10.87619152758829
12 9.842957602500787
14 11.456406167959765
16 8.924405579848157
18 9.873766590361532
20 7.141222780815601
22 7.354017343031602
24 7.138325834636384
26 6.8790990177447044
28 8.084769015250293
30 7.0036341335538275
32 7.538999631376878
34 9.606467025704692
36 10.592649995896611
38 6.774506790509082
40 7.155961235734883
42 7.05160657046849
44 7.135806368284784
46 7.058340343326832
48 10.938234740947497
50 10.399180839996777
52 8.443384996278962
54 10.284549456322186
56 10.049419641546606
58 8.320010352864372
60 11.58524173542032
62 8.631690860926362
64 9.55905638838297
66 11.238010630378863
68 10.325313228558537
70 9.192547808482281
72 8.880575949920368
74 7.825502967148464
76 8.778592241607013
78 9.481274518159447
80 8.969298322401915
82 7.6383825948841935
84 7.823976550366436
86 8.653010277304418
88 7.994245607287237
90 8.183559869415717
92 9.531762191669367
94 7.257407996964858
96 8.732341859678007
98 7.475863618395662
100 7.718684001094895
102 9.010538786467166
104 8.083751240523307
106 9.238283934990385
108 7.7303339924820325
110 7.471669311707722
112 8.14168160729896
114 8.95988080184101
116 8.077363213979845
118 8.825195960790353
120 9.196850066930542
122 8.808916168226578
124 8.21307555844856
126 8.128001400265289
128 7.91001271552163
130 9.505054858926377
132 8.417633528529246
134 7.613260555065844
136 6.310024274249574
138 6.868258871029303
140 6.366046851917504
142 5.963228303778192
144 5.470913924000679
146 6.610597806323106
148 7.559000972156162
150 6.705880221650833
152 7.696163527261993
154 7.859379910576339
156 7.846457345658336
158 7.6608778822623
160 7.400768806733278
162 8.331083835839937
164 7.354919052462935
166 6.657971341810013
168 6.674667517908456
170 6.15717045437035
172 6.7133169693869545
174 6.659710733821094
176 7.535306623532979
178 5.9348863948503405
180 6.683773393537859
182 5.48788680410908
184 7.587270982783764
186 6.843860792128458
188 7.812665665043518
190 7.467460950887631
192 7.5004979729721715
194 8.478456337079086
196 7.975345195512254
198 8.379518328099056
200 7.033188626843168
202 6.948735187739138
204 6.6855849765261155
206 7.221278961266718
208 6.044882595801459
210 7.9830482324812015
212 7.9499532050918065
214 7.282098256484877
216 8.266579740725776
218 7.5351129253334665
220 7.752876041452348
222 6.877362231559756
224 7.538930280375014
226 6.847849745916585
228 8.378198017676489
230 7.448520684551599
232 7.7880047061810975
234 7.064078286555531
236 6.248373566947919
238 9.258535788930214
240 6.535629510194291
242 8.906206691408977
244 9.16345586610565
246 8.351702951711498
248 7.519742121031996
250 7.480038335166775
252 8.257621884441278
254 6.899952207325212
256 7.902164388529262
258 6.552478018692699
260 8.646516957141285
262 6.221934299771712
264 6.670693207140682
266 6.188440788747196
268 6.626408812473353
270 7.565040040453647
272 6.695117491645956
274 5.534880315776791
276 6.365794616869913
278 7.229612064747701
280 8.881634383453532
282 7.4937909597213554
284 9.13035784267779
286 8.08297832136851
288 6.435787311291697
290 5.91439747131898
292 6.575033956812874
294 7.664204314281743
296 6.883040427470221
298 7.294499915423827
300 7.110600285467219
302 6.787312370848801
304 5.963602503160692
306 6.5154177153428705
308 6.452101803437078
310 5.353853258010054
312 7.336549921607987
314 6.001344246392082
316 6.922738610512896
318 5.969751903045759
320 6.480601576210914
322 7.107777381019382
324 8.409146908415126
326 8.496765490691834
328 7.842424162334937
330 7.550288791416504
332 6.767906172155085
334 7.510824525073341
336 7.517207038538225
338 8.13730550198027
340 7.99185954163308
342 10.506917666072884
344 9.440572880966075
346 7.4545558702509656
348 7.350604466710286
350 6.885502233875472
352 8.00666133818082
354 6.864620618459185
356 6.266139997441175
358 6.376470857290538
360 8.24024554914769
362 8.27818036342913
364 9.064621409507563
366 8.178084804862358
368 8.74209956111396
370 6.54190975851716
372 7.948561997210644
374 7.030734396026472
376 7.1392155312003025
378 7.470973366847002
380 6.879643774795562
382 7.4258436806960075
384 6.5169681708148115
386 7.580170905167568
388 6.667579523735861
390 6.61602390337812
392 8.257296509283618
394 6.987643797785762
396 9.169412183323345
398 8.67108348443522
400 9.171620684135213
402 7.196374364766451
404 7.491947108207486
406 9.610941823485675
408 8.843753888995712
410 8.480239740979115
412 10.475996468793223
414 8.578939968331902
416 9.026552902910318
418 9.589902889968794
420 8.819674577834549
422 8.6813047293399
424 9.771355792398166
426 8.722888927848025
428 9.058643446325416
430 8.715899863174752
432 7.568684544431524
434 8.104700495785409
436 9.223895626964746
438 10.080528623709368
440 8.107493516871974
442 9.167266161302017
444 9.599590598279296
446 10.517971609979822
448 9.835107988200663
450 7.900160350865196
452 9.657251209094643
454 8.990562227382062
456 10.324328161960963
458 8.856285357421033
460 8.85574072076601
462 11.561465404517136
464 10.637957191121048
466 9.493181196380327
468 9.991244040808052
470 10.223038435909292
472 8.525825018286197
474 9.048682763275972
476 9.147353595191847
478 10.695049544512223
480 9.14368212398435
482 8.494403319262261
484 9.86636570181195
486 9.541835400427322
488 11.685847677581908
490 10.493165587267276
492 9.036610900964321
494 9.679835760761081
496 9.28236903667236
498 7.592528652104473
500 9.09411043637297
502 9.127047050062504
504 9.720207606482292
506 8.778728442042102
508 9.656848766580733
510 10.122185251625064
512 9.1106271032616
514 9.09585561543556
516 10.009227325009407
518 8.182658335192567
520 9.376491169983211
522 9.211270009802739
524 9.693184225133653
526 9.094352076826578
528 9.661871096497942
530 10.239868334140908
532 9.497683822166639
534 9.515223058753334
536 10.106967107524682
538 10.629004447591466
540 9.156699883793284
542 8.496652771671103
544 9.451618743796947
546 10.806704869031883
548 10.774728348213586
550 9.399879559663473
552 8.276900172275488
554 10.001019478677568
556 9.032042851329201
558 9.646247756008021
560 8.915052888537161
562 10.72224048673171
564 9.354433769408201
566 10.841945350050068
568 8.935149673550994
570 9.146304353411322
572 9.537531803826704
574 9.04267624594855
576 11.245782100472667
578 10.462617387813625
580 10.860739290425647
582 10.35970880106576
584 10.901779143839528
586 10.161792611704177
588 9.531599898803316
590 9.318352963216466
592 9.154850207468442
594 10.539945323305776
596 10.823702290830598
598 10.244416912685093
600 11.01662940788867
602 9.868439786862167
604 10.671572426771522
606 11.235735187596104
608 11.79798923429899
610 10.068241309022696
612 9.265275315852
614 11.216689972882971
616 10.272569153240257
618 8.780933413933358
620 9.735247267929408
622 12.01997380893809
624 10.406018300490137
626 10.0767184609285
628 9.041345311893028
630 10.255975829093689
632 10.552065223498806
634 9.618374698569161
636 10.13006045505655
638 10.305110344516489
640 9.838879135310346
642 8.940291664779801
644 10.525081046838807
646 9.514318586237144
648 10.800024441162982
650 10.66192259823049
652 9.684923063415594
654 11.021842102226927
656 10.513547825179462
658 9.02702032564139
660 9.026212869656394
662 8.917448195777412
664 9.395531638524353
666 9.868032030677965
668 9.222617652665328
670 10.538592962490647
672 8.733150675179326
674 10.09656602129623
676 9.031358802938026
678 8.080852545528638
680 8.791096472634585
682 9.427198847314688
684 9.798879122103719
686 8.966207587572173
688 9.19561700208072
690 9.229414592789619
692 7.933028229479338
694 11.183723799401422
696 9.435175034072724
698 10.662932592963028
700 8.934698690279438
702 9.76337623358519
704 9.628397143616038
706 9.874994423395052
708 10.062822402245276
710 9.230328997611176
712 10.341146370004415
714 10.922624098620771
716 8.958043765004309
718 10.85522825362205
720 9.966306925054154
722 9.42649127137361
724 7.671101444144822
726 8.948514304855497
728 9.51623901446857
730 8.673624246262795
732 10.156584509816385
734 9.637236213845405
736 10.438299082905763
738 9.638453579408928
740 9.503422021295362
742 8.521377646956386
744 9.083306739736521
746 8.67756738652788
748 8.89569663911637
750 9.749557187399612
752 10.173071712351637
754 9.404992631974025
756 9.37996729831213
758 9.383694801682665
760 10.001792664028503
762 10.368764074647514
764 8.714827033125298
766 10.231613898479607
768 9.105414181318332
770 10.135485166994387
772 8.491368794448585
774 7.2392579064056575
776 10.377872679912713
778 9.159331729788255
780 9.362507770778382
782 8.781967281060123
784 7.894474024880221
786 8.899804921960891
788 9.163614165424626
790 7.68441554054668
792 9.336222484374172
794 9.192795341507177
796 8.914291149985827
798 9.831205587416484
800 9.76678093659115
802 9.369763275381196
804 9.281430859586065
806 7.715351785489746
808 8.577857868112503
810 9.752691625979876
812 9.58459353640759
814 9.2739360322084
816 11.130450275701257
818 9.967236650413412
820 9.441958517638861
822 10.438274164894827
824 10.659225587898513
826 10.515749251682442
828 9.793361800612157
830 9.953399994668839
832 10.114979925659323
834 10.018271025311648
836 10.231641519506091
838 9.51036465111782
840 8.87829409425993
842 9.497211053345998
844 11.286990619916011
846 10.677868349319592
848 9.800677654582113
850 10.23460304195031
852 8.464435632035096
854 9.685667475996484
856 12.944915736557302
858 10.487273102153175
860 11.251122285059722
862 10.242066721378317
864 11.196304602108954
866 9.74295164781033
868 11.192324748254679
870 9.203578826092736
872 10.328052171529597
874 10.763051961428875
876 11.834434599434054
878 9.94554331527252
880 10.522374251458325
882 10.645502348765921
884 9.48580461675965
886 10.333792661471962
888 9.675581804944374
890 9.998111923815037
892 11.23716570676694
894 10.972360472663416
896 10.33288409464674
898 9.70955786283055
900 9.306295793064644
902 10.282659205849862
904 11.128104970852737
906 9.724638379903901
908 12.931522335116394
910 12.941121413213995
912 11.00971457628696
914 11.023363567535203
916 11.401933213265153
918 11.146602275366515
920 11.67859527606348
922 12.519951126686706
924 10.722546836735406
926 10.599736783775324
928 10.47691597995211
930 11.012223409586875
932 8.590515721646927
934 11.177219522261488
936 10.023995113404355
938 11.250480068427484
940 12.221804315252207
942 9.41642323421818
944 8.86583601141357
946 10.621233608347488
948 10.917159722093864
950 12.0918161566305
952 11.169579328711885
954 10.1797489881787
956 10.741848449911148
958 8.932919634260687
960 9.458644903121435
962 8.799255597970689
964 8.889173964238024
966 9.521646960792985
968 8.846312139906301
970 9.543858256970683
972 9.20268011877102
974 9.61537451305856
976 10.277201450758346
978 10.778320424553707
980 11.205152750401167
982 12.324309865824821
984 12.545820075761378
986 11.88512020604038
988 11.641348685953705
990 12.519767791008983
992 11.487997563492877
994 13.2073805223614
996 11.073045322807532
998 13.195371393816623
1000 12.979781032181851
1002 13.854165480559685
1004 11.675100278503312
1006 11.344291788914195
1008 11.857303111797076
1010 12.040542373861909
1012 10.45474429605536
1014 11.959946777838706
1016 11.732029512646626
1018 11.187125152752955
1020 11.975281092012136
1022 11.95722791078591
1024 11.154131095420293
1026 12.555838429527546
1028 12.75861001471267
1030 12.542585841634097
1032 12.538997168105343
1034 11.678428677983344
1036 14.05423613457775
1038 11.624922281384585
1040 11.69023164857437
1042 12.741225143528439
1044 14.119831460052774
1046 12.370615696552857
1048 13.77287367422782
1050 12.314358539858176
1052 12.92611244948503
1054 12.76734181255623
1056 10.479247946218651
1058 13.132285495985814
1060 11.637871447346392
1062 12.503679842630488
1064 11.46295213632629
1066 12.638121012566678
1068 12.343429227685625
1070 11.786321837818095
1072 13.277911302321709
1074 8.600951039802371
1076 9.824759391654343
1078 11.982660852599388
1080 10.862101979860679
1082 9.063011310341976
1084 11.638451290337839
1086 9.40167172732474
1088 12.51778122738606
1090 11.655017690101653
1092 10.325743890968752
1094 12.48571464500764
1096 10.53886300702765
1098 12.21221710995987
1100 11.637651291208027
1102 11.383645365143632
1104 11.081675874965084
1106 13.004393248287542
1108 13.962087419636703
1110 12.158694235563743
1112 12.559548402675956
1114 12.283555971140993
1116 12.660370886194332
1118 11.172408195728432
1120 12.545735730110842
1122 13.082655086929435
1124 13.222693449219685
1126 12.668001030905973
1128 13.086264306554035
1130 13.477288855312716
1132 13.226196530419253
1134 12.802329007816828
1136 12.921054973344171
1138 12.903768230363417
1140 12.128504559071196
1142 12.15583343422933
1144 11.127741955213567
1146 11.200331542421456
1148 11.612670686156218
1150 11.91912321156112
1152 11.097950567803966
1154 10.968818232990932
1156 10.783740852158175
1158 10.6804765933582
1160 10.901048949700582
1162 11.21991788022559
1164 12.59755839206332
1166 11.47038668126326
1168 12.205565258725812
1170 10.819297345207138
1172 13.082267582289067
1174 9.226577128417972
1176 7.533070691341103
1178 7.106260902150718
1180 9.277660751163488
1182 8.797690344375757
1184 9.323823069573866
1186 9.363296155665681
1188 9.184822954818744
1190 9.50812587768002
1192 9.65550503454098
1194 10.269453569565353
1196 11.068192522348236
1198 10.58165137745663
1200 10.923823455100836
1202 11.631233521745603
1204 11.06429156711429
1206 11.579174080816694
1208 11.366345450183907
1210 11.39611382391049
1212 11.335859481608383
1214 11.707125481352843
1216 12.221146199469004
1218 12.190230675408928
1220 11.532459281954837
1222 13.097132177341866
1224 10.814330521816943
1226 12.744307786621793
1228 11.526620664433302
1230 10.877529468116686
1232 12.827657632943481
1234 12.06003216184294
1236 10.599916607801456
1238 12.717226071822013
1240 13.134957606173815
1242 12.567250255306572
1244 13.082444407272016
1246 13.210087118042788
1248 12.659884604943
1250 12.703302874993206
1252 12.783012353308445
1254 11.659214688482201
1256 13.835749679898099
1258 13.458346468295165
1260 12.113486698618352
1262 12.05442689005777
1264 13.125453316905052
1266 13.290393226839797
1268 11.974838868399509
1270 12.131455514354087
1272 12.706005998978583
1274 13.713366751502459
1276 12.24359184072384
1278 12.58901684813594
1280 12.601468325605014
1282 13.83715970502746
1284 13.44872308981771
1286 12.646571555684604
1288 11.957799847688666
1290 13.017535217953958
1292 13.789157539510741
1294 12.996554644106194
1296 13.716084034993216
1298 12.454178915322096
1300 12.549963354297928
1302 12.625016490120442
1304 13.114347293276555
1306 12.993998784079386
1308 13.386090551445117
1310 13.755742943634205
1312 12.854515199133319
1314 12.134353757926197
1316 13.002090437445656
1318 12.845251649358104
1320 12.843093785510106
1322 12.525672874057774
1324 13.02206742111569
1326 13.232707808258374
1328 12.837443485720415
1330 13.836276853459308
1332 12.287172606537457
1334 12.589129903117154
1336 12.961021892856419
1338 12.7324521713819
1340 13.502533489288702
1342 12.296409286766616
1344 13.080061638368896
1346 14.032345068691976
1348 12.60267310691294
1350 12.81825023999519
1352 12.492511102362299
1354 13.01015065404459
1356 12.971075312291395
1358 13.14963995924452
1360 12.6844866841911
1362 12.700844791940904
1364 12.898393764832726
1366 12.415934863128195
1368 12.69835268790193
1370 12.914837822220626
1372 12.926173988728845
1374 11.90735129472649
1376 14.072631369298213
1378 13.682544055870412
1380 13.46049028793301
1382 12.979258129509176
1384 13.238406530764397
1386 13.313002175417191
1388 12.739571057202403
1390 13.433635434246066
1392 12.734407966432165
1394 14.115181505022301
1396 12.477643846230741
1398 13.013646720672792
1400 13.374656452993962
1402 14.289919590867393
1404 13.808527926824166
1406 12.980132866461485
1408 12.97193472874065
1410 13.435067387915844
1412 13.020007608306038
1414 13.186065685968087
1416 12.310193170044483
1418 12.610171296592688
1420 13.422138498534805
1422 13.165492621455325
1424 12.755968914371076
1426 12.061327692468392
1428 12.164456400425518
1430 11.957916852005205
1432 12.716638684392544
1434 14.31273169845577
1436 14.198290267745744
1438 13.148184106920766
1440 13.391511593455318
1442 13.263178896285236
1444 13.241724383845465
1446 12.833445827423843
1448 13.210206283128196
1450 13.726161812505289
1452 13.168251467922996
1454 13.238832721715855
1456 12.61231313401127
1458 13.018141536361645
1460 12.765934280651996
1462 12.646883772530485
1464 13.21639617865085
1466 12.508067269937275
1468 12.864379556152912
1470 11.349393680998732
1472 12.651735649364788
1474 13.019499727592558
1476 12.81619299983864
1478 12.9602782302028
1480 13.462048444142168
1482 14.574119889398482
1484 13.771837320192798
1486 12.987085948054432
1488 13.536625305153008
1490 13.277473678779456
1492 13.32513771498541
1494 13.232878331035678
1496 14.04952647943268
1498 13.375101672320982
1500 13.326734771427647
1502 13.000953086073187
1504 11.82220699199793
1506 12.41425812857369
1508 14.155397082344244
1510 13.778130355477728
1512 11.297746349874313
1514 12.038749853101796
1516 13.206111074011035
1518 13.463063215996048
1520 13.24466928002361
1522 13.1462006044359
1524 12.186440683385097
1526 12.809721401977177
1528 13.790709091003498
1530 13.775231906831692
1532 13.100434913813443
1534 12.904458212345952
1536 13.631482664033035
1538 12.158572791701246
1540 12.126620058798103
1542 13.401068194503328
1544 12.25259675223412
1546 13.088657737088619
1548 13.232634146360652
1550 13.265034011471098
1552 12.90044549170164
1554 13.345354899622318
1556 12.669231209015829
1558 12.611064110674743
1560 13.32453019393133
1562 12.364370712021119
1564 12.733118189394553
1566 12.825675621402201
1568 12.911825259812376
1570 12.94210612743549
1572 12.068889408676199
1574 13.491658361032416
1576 11.909934361659625
1578 13.042953020286937
1580 12.09777539533622
1582 13.144371474697964
1584 12.527766439688007
1586 14.206229283155587
1588 12.526057118896935
1590 11.922691251854623
1592 12.558257827569701
1594 12.869905397533161
1596 12.477862894037429
1598 13.31411475545155
1600 12.246300504138233
1602 13.222611171454167
1604 12.16557001762776
1606 13.059077744452935
1608 12.262196500082847
1610 13.095020089851763
1612 12.392696647631158
1614 12.431445910936485
1616 12.957799396182644
1618 12.225073162211867
1620 11.761795951828885
1622 12.287177896310586
1624 11.621546519551764
1626 11.46746012177008
1628 10.97730535075673
1630 12.139268598192722
1632 12.376216013216359
1634 13.17473803369458
1636 12.580162915993522
1638 13.72784313600564
1640 12.391310451564355
1642 13.434442229319632
1644 13.552768423677309
1646 12.591938195751888
1648 12.267779092057573
1650 12.692027537743463
1652 13.08552824336819
1654 11.962799767130315
1656 13.639325659520939
1658 12.638759594667544
1660 11.987992617673429
1662 12.631714562684445
1664 12.48136291789179
1666 12.0765998885547
1668 11.90247644638212
1670 12.615455643043633
1672 12.664195664593224
1674 12.412359602243002
1676 12.672285287364266
1678 12.452252786418539
1680 12.536106772939279
1682 12.606130531150074
1684 12.3024427958734
1686 12.376863153576243
1688 12.913391676185414
1690 12.144670011797297
1692 12.801047905228423
1694 13.228121240709754
1696 12.210364732724914
1698 12.834406203597618
1700 12.580497122374878
1702 12.95580735689056
1704 12.513894271621915
1706 13.227839113490914
1708 12.291501634830503
1710 12.8127503800819
1712 12.304825185490781
1714 12.82632058050187
1716 12.00175550615749
1718 11.387913540446766
1720 12.015607566379627
1722 11.039414160845885
1724 12.676510742204721
1726 11.737607104186758
1728 13.425368610913159
1730 12.662852100597283
1732 12.707700327021449
1734 13.13625622745589
1736 13.172133680182034
1738 12.183128112971506
1740 12.90140548371449
1742 12.57438019880478
1744 12.791698096249062
1746 13.175149433599602
1748 12.678131420952532
1750 12.574223275742575
1752 13.16589536804851
1754 13.204122032436624
1756 11.976651738498473
1758 13.711136650087388
1760 12.010046159463444
1762 12.901770488515414
1764 12.880420123530492
1766 12.348408851333364
1768 13.86959796655968
1770 13.011381326073261
1772 14.298885435299132
1774 12.635387532159895
1776 12.290148815871552
1778 12.087786163130804
1780 12.585110876408917
1782 12.35841871695699
1784 12.843202024130674
1786 12.50665565582603
1788 11.325362785002511
1790 12.928221737987366
1792 13.261286267458049
1794 11.664351602349058
1796 12.725097022386572
1798 11.254664237371184
1800 12.024580503264445
1802 12.328027632869777
1804 11.854362767091828
1806 11.972556072684625
1808 11.51728443988197
1810 11.750749420551731
1812 12.431790421943514
1814 13.577401585035156
1816 12.955047556572357
1818 12.889159053129923
1820 11.983214978974221
1822 12.848511979331946
1824 13.514092811454926
1826 13.249244666340699
1828 12.594576326024589
1830 13.299656028947515
1832 12.86840369342654
1834 13.368344420457959
1836 13.212063542574153
1838 13.198220665967982
1840 13.131012241949469
1842 13.047960677370805
1844 12.659003941553307
1846 13.677737695005654
1848 12.577610104224611
1850 12.416148836444815
1852 12.581485683125102
1854 13.41205550607223
1856 11.856072864552923
1858 12.254425801742471
1860 12.496097823173406
1862 12.891935351016452
1864 13.240035505910795
1866 13.563143965242931
1868 12.492900119899526
1870 11.936258147222548
1872 12.335474775106224
1874 11.061512343634524
1876 12.326828469851753
1878 12.011769141410365
1880 11.28724286116488
1882 11.218106770438984
1884 10.964534129047088
1886 13.18758252992234
1888 12.592606128265375
1890 10.886422134742052
1892 8.236391584784238
1894 11.271398586088381
1896 11.8104271622721
1898 12.662933967107154
1900 13.51194158532883
1902 12.231768782711478
1904 12.532374142271694
1906 12.090758023791764
1908 8.688430415419036
1910 9.548093478850673
1912 9.819491834682774
1914 8.536093505104166
1916 8.271576774132031
1918 9.138241754614812
1920 9.378917363852423
1922 9.38700593642516
1924 11.76687689741942
1926 11.913915976047543
1928 8.428725551506377
1930 8.788203528862539
1932 10.15397628635444
1934 11.440407406685246
1936 10.530211496722222
1938 8.418388326261523
1940 10.315641211935153
1942 7.56456474065693
1944 10.031941625940444
1946 11.208577522321498
1948 11.367254535617793
1950 9.76429348204172
1952 9.491749974807892
1954 9.66739554045846
1956 10.043308044395786
1958 8.584811541137936
1960 10.884941658283221
1962 10.671747479050211
1964 9.39968288162937
1966 10.073771526401089
1968 8.696897233173912
1970 9.613191376943876
1972 9.28875270325831
1974 9.393495519181968
1976 9.4289435384482
1978 9.454732151608122
1980 10.740379247524274
1982 9.485384251483655
1984 11.27011946607361
1986 9.317310696076413
1988 9.676460333016424
1990 8.475381555122148
1992 7.998284128618355
1994 9.672363800880685
1996 8.713400078625794
1998 9.34914886844047
2000 10.05700044359035
