0 11.29295767981059
2 11.791315568388928
4 9.888305443600732
6 8.870950992361054
8 11.532421892206871
10 9.565014558456566
12 8.602751479971461
14 10.872673757520905
16 11.574929114635399
18 11.560664587222458
20 12.04236053798371
22 11.886491446182262
24 12.65381626629261
26 10.10254978408793
28 10.887014369361381
30 12.176536392310226
32 12.238790385500362
34 11.389778307333604
36 12.40507377532002
38 11.724820688793491
40 11.496422039680866
42 11.830508961634127
44 11.296756098096148
46 11.35404041477318
48 11.57510237646471
50 11.023264344910746
52 12.00476550628642
54 10.530099401341573
56 11.260035870565577
58 12.181364089425504
60 11.301869880380647
62 11.55679806990392
64 10.40723147381083
66 10.921689494300596
68 11.959774560241998
70 12.032432968177327
72 11.181170598746238
74 11.498216142111358
76 12.821237972435156
78 11.944896912992421
80 11.806356674627061
82 9.94507311119925
84 10.490011078842256
86 11.53327046921727
88 12.039685936831157
90 9.554564116004725
92 10.946387105974555
94 11.97532786592559
96 11.017589673536518
98 9.974041487532322
100 10.140544907118997
102 11.240167618720765
104 11.822798445627983
106 10.554950957516853
108 11.93185072709599
110 11.46449752219132
112 12.006536224213606
114 9.369981297953906
116 10.293326154556167
118 10.84047041488476
120 10.481752027874876
122 11.455122203139448
124 10.92800266846407
126 11.669553952098411
128 11.95322851339469
130 12.068174288775216
132 9.543722716010604
134 10.300122889112869
136 10.966720868783113
138 11.334949390787537
140 9.882127284178194
142 6.31065121636639
144 10.39144617173518
146 10.530683070794964
148 11.52160928956484
150 10.83466534783234
152 11.11928660512707
154 10.972373704200853
156 11.147249253972527
158 11.199340242304977
160 7.841905570152784
162 9.804898505575078
164 12.570464809814622
166 12.870607380085099
168 9.892793898504014
170 12.160408450095563
172 11.472922535056515
174 11.21731968761449
176 8.504970621265137
178 10.109310540935248
180 11.128743280170458
182 9.551840095961593
184 10.544585306437915
186 12.538140715002918
188 10.67127806513126
190 9.49497247114419
192 10.016828492681253
194 10.02765152278213
196 10.796721824451335
198 11.151290985227664
200 10.614521256235555
202 11.675741949322674
204 8.894455491761574
206 10.9945508162088
208 10.965373172006869
210 10.149540758992131
212 11.322276329619504
214 11.786525527173058
216 8.661843548982263
218 11.648622802018584
220 9.691757708826614
222 9.194892328248327
224 8.244016946333648
226 7.443180129780598
228 8.13360521097953
230 9.092862872859817
232 8.252311347632789
234 7.927887947746951
236 9.197231234672676
238 10.823156537338276
240 10.973613486752365
242 7.868883641332421
244 7.106939465630254
246 8.462515202344274
248 10.815505714819334
250 10.843880484853537
252 10.558362324913718
254 11.407392496297097
256 10.880187670268542
258 9.708600273722341
260 10.266267777098584
262 11.272553985597483
264 10.345119235581539
266 9.634988274402904
268 11.571913091414304
270 8.770077506652223
272 10.864274060732768
274 8.482335513969723
276 11.935612649907346
278 9.149247052342817
280 11.075838176898346
282 8.889433987331188
284 12.52040542238712
286 8.034959028490892
288 9.498100856446426
290 10.521238273588777
292 11.838303148491798
294 11.587542153820335
296 12.686779937909714
298 10.417642804591976
300 8.762978862309641
302 8.534026233484951
304 11.780768072091542
306 11.603879663644296
308 10.323668681549668
310 8.801236593582303
312 11.916727558231186
314 12.755533285862693
316 9.937710906703456
318 9.625396433092925
320 8.169921401361787
322 9.36850664580561
324 9.103732798851066
326 9.693285041210634
328 9.793190830649646
330 11.570034228961244
332 12.027841890971626
334 12.334138321486819
336 12.318354398634893
338 10.354908283293746
340 12.020360324940171
342 9.472286372297297
344 11.2010087172095
346 11.023265574935841
348 11.758953053851615
350 11.72407887277809
352 9.463217986469392
354 7.422033502010107
356 8.895230822088955
358 8.690023280076373
360 8.179292554049105
362 9.93482505517927
364 9.43012705906596
366 13.359772691450573
368 9.45291272554167
370 11.281279693955788
372 9.688366879374614
374 9.094562538206704
376 8.965708804945278
378 9.380375140402192
380 9.204102476876312
382 8.96909559099216
384 7.798723122572257
386 9.157656805523967
388 10.117739646494751
390 9.847954137267813
392 9.478292788573803
394 9.3542852875558
396 8.757289446567498
398 8.646596080158444
400 10.0922249095818
402 11.68661279271923
404 9.853562048021391
406 11.724328295244574
408 11.509968950774946
410 10.532927841528602
412 10.057632951686362
414 10.635367532037149
416 10.09517971565761
418 10.519649359368454
420 11.281839349007543
422 9.765679932660335
424 9.213240543826805
426 9.730808713267184
428 10.74842182303759
430 10.462918936636674
432 10.44035889283414
434 10.28688311586889
436 10.16754855007341
438 9.016885353510327
440 8.984611232634675
442 8.903120199796879
444 10.520591711952255
446 8.878945514174644
448 10.177373060777382
450 10.165815825066636
452 10.131270518034654
454 10.330022925973136
456 11.19048190663866
458 10.006621530914785
460 11.550220294388431
462 10.246613367853403
464 10.622511766895343
466 11.841837738831385
468 9.316667770833385
470 11.07776516159318
472 11.4294908630794
474 9.74488121841974
476 9.201019145079437
478 9.033032947048824
480 9.37371126070877
482 9.755017373264257
484 9.610752523217961
486 9.53760018960727
488 9.89614339166224
490 9.905197242344139
492 10.596436448128282
494 9.679342789211928
496 10.048409907177005
498 10.344525912059217
500 11.016938325965475
502 11.580546810175425
504 11.46717341109257
506 10.657498776721422
508 11.49933762582017
510 11.423776324094872
512 11.182564018099333
514 13.101559214748931
516 12.810018780327734
518 13.298253171319505
520 12.232884936800046
522 11.75907615250894
524 13.534177532483769
526 10.279419276542999
528 9.568414077018545
530 8.765342723293026
532 8.457545271621722
534 11.272854807522439
536 7.5208215983058695
538 7.549080001059057
540 10.63743822851694
542 9.428475146991389
544 11.585552886830852
546 10.32226435282703
548 10.907567825054581
550 9.788538443368504
552 10.990924396602367
554 10.134300517188054
556 11.442740803234306
558 11.240179689000998
560 10.240133783846407
562 8.539487774610393
564 9.940654465993212
566 10.718360156282532
568 9.117633455313513
570 9.983775848857226
572 10.163601093247543
574 10.668057769220123
576 9.617886233885052
578 10.396390437887801
580 10.956363303787155
582 11.641202267044411
584 11.157095805107287
586 9.062560190066952
588 8.714288225026458
590 8.875066930392205
592 10.553838707721162
594 10.876856348893815
596 9.616851314198149
598 9.597717318312185
600 10.13036824497969
602 10.29643061446556
604 9.298692291200753
606 8.996937907842643
608 9.59598913297957
610 9.991606664672835
612 10.724810070574515
614 10.620548944460744
616 10.223547153815943
618 10.362063186109296
620 9.527886636340302
622 11.258555498992463
624 10.639442134086245
626 10.303658115876415
628 9.173559580977944
630 8.833469433505321
632 9.656547069537117
634 9.765502668297
636 11.570162513017312
638 8.789713774482452
640 8.911767069296815
642 11.047671607043332
644 11.319451767013115
646 10.847975497475895
648 9.311742330690922
650 11.529084353465398
652 11.264740619545261
654 11.154077211221809
656 10.128983403347327
658 9.187756875531107
660 9.082752401147655
662 7.7261193269863115
664 8.095392725880963
666 10.763151964174158
668 11.906792914592957
670 11.548718535441141
672 12.31613237633709
674 10.434362724382048
676 10.612398699849246
678 7.251617108178544
680 10.306541064817901
682 8.392577793737852
684 10.210139151737378
686 9.83306773751251
688 11.183061200428297
690 10.888967735054225
692 11.279982673688282
694 8.994620526359164
696 9.000501532934324
698 8.973058277961732
700 10.143058560266606
702 10.250114095810014
704 9.388084237318989
706 9.402319750958998
708 8.51559237522582
710 8.753091906637744
712 9.60566823006141
714 8.6437967795499
716 9.770490186532763
718 11.36742913483834
720 9.763075685065735
722 9.679150250555452
724 10.299519563896036
726 7.729905773543305
728 7.728533258687171
730 7.325707811137133
732 9.106624680624167
734 9.570408289701243
736 9.940913274251468
738 10.17782734557659
740 9.580494241421789
742 9.500648019316612
744 9.409544424772218
746 9.925111852377553
748 9.700546782823444
750 9.040226505120623
752 12.009372257850044
754 10.42422133006477
756 8.577591689580714
758 7.980737349792665
760 7.604987175786963
762 8.188501880651536
764 8.686433173804106
766 7.801657158127211
768 8.15184388291623
770 7.841501349120133
772 8.394206913016562
774 7.622736170569166
776 7.685579598883824
778 9.28512071867735
780 9.514686949932754
782 7.717944191088673
784 7.185361786657981
786 9.375899248869853
788 10.761807808733622
790 8.432249049308904
792 7.8777294009123535
794 9.06257587018104
796 7.400497052382621
798 8.362614141732383
800 10.051654512322132
802 9.341782165993948
804 7.341888132085381
806 9.46175418647551
808 7.954588707174848
810 8.480766083645957
812 8.152188183570141
814 9.427465676525502
816 9.719929657042952
818 9.654057035076093
820 11.18703775123498
822 8.268138024393027
824 10.165481590200967
826 8.8182649832328
828 7.27928399223307
830 9.331270404770738
832 10.158575434201554
834 10.658332907630424
836 10.627472505862439
838 9.903595034972794
840 9.870051767514447
842 9.0998631226036
844 8.878130130648485
846 11.181834064649568
848 11.6547662049916
850 9.276998959712767
852 11.766172135926737
854 10.672715655376546
856 8.120611622143253
858 11.01580064964356
860 11.115721744061945
862 10.852227433341657
864 11.528645808688243
866 10.616439297421362
868 10.665650363127925
870 11.415176295334769
872 10.166952305253197
874 8.071047975174142
876 10.763048665277973
878 8.377598202824107
880 8.982547221348746
882 8.193874581539353
884 9.686745525375818
886 9.503978927808484
888 11.02573898171244
890 8.769356654728101
892 11.574067171745462
894 10.499205234932596
896 10.864118490191059
898 10.505309326326394
900 12.177723230498897
902 11.02360585421701
904 8.817857490219518
906 11.318634530200708
908 11.73327473204109
910 11.025220742993778
912 9.710936612850396
914 11.747416783031479
916 9.538244094642083
918 10.364957074795857
920 8.857470811612215
922 10.68704576429044
924 11.093092778732583
926 9.876456612008308
928 8.801843895298642
930 7.882141022644491
932 11.489281513270827
934 10.40364243090408
936 11.376754443276681
938 12.178251136040569
940 12.819754689172358
942 11.310907903873412
944 11.567034434195165
946 11.943157614560798
948 9.061335853638866
950 9.651142534523897
952 9.229161885112022
954 8.038275520277868
956 11.678936197358842
958 11.086949737967174
960 10.907412678678133
962 12.312160903336306
964 8.971435410592248
966 11.67350274219483
968 9.960696807453212
970 8.125601385876404
972 9.420687814864161
974 11.672287603050483
976 11.691962870460149
978 10.824648361880758
980 10.101628038695726
982 10.175429562661233
984 12.208603021563816
986 10.046965990307553
988 9.40036752575687
990 11.376302880294434
992 10.251343774759144
994 11.238913375355285
996 10.971076604267731
998 11.796990586926979
1000 9.658448299151797
1002 10.467449687204608
1004 10.799015714088942
1006 11.194291181934728
1008 10.661709486288338
1010 10.206127572838511
1012 10.73455828855795
1014 12.06386652517298
1016 12.08931523102673
1018 11.242840781924453
1020 12.725203332026375
1022 11.783672901605124
1024 10.502751757632245
1026 10.49177028268591
1028 11.600322668654295
1030 11.400217582901856
1032 8.153850501632709
1034 9.06596095753264
1036 10.906918146675702
1038 10.022568183151785
1040 9.72083410004909
1042 11.012599508055674
1044 11.470088384101977
1046 9.806033562370361
1048 11.186002675912377
1050 9.0839713435199
1052 10.622404792778452
1054 10.977714931165348
1056 11.046947620375422
1058 10.866383198641543
1060 7.761238672958465
1062 10.096956012659293
1064 10.490063832165426
1066 11.03252395734928
1068 7.604565214611639
1070 7.611338930582561
1072 7.200253853457423
1074 8.650137716096816
1076 10.825654955359214
1078 11.2037361022533
1080 12.505913892058205
1082 10.959320363051281
1084 8.725564809108791
1086 10.240986805697194
1088 8.841282459301544
1090 10.514019141640361
1092 8.663876900770878
1094 9.343281811144212
1096 9.692361435512298
1098 11.255117402178998
1100 11.459817596103084
1102 8.881836096843301
1104 8.6312710169339
1106 9.946574830596429
1108 7.763507451488314
1110 9.10567406562327
1112 11.433519666076371
1114 7.789696741827436
1116 11.309573838684708
1118 10.505090135846688
1120 10.93589073206045
1122 10.540153336686373
1124 8.144427250161957
1126 10.990832385546835
1128 11.082910893227435
1130 11.534071202251818
1132 10.733932045992415
1134 10.055992899491056
1136 9.754823669061471
1138 11.197420718611344
1140 11.786479879369356
1142 9.292714745374974
1144 7.48847570129375
1146 7.400591154665772
1148 8.484236833092432
1150 9.19066501008818
1152 9.741585811163574
1154 7.904862109146273
1156 8.186217647671297
1158 8.063141334566366
1160 9.442852841575167
1162 12.619737636062611
1164 10.067298965133729
1166 11.115987660902926
1168 10.732118527055949
1170 11.887331943806595
1172 9.91154801828596
1174 9.312928095174051
1176 7.672105052403221
1178 10.14938675584809
1180 9.986436136163299
1182 9.474079278423599
1184 8.756528205761926
1186 7.466929112092902
1188 7.910159498842479
1190 8.15880129181479
1192 9.782376008473433
1194 10.319114690555516
1196 11.274559265049321
1198 10.581447782341835
1200 11.44288668698845
1202 9.838151970054254
1204 9.612359319367727
1206 10.238304094011784
1208 9.682213631989606
1210 10.220651585364159
1212 10.049515699570062
1214 9.659919541937423
1216 9.175739811397944
1218 10.241337006137641
1220 10.258455965936657
1222 9.287743406988819
1224 10.014852782915707
1226 10.99756174010099
1228 12.054997149245883
1230 10.021350772900286
1232 11.2363758269166
1234 13.707227434076048
1236 9.324501230276882
1238 10.695486162077934
1240 10.483393605105753
1242 11.428516168406837
1244 11.641773058162258
1246 10.231299231876605
1248 9.894629725566197
1250 7.505742959517912
1252 7.915996459785645
1254 9.242777909014103
1256 9.288792512442102
1258 9.089714983511467
1260 9.534333059576262
1262 8.73172119057662
1264 10.91957562694465
1266 10.607799104876378
1268 11.734983875216372
1270 10.309468249900672
1272 10.825690562160087
1274 11.129229038407184
1276 9.07397590041918
1278 12.129186206011097
1280 8.932166468504644
1282 10.342249902143227
1284 10.561160562209219
1286 8.373487639295144
1288 11.39909941586379
1290 10.005101675941466
1292 10.727479440622048
1294 10.849377139448992
1296 9.825234531549295
1298 11.01891483592629
1300 14.692623869793367
1302 13.017437436651207
1304 10.27004577805505
1306 10.649488696231323
1308 9.04045159418977
1310 9.179547831720077
1312 8.525462324658488
1314 9.463559401355479
1316 11.357734275585155
1318 11.498217533133305
1320 9.616849872538982
1322 10.412656582942867
1324 9.275789515534635
1326 10.821762459543155
1328 11.929234485864221
1330 11.96939808720952
1332 10.312233025663899
1334 9.408627272404933
1336 9.791770786135753
1338 10.919290564552938
1340 9.500688115950572
1342 9.508583868673337
1344 10.755867541593581
1346 10.108480567742896
1348 10.275274310607477
1350 10.547057899168513
1352 9.795652588025149
1354 10.178054760722006
1356 10.363254708678221
1358 9.704195403174328
1360 10.817305822119225
1362 11.181193096940154
1364 10.781819702455657
1366 10.849722190292075
1368 9.882555273641378
1370 10.304721350168922
1372 10.148049598053513
1374 9.408743873620452
1376 10.0069923978528
1378 10.326714564246089
1380 10.328276068834255
1382 10.002838872553674
1384 10.242510827515405
1386 10.319727981296099
1388 10.794195547022461
1390 10.160186740932568
1392 10.928659062755749
1394 10.130715903529962
1396 11.807093935156546
1398 11.787262757654174
1400 10.17623390098327
1402 10.773156288536915
1404 8.66307934113255
1406 9.515933776356972
1408 10.00345145333061
1410 9.623689498350322
1412 9.519718391036843
1414 9.059542022312982
1416 9.065572211612261
1418 9.567281539812253
1420 9.027539538731183
1422 8.916797541358857
1424 9.056373000888994
1426 9.540233671580847
1428 9.558929552303924
1430 7.364518895490156
1432 7.889982133472869
1434 8.135491795702443
1436 9.839278699599552
1438 9.650384988173466
1440 9.949748300716092
1442 11.52706055226547
1444 10.914802205718281
1446 11.730202610520161
1448 10.400399357980657
1450 12.382487075772655
1452 11.48109418858435
1454 10.634311847528108
1456 10.033248826122033
1458 8.922025510786241
1460 10.460319641951424
1462 10.657822504145688
1464 9.02729877748067
1466 9.67233218768739
1468 8.610787244158317
1470 11.687402699504645
1472 10.053759499417414
1474 12.20477432636458
1476 10.283294792745409
1478 10.401204032165518
1480 10.168701662143977
1482 11.629564648499063
1484 8.999121315682428
1486 10.012049117589427
1488 10.034924848322236
1490 11.109522322887358
1492 9.766608777636307
1494 8.673207821282396
1496 9.488281901310778
1498 12.862742585946776
1500 10.258928059581464
1502 9.45723487105541
1504 7.914991559180091
1506 8.791013326552694
1508 10.202708792836953
1510 9.558749932638747
1512 8.48875791955784
1514 10.869799140826894
1516 11.530547943729287
1518 9.75701174188007
1520 10.290927620795024
1522 11.078029172776741
1524 9.462099102283013
1526 10.507819616637072
1528 10.930262685344644
1530 9.368484897643558
1532 8.517576156560137
1534 9.145665745188088
1536 7.8249377563793665
1538 10.46355406882723
1540 10.61070074933121
1542 9.597758141058252
1544 9.862472896953852
1546 10.089606496134296
1548 9.63554258378189
1550 9.218579853766952
1552 8.68684295866194
1554 8.585809462197371
1556 8.932685626262534
1558 8.94158919511041
1560 9.736640819330844
1562 7.905615090000899
1564 10.495063236480831
1566 9.800115842178597
1568 9.34746053030259
1570 11.364544835641567
1572 12.468310830887134
1574 12.79029993941885
1576 10.088395766336168
1578 9.589639358189991
1580 9.50933640917723
1582 9.98152402689644
1584 8.25757466619005
1586 8.579608918283673
1588 8.960526069120753
1590 12.119022384095754
1592 9.216403944068574
1594 8.795164031062276
1596 9.7058539643934
1598 9.735324426390859
1600 9.428119344875387
1602 10.199816623914522
1604 10.105700267933576
1606 7.295819242418675
1608 9.821765930756218
1610 9.765911106749494
1612 9.121232660547106
1614 8.801052421062549
1616 10.814227686101638
1618 10.23015556418719
1620 10.994255526581146
1622 9.085902507934902
1624 8.96159717596111
1626 8.711037258399678
1628 8.213175053418452
1630 8.08704142752135
1632 8.290147216374393
1634 8.4183003117734
1636 8.708287917188972
1638 9.849023131600406
1640 11.442551037653704
1642 8.938067506165131
1644 8.817762428928207
1646 11.723409994045362
1648 9.333378690595628
1650 10.742930622027014
1652 8.989969262402129
1654 11.089718011517576
1656 10.405111418923958
1658 11.227072290752604
1660 10.526954727856339
1662 8.318564123087368
1664 9.528681903963781
1666 11.466054186267616
1668 12.567876234404672
1670 9.907600189250413
1672 8.511133734987594
1674 8.663857322585184
1676 8.197418237054412
1678 11.21135954263402
1680 12.445357853123843
1682 7.648903098462379
1684 8.950799296061751
1686 11.34808091126762
1688 9.216145369274853
1690 9.184707769190352
1692 11.213407490047274
1694 8.945379230785116
1696 10.908805753553294
1698 9.969322992449326
1700 10.335175904369173
1702 10.41555420176223
1704 9.797520210574563
1706 8.632646939165497
1708 11.954881856952174
1710 10.781809133771882
1712 9.012568143087854
1714 10.598379276387837
1716 9.152597911138264
1718 7.8732352945092545
1720 9.401930266220594
1722 12.076259131329776
1724 11.29669053597358
1726 10.579037784603306
1728 7.368710903443658
1730 10.034102754956379
1732 9.83299876299356
1734 9.49932377643607
1736 9.110395694859847
1738 9.219705835976358
1740 10.742018555206728
1742 9.04081032454909
1744 11.251392044142703
1746 8.305737141162808
1748 8.016941445869747
1750 11.775828832658856
1752 8.694052057258968
1754 11.380014914185718
1756 7.990606745099357
1758 7.713505584896559
1760 9.324964969028429
1762 11.308976274029172
1764 9.285239437143222
1766 8.769508234588697
1768 8.035703153875781
1770 10.388098744240308
1772 12.688968496890102
1774 12.939786608206571
1776 9.98615294285948
1778 10.083706969484949
1780 10.429799748051758
1782 13.20952755680583
1784 10.213999545668878
1786 12.028896319091425
1788 10.697934631376773
1790 9.573593543757118
1792 11.136519634699285
1794 9.66035918458944
1796 12.88560274040064
1798 10.521586887787272
1800 9.666260749064705
1802 8.86713468837805
1804 9.46566960710524
1806 9.824235797701629
1808 11.830416055364184
1810 11.574835890994777
1812 9.105809375668313
1814 11.03882848522334
1816 10.19545895608421
1818 9.47144222923318
1820 10.235921267971408
1822 11.65444029758671
1824 12.33247909336976
1826 9.778401710652346
1828 10.653762095603197
1830 10.438425491987347
1832 10.374323448094403
1834 10.101498321290054
1836 9.992283586571071
1838 10.995983656477996
1840 9.590337021114312
1842 10.526389154019913
1844 10.35113621645973
1846 12.200722502780435
1848 9.695504919150515
1850 9.98948571180826
1852 10.127996528336716
1854 9.95737486963571
1856 10.008950535417164
1858 10.237960086830473
1860 10.681319262287516
1862 10.891354594972942
1864 10.930509526977746
1866 12.162816671359847
1868 9.562827701318442
1870 10.321859506267367
1872 11.362491452659988
1874 8.788363973287284
1876 12.347524473357407
1878 12.15758205718135
1880 12.137167971501135
1882 12.357361550303139
1884 10.273503837120845
1886 9.98820354114152
1888 11.045243173101113
1890 12.660892256260762
1892 10.66392198969106
1894 10.488873350961638
1896 9.474276862983311
1898 9.569155415067893
1900 9.412102711927488
1902 8.391844091349217
1904 13.593808086263627
1906 7.499342944446146
1908 12.855358315294938
1910 9.17146470248214
1912 9.955899675796847
1914 7.580152421698896
1916 9.862933126283664
1918 12.09556144632131
1920 10.984079661304799
1922 11.938526090453879
1924 11.277426328126415
1926 9.739260284726791
1928 11.679751499616762
1930 10.673922951317767
1932 11.819127334435336
1934 12.661937713581098
1936 10.22899029444524
1938 13.040895823969938
1940 11.123632888152468
1942 7.656433562064367
1944 11.109614251117575
1946 12.053793571038142
1948 10.926515033628293
1950 8.42656205454714
1952 11.31344098107705
1954 9.819486077378757
1956 8.996786971908845
1958 8.299861743925486
1960 9.433203420692495
1962 10.866490571763212
1964 10.261392116283115
1966 8.459636325825139
1968 8.917520239283686
1970 11.809830062646148
1972 9.74621991526966
1974 9.21352828644678
1976 10.112550965511275
1978 9.642198378120312
1980 11.465473278878456
1982 7.305111299540395
1984 9.858300588686296
1986 10.150806786558373
1988 10.192528789034837
1990 11.177471079868372
1992 11.276984430707357
1994 9.764734925376008
1996 8.531615437601078
1998 11.005825778288258
2000 10.084700916642308
