0 10.570681598958526
2 9.36363321036422
4 10.469541257702918
6 10.039666729750161
8 9.52009616034761
10 10.296228138322004
12 10.807804385789282
14 7.044844818682823
16 10.39362463839548
18 10.267923281306963
20 9.825781415081009
22 11.79656246326502
24 11.510408551800245
26 10.913858308310035
28 11.533899574919952
30 12.469828016231913
32 10.57603597414159
34 10.35443005123091
36 11.711775176821284
38 9.392726763747289
40 9.472185638763055
42 12.400485583123425
44 10.442540559003863
46 11.18325721065291
48 11.298973922461244
50 11.424486453882142
52 12.050540128138735
54 11.534808978221767
56 11.264988314324393
58 11.094614262385047
60 10.654138775180993
62 11.407489792291566
64 11.6392849648164
66 11.221643526739015
68 10.264778892193412
70 10.889196799849593
72 10.740334450117215
74 11.088821020449123
76 11.904791591699857
78 11.24711282451068
80 10.816280453068343
82 11.393304505499387
84 9.998808446774746
86 9.611439308570237
88 10.465693849617294
90 8.095640701659683
92 9.232440894378707
94 10.929798954883006
96 8.010047165902623
98 9.331180418518361
100 8.824175910667915
102 9.37748899837031
104 9.252347099983162
106 9.586925872287585
108 9.52655219523669
110 8.360299908128312
112 9.024137511741618
114 8.30810092531246
116 9.26487058644933
118 8.833015173179623
120 8.862445310956089
122 9.203536183316741
124 9.291477246065721
126 8.735523679575314
128 8.887897531538798
130 10.17235952817088
132 9.131901485323162
134 9.263495109695564
136 9.846667855309565
138 10.327495577721356
140 10.086734778289818
142 9.281687552817642
144 9.376105753153393
146 8.015651082934323
148 9.359180662700673
150 9.159757362717546
152 8.84399682169746
154 10.222005348022979
156 7.962744605603716
158 10.99566432332354
160 9.998631812075027
162 10.734414396480396
164 10.26684620899271
166 9.184186038203327
168 10.479432235073288
170 10.458043922035868
172 11.225295269522368
174 9.641186551719198
176 8.649723575830414
178 9.14070273655103
180 10.409696412806557
182 9.859636618864634
184 11.254201058460273
186 10.277710353117579
188 10.812107697286024
190 10.570834901113807
192 10.832588473994324
194 9.236075467873166
196 10.023367628880182
198 10.188485496214263
200 9.407259011047445
202 9.690640898653914
204 10.107586749564591
206 9.183342748330345
208 11.120614890244802
210 10.765109027289126
212 8.599594046304299
214 9.040639370277106
216 10.26749018354556
218 10.617273116664704
220 10.089370640465154
222 9.616270122146224
224 9.8726618384374
226 10.369283981692654
228 11.2005407957584
230 10.709963731608667
232 10.651357307874582
234 10.437782342036728
236 9.217302176434222
238 10.902696251245949
240 9.879811939042309
242 12.404084076470062
244 10.152994761676746
246 10.495248512502519
248 9.335818189945076
250 9.144046243414657
252 9.60105943730886
254 9.192134115591829
256 9.210237164921796
258 8.49671222497936
260 9.128516614226116
262 8.556557862568347
264 9.576399854840293
266 9.149067987054849
268 9.3992442222491
270 10.100947939815086
272 10.685026852866256
274 10.240541573450377
276 10.260477480422539
278 11.296960384472252
280 9.884538855671702
282 9.166601992221501
284 9.095722295050097
286 9.515718109417307
288 9.321019817603306
290 7.887255226463543
292 8.133433535523233
294 9.311683005405733
296 8.777668242291927
298 10.022554446440553
300 10.067507976856302
302 8.857773987283476
304 9.44094809862944
306 8.959046847025817
308 9.221826233298936
310 10.359068367210757
312 9.722753558926993
314 10.133612433794404
316 11.729138280595507
318 11.822849171435994
320 10.899362556226919
322 10.049008108053446
324 11.568227363179197
326 9.725250930021678
328 10.255945629045438
330 9.542168216592165
332 9.381364696275806
334 9.448660700761343
336 9.949427485114148
338 8.497164242187685
340 9.288897769777257
342 8.164074493861865
344 9.117002798278397
346 9.34879800865386
348 10.083780195372197
350 8.873439333098501
352 9.127127017927092
354 10.854030721818058
356 9.927325988492901
358 9.409475216643928
360 9.733780443384209
362 11.313328369161715
364 9.988955605475327
366 10.690898379482473
368 10.47172501862971
370 11.769156352932827
372 12.102018064833109
374 11.419470326823282
376 10.191883731089959
378 10.523855870057778
380 11.330525289618041
382 10.92129369988407
384 11.314994484456504
386 10.78228247632187
388 9.902386254228587
390 9.79826751529759
392 9.389394530582464
394 12.547351564032429
396 10.58069408166554
398 10.317469078926212
400 11.097283503070239
402 11.073617993517637
404 11.125472916676609
406 11.768991267847495
408 11.054282097938952
410 10.953034807609045
412 11.108988180296501
414 10.31611509227206
416 9.904229998788862
418 10.601491927624112
420 10.619591871853814
422 10.54238578982433
424 11.493035951855225
426 10.50204381441398
428 10.835522304424432
430 11.102959450536794
432 10.902565981592224
434 11.167355898168218
436 10.85454105357631
438 10.75848364316773
440 10.387842626473432
442 10.347688915875745
444 9.710769727789193
446 9.613952946301142
448 10.881239082800773
450 9.520517725611928
452 10.881941885578255
454 9.990395433699996
456 9.795379488782556
458 9.926466601196697
460 10.043155491627807
462 9.223089012309073
464 9.987407483115943
466 10.425513629072107
468 10.485276431480958
470 9.725783805426389
472 10.997666798426097
474 10.419613725236518
476 10.878180271447798
478 10.248503342348553
480 9.879845462010488
482 10.624433474816156
484 11.529829299603199
486 10.360298837602215
488 10.061263181887043
490 9.99668941110985
492 10.706716961710237
494 10.299918273454413
496 10.285723924172684
498 9.956394783842299
500 9.743576067595118
502 9.02189440607362
504 8.799349756840236
506 9.308282959759444
508 10.49434704033125
510 10.112844201038484
512 8.721499368221858
514 9.340539783018922
516 8.452280737069001
518 8.789986069706242
520 8.671243380363208
522 9.190780287069165
524 9.416054083294696
526 8.949404120363663
528 10.14764454071748
530 9.052089845415383
532 8.358229514099628
534 9.274531175636506
536 9.445478334852016
538 10.13995079615567
540 9.215169294008238
542 9.885087955687315
544 9.148927020760587
546 11.02021106081753
548 10.219138771698196
550 11.196958236997945
552 10.21374726234826
554 10.590177645685376
556 9.385190193639406
558 9.51675428614957
560 9.74874883470947
562 9.224083084646981
564 11.075709512206771
566 10.621356530346334
568 10.888467206878383
570 10.166110793567416
572 8.986193638286913
574 8.689328720805662
576 8.777819776673029
578 9.53168708846904
580 10.304549635107549
582 10.354538631725882
584 11.383255354504458
586 10.42741784176997
588 9.505937447995413
590 9.442252189490793
592 10.139804853560152
594 9.735010533027065
596 10.373432887400975
598 8.842244998792484
600 10.272706765841349
602 9.769143726851802
604 11.216612439445251
606 10.603311105334745
608 11.449702523848343
610 10.144587015818685
612 9.92073165441138
614 10.403528144122197
616 9.431112961207942
618 10.39331248580183
620 10.448257878136582
622 10.40231609113343
624 10.222987765838862
626 10.72756482167574
628 10.603936302297228
630 9.001385809784464
632 9.647485510981321
634 9.004616536518876
636 10.532545750338306
638 10.169515450041537
640 11.153739570734809
642 10.75818394931144
644 10.785336208772643
646 9.227623341455361
648 9.270537124103555
650 9.187803381074383
652 9.453966023894765
654 8.6139879521604
656 9.418622608602345
658 10.867189988660348
660 9.146153572954764
662 8.2085710515616
664 9.027343615290697
666 11.000712816344288
668 11.266388877591773
670 9.365086542113549
672 9.132993243641117
674 10.254845787763719
676 11.178970202821693
678 11.298092572482595
680 10.559811824509264
682 10.198100882169806
684 10.254446084599888
686 9.305123622592825
688 10.252189635776261
690 10.721808743263136
692 10.044770973675107
694 9.51004172523815
696 10.458492555255479
698 9.313054086064135
700 10.450868173265283
702 10.104511356610933
704 11.182424919548914
706 11.139179929073325
708 10.465259561834856
710 10.935997051036269
712 8.770801117002009
714 9.41262967765849
716 10.954038336229615
718 8.708694331415577
720 9.556050859970163
722 11.176017750796362
724 9.147432004015748
726 10.728238198029254
728 10.437133751060975
730 9.306606458163289
732 10.160936654839809
734 9.39489399020524
736 10.522069901742526
738 10.662138746469408
740 9.94973960589484
742 8.81033963123611
744 9.36738401522611
746 11.257008096726103
748 9.476132492306258
750 9.992279275381778
752 8.98036567742593
754 8.830589570252256
756 8.191910306158992
758 9.645031568004153
760 10.655589040283909
762 8.492284337793421
764 11.025254414296594
766 10.51489587258166
768 11.053225988443913
770 9.221243657046177
772 9.605980129963402
774 9.644110135982656
776 10.487431574784283
778 10.979554982997909
780 9.381744693612145
782 8.81354334419002
784 9.57963193819606
786 9.642656234810966
788 9.393220153932761
790 9.1511989467552
792 9.23558538757582
794 9.494115926476356
796 9.727506222730426
798 8.580268045966038
800 10.043293777713618
802 9.754118522426637
804 9.724194464504304
806 8.638081109338328
808 9.355096085351942
810 8.83840469292497
812 9.569680489179927
814 9.935421516375943
816 8.346933848746076
818 9.525054623267836
820 9.820527677635553
822 9.78098183164689
824 9.971262625402737
826 10.09112438156491
828 9.931538951055261
830 9.43157007765247
832 9.35100519270626
834 10.256635117092728
836 8.50214756124431
838 8.53274626999721
840 9.451526175166478
842 9.775826128072392
844 9.173636451784981
846 8.879853396539778
848 9.829867326188275
850 8.671756722166965
852 8.72420878515671
854 9.271964011912782
856 9.06621723686761
858 8.809574285785294
860 9.182692755409946
862 9.577532138920956
864 9.507701984904896
866 9.252400631399295
868 9.727047067342998
870 10.382393431164829
872 8.868714008887185
874 10.796882395871286
876 10.970017561365713
878 8.953908346103006
880 10.394890767635067
882 9.314839750378253
884 8.909595655178373
886 11.562616082348205
888 9.356865613359036
890 9.051658031684761
892 8.631719596404015
894 8.939533336855066
896 8.69517446631958
898 8.813903601585789
900 9.108827043518437
902 10.059281521397352
904 8.904412001445076
906 9.055763201177705
908 10.387650274080428
910 9.022639844345582
912 9.149638464785516
914 9.452648495224494
916 9.96758182688363
918 10.16764311585622
920 9.878489488048684
922 9.166169538120052
924 9.79912332997039
926 9.398854972414806
928 9.182652200778707
930 9.70427714718338
932 9.458779534938119
934 9.525473606941949
936 9.804388007911353
938 9.249718822270607
940 9.438764746722134
942 10.213219246123975
944 9.620785890390556
946 10.282576631857262
948 9.71972115670216
950 8.72436705471584
952 10.049373942905605
954 8.739205628005633
956 9.76462036566966
958 10.15544428775318
960 9.447971560160353
962 9.457114388062971
964 9.449157864950509
966 9.45065883378491
968 9.107645688062542
970 9.937161926436234
972 9.856899872566053
974 9.85857371493472
976 9.93614595728371
978 8.902208788473505
980 10.44253782185706
982 9.960427144097572
984 9.611668534570745
986 9.739249513450652
988 10.256242622223246
990 10.013427358593974
992 10.261551008279637
994 9.900579993938948
996 9.179334287420405
998 11.08390533658882
1000 8.673025281960498
1002 9.757984381930985
1004 9.868257601378327
1006 8.702348692518186
1008 9.581909015286657
1010 9.889075638303659
1012 10.894912053424468
1014 10.71179142036504
1016 11.29319380423958
1018 10.008688343859784
1020 9.649062892184352
1022 9.560073008245253
1024 10.021335445508388
1026 10.523372127094651
1028 9.761234011887849
1030 9.73135914263533
1032 10.24751126447411
1034 10.0596267725021
1036 9.691774173665312
1038 9.913256800428664
1040 10.488775817602743
1042 10.01647476924959
1044 10.36179284331425
1046 10.3483205117825
1048 8.93409505111402
1050 9.584285674054954
1052 9.334252552743578
1054 10.103685970199365
1056 9.84014725427641
1058 11.83129866965076
1060 12.278445619999975
1062 12.285582377351528
1064 11.94301640388522
1066 12.64484515763932
1068 11.769258830705105
1070 11.984451430097248
1072 12.372592767664457
1074 11.917258523937232
1076 12.165077763385119
1078 12.005655021926998
1080 12.219919041994793
1082 12.71123634478364
1084 12.222031863497454
1086 12.838150757104273
1088 11.808720300322495
1090 12.873323385458521
1092 12.559889412900583
1094 12.46872761748872
1096 12.702775766360332
1098 12.399701219467502
1100 11.797256997385757
1102 11.467627201510998
1104 9.105010224813144
1106 9.128530526877254
1108 9.590259491695077
1110 11.337448294425862
1112 11.139711231756834
1114 10.395642016881467
1116 9.968461590597116
1118 9.915073521856772
1120 10.317773388328199
1122 10.174758881882413
1124 9.387658385140258
1126 9.014992383973915
1128 9.774558337136854
1130 8.994151627641807
1132 9.509473789882936
1134 9.313615186938893
1136 8.950453501374014
1138 9.30056368196622
1140 8.881890748956122
1142 8.801189409505028
1144 8.704910560424755
1146 7.967698473247106
1148 8.751671104028993
1150 7.714618920380502
1152 8.982527058259492
1154 9.72675709848804
1156 8.596194240830433
1158 9.443763103285987
1160 9.860889915871976
1162 10.292647470231108
1164 9.66251398549038
1166 9.443426225206425
1168 9.883530160457072
1170 9.986120808162442
1172 10.089648748661762
1174 9.915862791197538
1176 10.269771182776392
1178 10.20275493651979
1180 10.493974355713624
1182 10.561313286817136
1184 10.683445775942223
1186 11.123942306063398
1188 9.798683781732391
1190 10.72248277438426
1192 9.34563583080547
1194 9.474912979897303
1196 10.389201511695044
1198 10.29767661754428
1200 11.641399338761286
1202 9.974674544530505
1204 9.891782442088985
1206 11.196521716743508
1208 9.20937554378732
1210 10.330050232166428
1212 10.739746373486694
1214 10.224654148661532
1216 9.909420218960234
1218 8.60402294581493
1220 9.437742677514882
1222 9.722794954165419
1224 10.4339171567498
1226 10.531824633402143
1228 10.89066300881137
1230 10.286736988941218
1232 10.370006529200554
1234 10.71879283485062
1236 10.684624754155498
1238 10.647959690852769
1240 11.051798646944158
1242 10.746324078550154
1244 10.93715477148259
1246 10.827574777039585
1248 10.46125577182919
1250 10.923978910658436
1252 11.298625254500159
1254 10.496604330689616
1256 10.249444958803958
1258 10.84192005790474
1260 11.192939200207828
1262 9.81600434693905
1264 11.523443224179257
1266 10.809935793056946
1268 9.459739641152442
1270 10.48534109016908
1272 10.108393955672105
1274 10.812071480684072
1276 11.236298678098935
1278 10.708559062919829
1280 11.018688515304284
1282 11.046703865975182
1284 9.851183291552864
1286 10.285627794929102
1288 10.040661711146894
1290 10.16955228407241
1292 10.595701893433377
1294 10.922501640364594
1296 9.560854405327476
1298 11.893842417709653
1300 11.61420761105728
1302 11.174871117312026
1304 9.631083428593238
1306 9.497081218262892
1308 9.015467953505954
1310 9.200916052287395
1312 10.792600129571786
1314 9.279061184784497
1316 10.201757288033658
1318 11.224364248512188
1320 10.21333847865928
1322 10.281813949228743
1324 11.986625609396805
1326 10.46752562686311
1328 10.05581850974699
1330 10.164106135514405
1332 10.374172586932808
1334 9.658331151674737
1336 10.428515558869476
1338 8.211902814406855
1340 9.221403860098375
1342 12.389177178378622
1344 10.402367676234869
1346 9.870788691123064
1348 10.620528102327796
1350 10.844138511258215
1352 9.559134515189298
1354 11.20041507578747
1356 11.805978233978852
1358 11.647610078923616
1360 9.627643442963455
1362 10.43304720363482
1364 10.779574566377057
1366 10.220775617827142
1368 10.731929497636347
1370 11.335698805428942
1372 11.54002888760448
1374 10.492663731746278
1376 10.505481303908198
1378 10.424714635370297
1380 10.464227351262485
1382 10.115931294479505
1384 10.409824343915945
1386 10.31968514575985
1388 10.797599418591679
1390 10.741562219302992
1392 10.347985568331074
1394 10.676615477210557
1396 10.06264802365388
1398 10.51139572211358
1400 9.735974841887872
1402 10.314855000402055
1404 10.243448842527387
1406 10.151231463669298
1408 11.119025980057303
1410 10.874418984794696
1412 10.729458891212559
1414 9.757635603759228
1416 10.480847129947003
1418 10.746553753276016
1420 12.30646661345332
1422 10.697871606501973
1424 10.475995347256287
1426 8.441162548541838
1428 12.642107287647555
1430 10.863234249326533
1432 11.351500785789266
1434 10.815115439922657
1436 10.328181698532347
1438 11.001188315831218
1440 11.096322153950448
1442 11.063001426170297
1444 10.274438975367257
1446 11.085604264204639
1448 11.137602259383295
1450 11.332674567551994
1452 9.55515536339502
1454 9.779507070345169
1456 10.168742878059982
1458 11.493163719372555
1460 11.08471496601007
1462 11.302584622680946
1464 10.861322969958005
1466 11.198866830721819
1468 9.905428755147494
1470 9.928090481825617
1472 10.948538436825721
1474 10.03501666590517
1476 10.522003114243015
1478 10.159389902857898
1480 11.14854589750022
1482 10.146776824016191
1484 10.574810810103235
1486 10.650251902580136
1488 10.635789816674306
1490 9.582366376822236
1492 10.517732001257105
1494 10.42884375128029
1496 10.576146333652389
1498 11.211889227624358
1500 10.533817312431829
1502 9.91387000497202
1504 11.12018843964725
1506 11.189124762267085
1508 10.065647345400533
1510 10.978831540110974
1512 10.575692898898097
1514 11.555785144261254
1516 9.972874155167402
1518 10.820357743588362
1520 10.787774224577767
1522 11.880844741227616
1524 11.363333123244706
1526 10.800385471674398
1528 9.875230035272775
1530 10.80624983408833
1532 12.584947067835632
1534 10.064133921627011
1536 9.724064734203056
1538 9.912384591008585
1540 10.841409733732998
1542 10.166822953356219
1544 10.464631057710626
1546 9.55172280203878
1548 11.189345141519809
1550 11.33034639803772
1552 11.452663599968531
1554 11.117420856461223
1556 11.437237636271245
1558 11.1639883926747
1560 10.331680390724303
1562 9.272735308360119
1564 11.464382587092333
1566 11.936859113914245
1568 10.391036925283164
1570 11.358119625762516
1572 10.427251083342798
1574 10.134462272332488
1576 11.35072004627388
1578 10.172128351363138
1580 10.644818949957097
1582 10.93797459573189
1584 12.223694679145675
1586 11.707909203928333
1588 11.869565773842881
1590 11.293636441210197
1592 10.002010186450157
1594 11.425140181806903
1596 12.072080702558152
1598 11.28013212762487
1600 10.235640304359638
1602 11.611911912105718
1604 10.299021013867543
1606 9.798066146469578
1608 10.606483429822045
1610 9.527753143432257
1612 10.528127589389479
1614 11.485756422551843
1616 9.7186209351108
1618 10.915606607732538
1620 10.49086147978485
1622 10.94188843574575
1624 10.308682173859452
1626 9.805967516051483
1628 11.020531584560242
1630 10.785404588719485
1632 11.21307087402719
1634 10.862155128052946
1636 11.14226609746201
1638 11.309983486633541
1640 11.650968350224469
1642 9.84065397865249
1644 12.555694027356711
1646 11.191209822537871
1648 9.780270777977883
1650 11.77319261938893
1652 11.741290896670312
1654 10.559969132697843
1656 10.667738036600161
1658 10.783428820403408
1660 10.4151866560265
1662 9.64536172792863
1664 10.858671452593692
1666 10.996445667798179
1668 10.27930230233387
1670 10.676584331932816
1672 10.849242839078123
1674 10.772859842769163
1676 10.161765569335342
1678 9.9336478379769
1680 10.331489249727051
1682 10.342847177252013
1684 10.268209875110777
1686 10.265272733743004
1688 10.043269308884653
1690 10.532518845985402
1692 11.271617743510978
1694 10.874420154488556
1696 10.48639773590566
1698 10.122676456842706
1700 9.999262825615038
1702 9.606853263185434
1704 10.318322607683706
1706 9.86657201848849
1708 11.169547927985215
1710 9.780934544478468
1712 9.541732228558873
1714 10.58574785923427
1716 9.605555205614902
1718 11.063044388474893
1720 9.397153244422821
1722 10.250986069603941
1724 11.383177785085593
1726 10.881023548731893
1728 11.409232933748742
1730 11.127315250767593
1732 10.69306037852791
1734 10.313368836506873
1736 11.133791650748142
1738 11.102981453454875
1740 11.049567287898958
1742 10.895691172511615
1744 12.588844701532311
1746 13.016012654606298
1748 11.31874748741589
1750 10.188601703048612
1752 11.127629654591946
1754 10.90795375092678
1756 9.928478290174612
1758 10.216704209608734
1760 10.565062531532464
1762 10.864016043028252
1764 11.176073903893979
1766 10.43046637965784
1768 10.969149854298122
1770 10.662497116107424
1772 10.939148315809241
1774 10.872802428572452
1776 10.51004880725318
1778 10.323140847181028
1780 10.322385757346884
1782 10.393126683543285
1784 8.910385775629893
1786 9.952207924940014
1788 10.687945791629355
1790 10.691561325151001
1792 10.205498564006987
1794 8.726389171290059
1796 9.24391576620796
1798 10.433998653694927
1800 9.482311267378343
1802 9.729898820378509
1804 10.537577400266185
1806 9.819313470657901
1808 9.993786194433193
1810 11.507187685644974
1812 10.551228647148102
1814 10.588327315725335
1816 10.49405726720436
1818 10.225089582503653
1820 11.07314323756793
1822 10.201325115821591
1824 9.743298881578058
1826 9.5929391957211
1828 9.436543927767199
1830 9.614624651856584
1832 9.7201494987228
1834 9.933778554003403
1836 11.285700172133193
1838 9.232614576813543
1840 9.520091039401676
1842 10.48062896443118
1844 10.13091871563755
1846 10.905159770174825
1848 10.582790258923316
1850 11.058491907481706
1852 11.173664764310919
1854 10.922185317816044
1856 10.796413073233253
1858 10.583563948332506
1860 11.245109010324681
1862 10.72127115997314
1864 10.626921722466692
1866 11.03008182996896
1868 11.123964210143926
1870 10.052373760564977
1872 9.100663267341503
1874 9.74450639597178
1876 10.925981779002868
1878 9.972939566151345
1880 9.942564860961463
1882 10.154669391129206
1884 11.23975420102746
1886 10.955610696824706
1888 11.674830674440575
1890 10.515171178567426
1892 10.352585905632202
1894 10.29392844939296
1896 10.502997126483589
1898 10.567992728061052
1900 11.101370520310557
1902 11.19297471952509
1904 10.010947366220488
1906 11.256542945148206
1908 9.525405854962221
1910 10.009118487923041
1912 10.045533386626877
1914 10.117733749732807
1916 10.209741543031193
1918 9.731657450258087
1920 9.418836508338654
1922 10.44999716464385
1924 10.130730460249735
1926 11.453210898819199
1928 9.7072960822847
1930 11.892658372667958
1932 10.871739583994163
1934 11.04831002989689
1936 11.010231739766098
1938 12.303446281396887
1940 12.078851085879117
1942 12.27028061574691
1944 11.373310041982347
1946 12.36097924041854
1948 10.996619324696915
1950 9.854634241976905
1952 12.15928277611097
1954 14.108655873928576
1956 13.500735035873474
1958 11.470918875676192
1960 10.917543963674797
1962 10.885000853427513
1964 10.178546759971931
1966 10.070100079582616
1968 9.246220744670751
1970 9.718699385678523
1972 10.229283419931374
1974 11.922892197861934
1976 10.49645473072861
1978 10.47621017246489
1980 9.936703454221698
1982 9.691533140260463
1984 11.244962681921503
1986 11.710923205050872
1988 10.559778463467579
1990 11.814219671918638
1992 11.47273696186077
1994 10.36675438467699
1996 10.910151504043817
1998 10.618879713035799
2000 10.646544763404847
