0 9.508486338912755
2 9.931933340696887
4 9.857305354290169
6 10.049770337874131
8 9.417367089865708
10 10.64403107741302
12 9.833982859982399
14 9.164067680692742
16 9.436662292410027
18 10.67746511487251
20 9.81048623842781
22 9.745160634816948
24 11.672491905554528
26 9.81877082792468
28 10.71538055869148
30 9.602678740610797
32 10.428576785134604
34 9.4588335533576
36 9.18529118723879
38 10.033641453404385
40 8.709646638873041
42 9.691963161021391
44 11.038534993260908
46 11.49772320495703
48 9.883093696286569
50 9.867145554891174
52 9.879040153304462
54 9.908096767554166
56 10.5324521826948
58 11.351598152743795
60 9.900109192833897
62 9.664197240374447
64 11.158159258683481
66 11.344439286917103
68 10.754204823260983
70 10.804026956095864
72 10.08184215152404
74 10.640608405883828
76 10.626957289560158
78 11.405292793741095
80 10.466894413445338
82 11.028427380450763
84 10.596933086734744
86 10.419565483891152
88 10.960387216398273
90 11.319318989736285
92 10.917019872124204
94 9.944006913027515
96 9.383578293456784
98 8.8622083032834
100 9.601280710623785
102 9.33206677244505
104 9.295853464099398
106 10.33121896352221
108 9.401206297398977
110 9.306956613209588
112 11.295776411292424
114 9.288968802097383
116 10.420337333271572
118 11.025272580470753
120 11.740129061095216
122 12.275631022166811
124 11.3568786684944
126 10.700966259263494
128 11.607695736770799
130 11.608952598938897
132 12.179490394392213
134 10.928489262635201
136 11.269256777962624
138 11.973087500140156
140 10.884048464903582
142 11.415303374648815
144 11.493959086821505
146 12.205373058128897
148 11.691299767985416
150 11.149150954694267
152 11.753914440270098
154 10.04317640447166
156 9.394491448071493
158 9.649422633793108
160 9.746286471668583
162 9.23702049933242
164 9.992904715818748
166 9.940367730017797
168 10.10022894299628
170 9.854940484202835
172 9.315509999476303
174 10.099709415906831
176 10.236657279517987
178 9.584075823964737
180 9.513584632504477
182 9.510980421487542
184 8.868689309083544
186 9.425764527417925
188 8.52637311743304
190 9.468568095923644
192 9.80671398256347
194 9.895866878680039
196 9.787021735228617
198 9.981506876050135
200 9.808323211628464
202 9.933760316757114
204 10.203199392857568
206 9.692841943867128
208 10.008815277450903
210 9.727209083680899
212 10.171199925700785
214 9.612785832993238
216 9.748871586848486
218 10.327017407051043
220 9.913270861754487
222 10.150592786194894
224 9.746352991292762
226 9.625905860504156
228 8.818791166413
230 9.397968685705301
232 10.172147046275438
234 10.161918804072615
236 9.541170663083987
238 9.238908378888002
240 8.862937120086073
242 8.30175144697952
244 10.63122665662962
246 10.89244408145704
248 10.850171633164951
250 11.157236805867829
252 10.840918982149615
254 10.001497223124261
256 10.751658543877134
258 10.568190145453427
260 10.922993476184624
262 10.575288616166747
264 10.719138126746971
266 10.435410443558059
268 10.655530936497389
270 10.465531938633331
272 11.175036950927325
274 11.588809115014197
276 11.503255442117418
278 10.59842412930913
280 11.400901084223536
282 10.709653020633718
284 9.946355206657513
286 10.763847269939786
288 10.75074517823328
290 10.728047486319273
292 9.972454555102427
294 10.193776905131243
296 10.160324561575623
298 11.147989567583217
300 10.897644029137435
302 11.17148073113836
304 12.064217235785174
306 10.135649592582238
308 11.588504094246712
310 10.854936440888586
312 11.31634454187033
314 9.976133568935031
316 10.269306921821915
318 10.76076605754073
320 10.228267346197034
322 11.20134588492936
324 10.660475500214707
326 9.768576983523573
328 10.898964959514739
330 10.288499349869968
332 9.759034750376342
334 9.45264621398775
336 10.504215295639312
338 10.414099049896409
340 9.442663320395084
342 10.668734807495447
344 10.912477441719073
346 10.371706147769794
348 11.42768109499336
350 10.94324065168523
352 9.365309454863205
354 10.288694353533987
356 9.804331682414418
358 10.742755206877755
360 10.954170640398981
362 10.38345457947125
364 10.866668752224983
366 9.57611406710639
368 9.666510882516976
370 8.918061799025876
372 10.650884201670369
374 11.81228627400809
376 11.398507204799229
378 11.224583031878542
380 10.614491998825224
382 10.760506307893028
384 9.922808391752064
386 8.740265875648362
388 9.934540068106271
390 10.679081823193549
392 10.16218478674473
394 8.946069411209194
396 8.591842026480357
398 9.18381207205653
400 9.199249483096919
402 9.420114853278086
404 9.714007523324392
406 9.071816930849272
408 10.171211153457554
410 8.996278876870509
412 9.318398252057825
414 10.70867210697743
416 9.838365961256867
418 9.21786561071892
420 9.13555874022632
422 11.524014647629292
424 10.826164274480353
426 11.17764432161895
428 10.856251844618619
430 10.174588567341058
432 11.086918807048134
434 10.998574475949505
436 10.22950562745659
438 8.805853303270279
440 9.513366268701787
442 9.214643711400404
444 9.178804749445751
446 9.160759084977268
448 9.006230189519592
450 8.922496170980166
452 9.699068743504261
454 10.052738293851188
456 9.392093544182869
458 9.31142953979178
460 9.408196039416302
462 9.878730934586013
464 10.185495526600612
466 11.031587587514071
468 10.721540932434365
470 10.997576726710207
472 10.117363166912208
474 9.641723495523726
476 9.780689694167405
478 10.998203805098287
480 9.929320863241122
482 9.313247861513634
484 9.055177624381631
486 9.766727203112861
488 10.103452474493823
490 8.916472250082426
492 9.305852176401054
494 10.365585177555053
496 8.844795572303573
498 9.433064970301212
500 9.321046349079767
502 10.151705960634278
504 10.16299659662622
506 10.548598498649891
508 9.463418245744304
510 10.849962344340774
512 9.624049366804048
514 9.16241234144533
516 9.979399748900267
518 9.525228505515976
520 9.552181833663644
522 9.210763281261983
524 9.906129222514224
526 9.10216099293152
528 9.106861356203728
530 8.612696527418347
532 9.550901478028214
534 10.703724503058934
536 10.98310274460175
538 9.22575486813854
540 11.057550873922782
542 10.541366539528193
544 10.173399942099032
546 9.260070094591292
548 11.289177743796225
550 10.96367773041055
552 9.84507211142517
554 9.812757979232032
556 9.57935445183477
558 9.337701860284177
560 8.221865568434028
562 10.220893100305473
564 9.130597280005242
566 10.353456336488687
568 9.886686593689296
570 9.045917269041235
572 10.871102328870329
574 11.585921430897658
576 10.3104246307774
578 10.828184782385204
580 10.67739635149377
582 11.61183006432011
584 9.116261174965624
586 9.712246298444377
588 9.934257031233741
590 9.77887551799829
592 9.701432743877556
594 9.677128877382916
596 11.623045285984231
598 10.647659106391277
600 11.71875032708545
602 10.873943862601932
604 9.527280799433338
606 9.29242173772541
608 9.164350884609187
610 9.920071350273503
612 9.067511411398424
614 8.804808740228804
616 9.049148256466399
618 8.957259114531071
620 9.401575154891287
622 9.660613556011585
624 9.110083212114926
626 9.349883852315125
628 10.782958094992205
630 12.80676243555935
632 11.096467584177786
634 10.669044809963184
636 10.270124685391476
638 10.78425091019775
640 9.439291762602918
642 10.48529303742029
644 10.899836129458446
646 10.341019200285258
648 11.003863410686256
650 10.195364198265871
652 9.509741912133507
654 10.405869056232657
656 8.94474117785281
658 9.992258286562105
660 10.17299133810231
662 10.054903141205141
664 9.086210845390195
666 8.946781214720005
668 11.466555973881338
670 10.517467780589227
672 10.457078288323506
674 11.507504760293399
676 10.64841119368384
678 9.345418217645769
680 9.984212374275728
682 9.309253421272937
684 10.884509637500537
686 10.849426957571433
688 10.768135519201712
690 9.388736402745607
692 9.27606931674417
694 10.437043684765456
696 11.539698771705824
698 11.688576540599852
700 9.589549788648847
702 8.67298218263229
704 9.830128340014474
706 9.780432080358445
708 10.946111965029964
710 10.626631903919861
712 9.276681140153494
714 10.747229381845456
716 11.223599125846958
718 9.868993244252282
720 10.200965796132861
722 9.44957501137086
724 10.048657874834085
726 9.101505803543148
728 9.881925460755753
730 9.044586682342715
732 9.108470229717614
734 9.77041051808794
736 10.017643085371683
738 9.262505166499984
740 9.389401347260602
742 11.131091673479313
744 8.783054570548753
746 9.13765931757461
748 9.062200062052222
750 11.216762529332854
752 10.213429225377624
754 9.485954157688626
756 10.69026050446714
758 10.732697132222594
760 10.991764557429008
762 11.081255589760543
764 9.892250289485032
766 10.312584054468994
768 9.343767487966478
770 9.738420773737056
772 9.961728063917427
774 9.630561382537717
776 9.744911862519086
778 9.358639445417047
780 9.573438574590964
782 10.08747156076302
784 9.291041724658854
786 9.782457142091262
788 9.566847752934018
790 9.433657632419195
792 9.094368809489742
794 9.982624496886832
796 9.879998494511023
798 9.593821388688864
800 9.698193891247357
802 10.452531909032361
804 9.087393014399693
806 9.579168398132653
808 8.970571141602365
810 10.054320953525215
812 9.348300651631194
814 9.87090098960087
816 9.672654638095368
818 9.463922174491744
820 9.001440029653915
822 9.47675635526036
824 9.516612485645826
826 10.536728773248438
828 9.568757232045424
830 10.308501641434374
832 9.453821409330525
834 9.324982414007254
836 9.441153799444082
838 9.844677881617827
840 10.038900134269173
842 9.01591812375655
844 9.449390076026061
846 9.441214423217676
848 9.506889825303528
850 9.64351728545553
852 10.36341325096377
854 9.823310263039044
856 9.775948451556562
858 9.635264702069918
860 9.309098673295892
862 9.137889041995741
864 9.171404902375505
866 9.032753959446232
868 10.678734680829866
870 11.857965934233752
872 11.220628118228005
874 10.759962157005813
876 10.812436866185104
878 11.218110598837225
880 11.067093881963395
882 11.575877992361121
884 11.615947616881476
886 11.184133853859429
888 11.45007708341292
890 11.13352885524666
892 12.06609205897781
894 11.604559733049488
896 11.016077916500722
898 11.266447988378566
900 11.413060446209228
902 11.37436272843822
904 10.721664440698117
906 11.827179548320217
908 11.268861397716979
910 10.693100054508212
912 11.459425504175417
914 10.699473257059797
916 10.842532839315718
918 12.355828424807928
920 12.225844425802162
922 12.8294718276121
924 12.723149205363173
926 12.90842111046982
928 12.725794084335671
930 12.283343019012882
932 12.568572210466135
934 12.810874541998437
936 12.202344934457269
938 11.464681183367745
940 12.145787647097636
942 12.659287108350822
944 12.536530802393704
946 12.525908418709367
948 11.617772212036336
950 11.389750833715645
952 11.306453006034786
954 12.001705129660197
956 10.467758311827614
958 11.90445792626219
960 11.912853413805442
962 11.253877058711495
964 12.012288852072977
966 12.054624283396183
968 11.626953055445394
970 11.061395124360413
972 11.21492553768082
974 11.875864387229571
976 12.076562574294599
978 11.478691226384552
980 12.063779166308874
982 11.560097176433052
984 12.56153686912821
986 11.396660249824167
988 11.940467808697033
990 11.359671645994279
992 11.794155596646181
994 12.087322244121616
996 11.612931085739785
998 11.144453546984256
1000 11.302987050864775
1002 10.840845178969799
1004 11.619590740261504
1006 12.026551380607438
1008 11.685160680411569
1010 11.193115380787106
1012 11.990417038749145
1014 12.614118562040083
1016 12.332650148297688
1018 11.543179090724246
1020 11.532669816207752
1022 11.639344825267635
1024 10.683949985783668
1026 11.011720518139718
1028 10.59907657876767
1030 11.239960956171297
1032 11.954283421451656
1034 11.676046246262233
1036 11.427355354712619
1038 11.60279719308986
1040 11.22988763877756
1042 11.83332087645502
1044 11.52621731354753
1046 11.540596530511015
1048 10.799014590206717
1050 10.656127782648825
1052 11.472000522311394
1054 11.906677289436583
1056 11.66675953152079
1058 11.187933268660183
1060 12.049757922517461
1062 11.340200139455181
1064 12.702922171758972
1066 11.896491907885661
1068 12.204301398763912
1070 11.805546674145564
1072 12.195678407038347
1074 11.592967952377737
1076 11.986533920040783
1078 12.1161032885568
1080 11.834837663937309
1082 12.267617969805233
1084 11.281782748523327
1086 11.118099150629938
1088 11.357332625134775
1090 11.35177789660279
1092 11.058267925041614
1094 11.539519365110465
1096 10.997220176819745
1098 10.801739519258062
1100 11.91794132376832
1102 10.589885226776037
1104 11.428319520408406
1106 11.610464947680617
1108 12.418683181716162
1110 12.965371203070209
1112 12.196068741566862
1114 11.974361770093775
1116 11.958170933008079
1118 12.530528389886111
1120 12.079375619480407
1122 12.329840699441917
1124 12.252892968447027
1126 12.534437840215894
1128 12.870910488550729
1130 11.954644707061808
1132 12.3129307797134
1134 12.346738050376977
1136 12.33050314564341
1138 13.492670271066611
1140 12.023797739184666
1142 11.537053857314762
1144 11.836995918540413
1146 12.975812025823727
1148 12.76271538401883
1150 12.879798654915854
1152 12.342811215784707
1154 12.273714302807653
1156 12.565383329669235
1158 12.554826172810825
1160 12.637024388691794
1162 12.37262148736031
1164 13.09415896959852
1166 12.246670603191818
1168 11.985773094175883
1170 11.7173435356537
1172 11.971389195804266
1174 11.951944689993617
1176 11.895698116003532
1178 12.44042226289918
1180 12.21440342936706
1182 13.115408604577082
1184 12.091585805430237
1186 12.921244458478027
1188 11.744756703397032
1190 12.09102174971134
1192 12.594062715422085
1194 12.549530163242125
1196 10.841412677282117
1198 11.47889667671939
1200 11.630927555695033
1202 11.49223432285805
1204 11.552275766211086
1206 11.379485011999385
1208 11.957617501352336
1210 11.481112738994902
1212 11.366619294219577
1214 11.71235280807546
1216 10.586961120944226
1218 11.660673492507172
1220 11.90349238129845
1222 10.602108162321263
1224 11.875651354210914
1226 12.149022014679561
1228 11.555160353114509
1230 11.88392648203363
1232 11.522529866274235
1234 11.820719416587112
1236 11.739774421984082
1238 10.964434594759876
1240 11.887010738026614
1242 11.360367805279274
1244 10.6471302945117
1246 11.328640416886502
1248 10.675852730851762
1250 11.382522527086124
1252 11.03914493428952
1254 8.252009046417282
1256 10.956695870536159
1258 10.344691592340096
1260 10.018239718173222
1262 11.772622206037527
1264 11.527872695742165
1266 10.736836252930287
1268 10.259368987134483
1270 10.862766185036154
1272 11.188965515374544
1274 10.065978384510315
1276 10.79124788183503
1278 11.440093892392536
1280 11.17927306430811
1282 10.769671208176819
1284 11.38777936018267
1286 10.360147329337634
1288 10.63019947629286
1290 10.693887443298314
1292 11.865905704261161
1294 10.014227479657427
1296 10.078285514711643
1298 9.20529133532305
1300 9.404984041942283
1302 9.165145247210239
1304 10.363196234752241
1306 10.298041768412224
1308 9.559944750897913
1310 11.03351811514245
1312 10.724217319767304
1314 10.320015798457867
1316 9.244446881153694
1318 10.806453692134921
1320 10.808614351885852
1322 10.858869236202336
1324 10.95090705912206
1326 10.38668871311882
1328 9.384160636720443
1330 10.825310586683138
1332 10.863674715885463
1334 11.324554649103924
1336 10.30256834552306
1338 10.51409355751599
1340 11.0136255294214
1342 10.958911581919228
1344 9.226955946577622
1346 10.737734010650101
1348 11.300252749427688
1350 11.000668467792908
1352 10.309827901919332
1354 11.938766881249421
1356 9.956796861218006
1358 9.235097882429281
1360 11.583231673937487
1362 11.691609576311524
1364 11.614420856781637
1366 10.590942629035375
1368 10.057089134738456
1370 10.767427070182888
1372 11.587261495860023
1374 12.08579914700505
1376 8.770515101412993
1378 11.196145979585788
1380 10.977963844606526
1382 10.847823551837903
1384 10.69776832680995
1386 8.688371654238297
1388 9.77820833922087
1390 9.367238532302087
1392 9.860873253089965
1394 9.54392765661877
1396 9.82104457761509
1398 9.411783666746583
1400 9.935064426133232
1402 9.63527054506871
1404 9.62362669218491
1406 9.895503529696821
1408 9.699056884224762
1410 11.207940744129413
1412 11.332456212950332
1414 9.740178192828866
1416 9.978107607820613
1418 9.603715526951818
1420 9.066320398264276
1422 10.481555815957838
1424 9.62690931023213
1426 9.568066373221397
1428 9.32760602127777
1430 9.106099239493268
1432 9.158978553691592
1434 9.342822135944113
1436 8.958175735050242
1438 8.943272313059653
1440 9.445951407133256
1442 9.062029884091144
1444 10.566395541819071
1446 9.179725509898395
1448 10.002237415724302
1450 9.343970138110675
1452 9.022864154540962
1454 9.553762732485982
1456 8.714018436730916
1458 9.716885905058618
1460 10.72198235274495
1462 9.334983676111158
1464 10.664286314047665
1466 11.034849188206898
1468 9.619607961047317
1470 10.083007370233526
1472 9.134027518567416
1474 9.610023201274018
1476 9.1393796153504
1478 9.126249912393346
1480 9.305097653116585
1482 10.506668898623209
1484 9.681453302860854
1486 9.993878439135864
1488 9.255593492639068
1490 10.038293499550246
1492 9.173426326496562
1494 9.435900584281583
1496 9.85074489352947
1498 10.197482287976596
1500 8.815523481228588
1502 9.576040113564718
1504 8.5539645149724
1506 10.511174841930547
1508 9.176546229156482
1510 8.958220082330081
1512 10.1105839960049
1514 9.198561495237461
1516 8.918746537549668
1518 8.907203831876044
1520 9.585385221523264
1522 8.65335359513218
1524 8.752339813415592
1526 9.57975157828039
1528 8.75569301649042
1530 8.875771996850975
1532 10.953612965570958
1534 11.325729666204213
1536 11.207238236316796
1538 10.348278147902379
1540 10.043552319806716
1542 10.113922949420507
1544 10.360252531358986
1546 11.226652836225666
1548 11.281172546697233
1550 10.236602109183183
1552 10.485586701708147
1554 9.887643555499826
1556 9.118067112939197
1558 9.439840318984382
1560 10.097927760799838
1562 11.683371656095328
1564 10.604461144585462
1566 9.781030926500774
1568 10.7147891167632
1570 9.597827486582426
1572 10.590466895976169
1574 10.262337182783275
1576 10.264530724952635
1578 10.549837355967334
1580 11.464398901347991
1582 9.511578072947184
1584 9.878612703849218
1586 9.717475132423104
1588 10.7710270613515
1590 11.297563185460966
1592 12.025346987856501
1594 10.800191919107453
1596 10.85270829871653
1598 10.221832054152896
1600 10.001882271278491
1602 10.29798852779763
1604 10.777274910587648
1606 10.489590028329573
1608 11.741083660386638
1610 11.102518187116118
1612 11.029782679779506
1614 10.627420022834189
1616 9.64606339592109
1618 10.10938349080821
1620 10.584480298691716
1622 10.986180420396574
1624 9.617850845957687
1626 10.398321160310443
1628 11.041866457910444
1630 10.604359424891983
1632 10.090795218345162
1634 10.483268383930772
1636 12.36347307957557
1638 10.662026047834114
1640 10.28802700809732
1642 10.555774186232581
1644 9.13928505169596
1646 9.267573333115063
1648 9.43822429896365
1650 9.356682006406215
1652 8.940717031923533
1654 9.23816121817101
1656 9.91183084984498
1658 9.763659100878058
1660 10.014637593624883
1662 9.274256398461247
1664 9.800928301383191
1666 9.240384966284319
1668 9.80509180192328
1670 9.398537493623548
1672 10.497792390816139
1674 9.181539481072674
1676 9.611677978608629
1678 8.80379622818304
1680 10.620294201759593
1682 10.495992985715391
1684 10.434564539145653
1686 8.821458591951
1688 9.903958117915163
1690 11.251602788931995
1692 10.628092119573711
1694 11.949483043264163
1696 10.832429924993647
1698 11.147868488022041
1700 10.113020788337217
1702 9.378458790348414
1704 10.332135661694831
1706 11.429886535995166
1708 10.218193963635397
1710 10.133445259917318
1712 10.62174750769514
1714 10.150853712744007
1716 11.262805886167913
1718 10.870970632958807
1720 11.050571333123077
1722 11.319388354061157
1724 10.821607194941778
1726 9.180009319492854
1728 10.279971688973752
1730 9.820197445815621
1732 11.37429578971848
1734 10.612424680775849
1736 9.366222825511766
1738 10.129307815688449
1740 11.151841896822324
1742 10.158361442487085
1744 9.94676529703569
1746 9.933189641373621
1748 9.948841942344025
1750 10.260252678271705
1752 10.670987544893656
1754 9.892158796642386
1756 11.349673410163245
1758 10.46218405684592
1760 9.700396148460506
1762 10.413499913010007
1764 10.691802608145402
1766 10.606986912518405
1768 11.24064071566924
1770 11.3587863349068
1772 11.64618413635192
1774 10.736674432747996
1776 9.489728398032995
1778 10.50247991751658
1780 10.591681398908587
1782 11.37846426686482
1784 8.84178294020121
1786 9.41540568705266
1788 9.796123281887693
1790 9.122204686098122
1792 10.047348827893897
1794 9.176959328973728
1796 9.48323406279798
1798 10.31796233856879
1800 9.692849746390975
1802 9.290909476552944
1804 10.028179109147203
1806 11.539227809094978
1808 12.097517972753742
1810 9.632781224605361
1812 10.572080574946783
1814 9.947759048605533
1816 10.414166456138279
1818 9.75630026344104
1820 10.135281942970348
1822 10.98759935256639
1824 11.083033581744374
1826 11.030293942061862
1828 10.788774906221445
1830 10.676568282769999
1832 9.51488368610439
1834 9.889875317782513
1836 8.849787202339094
1838 9.722568800459962
1840 8.99250942286287
1842 11.193083378100932
1844 10.57658847229021
1846 10.346807169533943
1848 10.71769341662965
1850 11.846221303330639
1852 8.468242355353246
1854 8.226457566995176
1856 9.10974643258307
1858 8.799532292855439
1860 10.730535859936085
1862 9.646901097943129
1864 10.190095806778281
1866 10.512632910947003
1868 10.251303778674497
1870 9.95402698124366
1872 11.332099259753738
1874 9.956703895357283
1876 10.699394416859267
1878 9.071251972437771
1880 10.106718779293356
1882 9.941810397300028
1884 10.617470022745213
1886 10.526451128089608
1888 10.634251621245355
1890 10.429486135112642
1892 9.75095124442274
1894 10.990082130579681
1896 10.404793569494375
1898 10.748824061035654
1900 10.640384123047113
1902 10.343140602919341
1904 10.068812659536329
1906 10.154795476675647
1908 10.494916028492641
1910 10.284088926414695
1912 10.467058800838993
1914 10.090914551618038
1916 9.795349262861047
1918 9.641862824142175
1920 10.193033503666172
1922 9.878690287157745
1924 10.00377038113035
1926 8.736647960067897
1928 9.5969350029166
1930 10.052629703959543
1932 9.290419112528177
1934 8.986318114947501
1936 9.82122809723755
1938 8.915932719015853
1940 9.801287094923328
1942 10.290856011825054
1944 10.643880442264578
1946 10.01519595750145
1948 9.011789007370583
1950 9.16339764678616
1952 8.126291040771104
1954 9.09292325125376
1956 8.614741027100326
1958 8.955301620717332
1960 9.02302317737968
1962 8.818941788982594
1964 10.271305578167834
1966 9.958705847744211
1968 10.774032372877292
1970 10.784047378826086
1972 11.458164400421488
1974 8.180553283269498
1976 10.035927253010016
1978 10.242801683233541
1980 10.958967965818916
1982 10.035994264835862
1984 8.800096068124502
1986 10.761424338373752
1988 9.826875068011528
1990 9.226111628025533
1992 10.713394702134785
1994 9.613978818407872
1996 10.545146308569237
1998 11.041068463523924
2000 10.454213196289485
