0 10.093567819867431
2 10.257788618296527
4 9.654815370208029
6 10.08829985919858
8 10.940291208025066
10 10.784823118697732
12 10.817468984731185
14 10.980493566541934
16 10.636285031213017
18 10.457785496478007
20 11.33547163148384
22 10.716071356378933
24 10.946310471266761
26 11.283323366541538
28 10.900066367276342
30 11.111767416391169
32 10.839933233584464
34 10.21074608822783
36 9.75500453180645
38 9.31322480056875
40 11.765879383613752
42 11.294659759814957
44 11.283003544355742
46 10.64066397868378
48 11.035606239444624
50 11.111882422125445
52 11.516967882899367
54 11.374930578000482
56 10.752544232873937
58 9.874010999693644
60 11.133649231715763
62 10.783441976984365
64 10.056529280858229
66 9.670674626550998
68 10.384190642585132
70 10.43427893172256
72 9.499591819266898
74 11.758064570076572
76 10.730712150840109
78 11.367095806655906
80 10.872107755103787
82 12.381418332646613
84 10.906410206280235
86 10.624739751092832
88 10.533210357609603
90 10.523090695410481
92 10.83637184193705
94 11.37095827196377
96 10.782404038949151
98 11.783297188524447
100 10.658124404430591
102 11.47473196424276
104 12.012621031153795
106 10.464379002955313
108 10.851131166905324
110 11.31749788756659
112 9.963940131389823
114 11.11889546843791
116 10.761096784294967
118 10.625829649655744
120 9.902932427031393
122 10.746956809161391
124 9.469362300363642
126 10.473477601491986
128 10.66099382187491
130 10.7690453477284
132 9.354256024936578
134 11.102271644532232
136 11.66530473294065
138 10.913382910180971
140 11.312576697535208
142 11.097790418224852
144 11.495306582749393
146 11.006625366813394
148 10.302368812533217
150 9.301014981906386
152 9.882492527245182
154 9.56264179103942
156 9.457487400581405
158 9.210937350577625
160 8.723106494832514
162 8.816087156734694
164 9.677091064328577
166 9.569604476842457
168 8.86977567163455
170 9.817830675513955
172 9.94535722600398
174 9.602848809350608
176 12.187761141535134
178 11.483197595102679
180 10.644582187381427
182 10.088095385900624
184 10.7631956007979
186 9.600739334406503
188 9.895299208997171
190 10.258211698488712
192 10.49567098028098
194 10.892970137911037
196 10.123919170345816
198 9.863778048597664
200 9.877868941441317
202 9.777960948922436
204 9.71182311585676
206 9.87877796986438
208 10.476331921519648
210 9.600503914010968
212 10.781588725856665
214 11.404010742847776
216 9.755384805777856
218 9.959586100578283
220 9.485272946130763
222 10.533460749793697
224 9.644089489050574
226 10.935111829399109
228 9.908995468704287
230 8.3695883309052
232 9.525470165755591
234 9.297940518317107
236 9.525851698877593
238 9.464700389701617
240 9.93385991797761
242 10.18035254732049
244 9.316491534432192
246 9.250151285788547
248 8.182867347874474
250 10.32922381754414
252 9.245478875578751
254 9.597446081278663
256 9.284887398495473
258 8.605704916899997
260 10.802596811695865
262 9.897521596158342
264 9.521112802047107
266 9.254042921243748
268 10.795755403356498
270 10.175220046606302
272 9.461973881360773
274 9.080952454588509
276 9.254481942770559
278 9.373775641410454
280 9.940116851551819
282 11.119821952112439
284 11.2219336454038
286 10.14888081571608
288 9.92413739431525
290 8.903630178006006
292 9.16086030427174
294 11.155258301978003
296 10.457096658837706
298 8.698949227555396
300 9.719625847609286
302 10.83695556118093
304 10.276774402673226
306 11.43337386912125
308 11.31813237396505
310 9.106415547623966
312 9.362154675297361
314 9.27971579741677
316 10.773746523283902
318 10.782177500299625
320 11.143438416343729
322 10.886513299779802
324 10.083873704426715
326 10.207957772544606
328 11.477549412180963
330 10.966261365490418
332 11.172187503831676
334 10.62217133475222
336 11.194300613944623
338 10.935496626236834
340 10.979866611808957
342 10.587095857692544
344 10.80356452045648
346 10.69880639978991
348 10.603311538061385
350 11.135374049057331
352 11.14900006163346
354 10.731904885610655
356 10.876641840750226
358 10.731262183137998
360 10.92620876149998
362 11.25433369654322
364 10.505355101535981
366 11.325573631059829
368 10.547155697510279
370 10.48063941824994
372 11.082502592446948
374 11.637816961020398
376 10.7918207711547
378 10.082358662295492
380 11.261836370195647
382 9.977486614772664
384 10.754801645549074
386 10.937149027015877
388 10.316291360056136
390 11.109268011088687
392 10.990829268767513
394 10.950170012528991
396 11.191527310919325
398 10.8732045569674
400 10.829328992918972
402 11.001186841158447
404 10.625541713271621
406 11.310994756312368
408 10.206350452086998
410 10.596421031555465
412 11.076373560890923
414 11.323820477700213
416 10.620932278282776
418 10.730206726017183
420 10.905786773831874
422 10.730126826665497
424 10.646185192323701
426 9.414644895756298
428 9.86854444073099
430 9.516645719579643
432 9.296067237101004
434 8.839164456370778
436 10.201558121403194
438 9.476139711304675
440 9.768387338381347
442 10.410828524114393
444 9.366555783677374
446 8.781424270019759
448 9.216994860728619
450 8.04701257847113
452 9.960030001861995
454 10.242714021853768
456 9.686845644485789
458 10.68907142681439
460 10.776057893800825
462 10.709373403077503
464 9.971626362282473
466 10.88649337428475
468 11.400558074143385
470 9.882112783104276
472 10.075127002910376
474 11.052495724089
476 10.68016895803588
478 11.600780426872355
480 10.372920341151243
482 9.757277025225148
484 10.502796102636076
486 10.404866331127467
488 11.160588993951421
490 10.203368584086776
492 10.333209386551012
494 10.102745782458564
496 11.24422592844048
498 9.638079615796503
500 10.496181859919036
502 10.732817577299421
504 10.806036311726425
506 10.69490827038795
508 10.392236673354219
510 10.706363245306155
512 10.476077150450784
514 10.589629321364459
516 10.831892483278097
518 10.995440221755194
520 10.302029958743931
522 10.318011052291876
524 9.146132621226277
526 9.58048889059636
528 11.881776340248194
530 10.510421108010787
532 10.366186526042956
534 11.569275414570555
536 10.215244975393615
538 11.298569663209223
540 10.585155266591613
542 10.837011061893081
544 11.33377368460944
546 10.218674468885457
548 11.352989660480521
550 11.642926160453053
552 10.267138101364953
554 10.513885004170465
556 10.67382592234707
558 10.760388135186414
560 11.459175136101791
562 11.461732331207557
564 10.811024766709352
566 10.352081471662387
568 10.648784712104867
570 10.885454223998696
572 11.613411969761025
574 10.98644217413409
576 10.523831788968073
578 10.103719931064571
580 10.60268184032028
582 11.262588590454149
584 9.129512131897645
586 11.499518939765283
588 11.271717589318488
590 10.842002410067812
592 10.903888107489541
594 10.356281439431388
596 9.784029813534415
598 10.305540693628963
600 9.795105940133086
602 10.278329895260278
604 10.070636823230561
606 10.987228837244436
608 8.765922527262884
610 10.431553173638976
612 11.485096946910444
614 11.09710472755716
616 10.295966720955024
618 10.967633466532853
620 10.80489827981732
622 10.554448232974243
624 9.59832792757125
626 9.311955001552665
628 9.20505883690789
630 9.998464966413568
632 10.967741965627242
634 10.99838507960112
636 10.517314157551064
638 10.494131931066018
640 9.290998731955286
642 9.73081040397905
644 9.520014958570371
646 10.87743197132924
648 11.266170810317028
650 11.103015281576859
652 10.536133677024207
654 11.275527952840026
656 10.782508276890985
658 10.031199715273756
660 10.73347342480056
662 11.047425320285795
664 10.628234927466128
666 10.89901686800605
668 10.389650406304707
670 10.123050214041184
672 11.396043462846821
674 10.918618335442943
676 9.667795300530058
678 10.55849081497249
680 11.012239937006362
682 11.139383605948622
684 10.699821057407657
686 11.543808624664619
688 11.315330913188976
690 10.719768446942652
692 9.96250846956881
694 11.537020732212435
696 10.531621927551624
698 9.37242744944864
700 9.861043756424465
702 11.227723981976858
704 12.814324181308548
706 12.348963165993444
708 12.60292050063313
710 12.186541363040417
712 10.916748779252302
714 10.07990910080574
716 10.671708146058247
718 10.13493458196574
720 11.481872473674105
722 10.788964896486021
724 11.17709076373454
726 10.733879685456552
728 11.335440005667996
730 11.125865393425878
732 10.892038455174461
734 11.569710803691649
736 10.476262054819248
738 11.16411616885159
740 9.918925378490826
742 9.504201499796203
744 11.47199130106183
746 9.988972970526943
748 10.964129824295098
750 10.86733495291866
752 10.917477809010698
754 11.040895638002986
756 10.733853005982029
758 10.879069864122165
760 9.038303996981924
762 10.775820727044806
764 11.238474009092188
766 11.037086490202201
768 10.920076802303345
770 11.110944276199774
772 10.600390268591806
774 10.100294158283031
776 11.140455034645585
778 10.536777996126
780 10.546226011283071
782 10.67634274531008
784 10.712428773374302
786 10.429250901737147
788 10.612668963525168
790 11.241391698673837
792 11.790688142507614
794 11.100650776252104
796 9.292178086115987
798 10.657779841735598
800 10.430157469225465
802 8.931827332578825
804 11.13364043700538
806 11.036803402374167
808 11.630257577580794
810 11.777847928160169
812 10.192092861330684
814 12.137953445405904
816 12.51490896901368
818 11.037847875832538
820 10.975773318778092
822 11.837284885921855
824 11.21507900583015
826 10.53489507144237
828 10.552359413459223
830 10.473033476806561
832 10.463344306599097
834 11.193087075325971
836 10.328578332973347
838 11.149336179398878
840 9.62010749899639
842 10.864380256968076
844 10.846797271425226
846 12.325964618935936
848 10.892857959358574
850 10.808579559025725
852 10.911114532858956
854 10.965446659285503
856 11.04622024834376
858 11.133362608944195
860 10.652447956125332
862 9.137639394218986
864 9.63888245669848
866 11.155986489415218
868 11.250875762355236
870 11.433495641985791
872 9.905786625971059
874 11.142081839028657
876 10.841342666075008
878 11.116956010004346
880 12.676307334525227
882 10.20667284594348
884 10.637794669064432
886 10.610136065822227
888 11.437064134641632
890 10.768645507731682
892 10.672065955867767
894 10.971826557001165
896 10.243367971935145
898 11.70453054654393
900 10.58802238464275
902 10.386494209156487
904 12.019090881369962
906 10.54941455710267
908 11.314853249011346
910 12.052307422985207
912 10.54684052656807
914 11.14443818721133
916 11.633864073080675
918 10.446151351766554
920 10.77551558264543
922 11.369209216158973
924 11.868355265875445
926 11.111167807884922
928 10.89312373356342
930 11.125978874159285
932 10.034121025453025
934 11.221494549713455
936 11.849551772772742
938 10.982028262722668
940 11.268988439867035
942 11.48847199189321
944 10.335696211252358
946 9.011356020216601
948 10.523965487349313
950 11.302498523330286
952 11.232341430553559
954 11.414878767175466
956 10.650645693552729
958 9.282540747001704
960 10.64165199993262
962 11.246304389201269
964 10.765484185574
966 10.658506785119492
968 11.645164895830009
970 8.530368929509754
972 11.500214724718328
974 11.227224231324664
976 11.926754569990779
978 10.789180034068647
980 11.177096552111646
982 11.923636071347529
984 11.35349626858595
986 11.507253871212061
988 11.455555657140117
990 11.942720735816975
992 11.271192625727723
994 11.189538155611439
996 10.745633022720176
998 12.237654517349988
1000 11.749524742871648
1002 11.664801253922738
1004 11.02156240281518
1006 11.810784125983618
1008 11.33295345911751
1010 11.89387039241236
1012 10.684215299564498
1014 10.59336562753344
1016 11.352646860308194
1018 11.522695070099576
1020 11.828008590213063
1022 11.6217255986325
1024 9.938721775633722
1026 11.350793766724507
1028 11.045456921171798
1030 11.189678851747562
1032 10.163470252610425
1034 10.66911641303217
1036 10.844399460751857
1038 10.639893566549157
1040 10.034414184535938
1042 10.523065129913379
1044 10.66420821729873
1046 10.317355948782092
1048 10.250699365790114
1050 10.841499897981565
1052 10.776387619277683
1054 10.585505686248327
1056 9.559811694795872
1058 8.973207107875634
1060 10.61374077406626
1062 11.122384251830356
1064 10.720143809707075
1066 10.535504266650761
1068 10.537076158140865
1070 11.127231998273082
1072 10.846944543492304
1074 11.021499045129959
1076 10.743747851735394
1078 10.781410742122157
1080 10.197737457513073
1082 10.232589629282057
1084 10.836584067601867
1086 10.92594805914962
1088 10.085583537916694
1090 10.475015227897538
1092 10.415926900526584
1094 11.266872556295123
1096 10.605120437280684
1098 11.41766417537469
1100 10.713054213801225
1102 11.03807268292564
1104 11.29164281065277
1106 10.428285381964598
1108 11.598068742664575
1110 10.313817856141766
1112 11.435619443088818
1114 9.963036929798227
1116 9.769112086015973
1118 10.72260416768233
1120 11.047769881348614
1122 10.558679985432354
1124 10.863635829458735
1126 10.904235541877572
1128 10.255272415241638
1130 10.560753630134476
1132 10.43245451386624
1134 10.643572432735157
1136 9.971527423079404
1138 10.182662033042506
1140 10.415052540208046
1142 10.263890509092693
1144 11.285728714604241
1146 10.032663526351921
1148 10.355707571040123
1150 10.416810559097868
1152 10.248798362599633
1154 10.477003536055978
1156 10.905407464883188
1158 10.286376507325876
1160 10.465655676090599
1162 10.012596859051317
1164 9.422151191959307
1166 10.001129770470829
1168 10.600168048177167
1170 10.093092705176957
1172 9.980408688665328
1174 10.719047292680989
1176 10.574374943723571
1178 10.348457454121217
1180 9.905495784393453
1182 11.273343796443983
1184 10.729174257557517
1186 9.942514650268679
1188 10.753239991968403
1190 10.892463202618092
1192 10.314927677376769
1194 11.138684379105257
1196 10.64112146333204
1198 11.23970826377976
1200 11.660584369234826
1202 10.6498528459448
1204 10.961899223057403
1206 11.093960441177215
1208 10.822853790021176
1210 11.071832827195214
1212 10.339385353578464
1214 10.662426896091487
1216 11.285461716511724
1218 11.054240091019388
1220 10.74080228540554
1222 11.071342587268019
1224 11.19900594741618
1226 11.03645808665342
1228 11.088739485519236
1230 11.252443367753465
1232 10.711564285777003
1234 9.828192216151342
1236 11.705696845612792
1238 11.252865837779012
1240 10.58855697699189
1242 11.618926982876081
1244 11.41513525075641
1246 11.006364375338839
1248 11.380816850361633
1250 10.739841816908724
1252 10.809819152337104
1254 11.666107245007364
1256 11.429303843742582
1258 10.828879008515134
1260 11.629173200088147
1262 11.80984070802201
1264 10.080899050750252
1266 11.52813164401304
1268 10.66741403177425
1270 11.193693210650169
1272 10.532510000461967
1274 10.664523330532399
1276 11.10732305406371
1278 10.28010637384188
1280 11.734131018472635
1282 11.123863630436984
1284 11.354693295945422
1286 10.851480829823572
1288 10.787784928433572
1290 9.700356940243
1292 10.308853551577185
1294 11.216466187256845
1296 11.189593335928029
1298 10.918145066222273
1300 10.31278152551511
1302 9.845347439518957
1304 10.93881810501399
1306 10.467899523816206
1308 8.740997194023128
1310 9.951030296010892
1312 10.996474041774329
1314 11.530316117544732
1316 10.307453318290118
1318 10.161923381143017
1320 10.774604902986374
1322 11.18102670981191
1324 10.849193429528299
1326 11.191741923413742
1328 10.929101292414913
1330 9.312418043765339
1332 10.380415443534334
1334 10.982513596119006
1336 9.907843501075977
1338 10.485754393009715
1340 10.427130604482091
1342 10.852931012128222
1344 10.620710721708788
1346 10.346226910590698
1348 11.23765390299726
1350 9.73372501215904
1352 10.522947220856105
1354 10.727724135650615
1356 10.930348219844243
1358 10.957792738696243
1360 11.688314684282064
1362 10.284598420000409
1364 10.794654044421264
1366 10.860338392523905
1368 9.951948777945534
1370 10.493694567572806
1372 10.530034449163301
1374 10.85432365387418
1376 11.063311311342037
1378 10.71724235422635
1380 10.860074927144922
1382 10.894458339165043
1384 11.258860719548233
1386 10.914368754093921
1388 10.872223079454345
1390 11.351062801394683
1392 10.744287086862283
1394 10.53712109562611
1396 9.58860841203334
1398 10.92571988008585
1400 10.30872461905509
1402 10.782683039811905
1404 10.749664390543497
1406 11.812597135017592
1408 11.388152119533634
1410 11.210180579578012
1412 10.746744637062191
1414 10.870970168772063
1416 10.759358102595677
1418 11.098583798086823
1420 11.009138466153372
1422 11.31591874273847
1424 10.510917373243165
1426 10.9973482534023
1428 11.862754411356514
1430 11.388573983459922
1432 10.264366764211827
1434 10.915421346937078
1436 11.254268415646887
1438 11.545310664501983
1440 10.976607689247961
1442 10.537972291186662
1444 10.791973658268375
1446 10.593418184650577
1448 9.95781840595731
1450 10.019384952636898
1452 8.834538800175725
1454 9.32416657335382
1456 10.99632984773941
1458 8.829877322631663
1460 10.615808358448442
1462 10.612328747633264
1464 11.345120002716312
1466 10.31507721939133
1468 11.983750708079578
1470 11.156727835208947
1472 10.87225052909505
1474 10.979552617921355
1476 10.527433641634834
1478 11.082027390013588
1480 11.351419452117497
1482 11.484884857280589
1484 10.99634690455772
1486 10.331432904757472
1488 12.544773809799391
1490 8.64131857311957
1492 8.80169100865945
1494 9.572713627039754
1496 8.900530756869179
1498 9.059967744280417
1500 9.835879734496642
1502 11.036403341038163
1504 11.636144188072485
1506 11.939284809106294
1508 11.074903082224047
1510 10.879362136994239
1512 10.102845887159667
1514 11.151303345189504
1516 9.50270040548374
1518 10.162361365621702
1520 11.472703382661633
1522 9.712372655170743
1524 10.271814270233117
1526 9.241718131508499
1528 10.55584203674674
1530 11.07745869836848
1532 10.173213367964625
1534 10.777775281463082
1536 10.491996772629737
1538 10.920316686685036
1540 10.51698300284042
1542 10.519650280438519
1544 10.457113472664401
1546 10.802265422304849
1548 10.264548040030721
1550 9.786931976480751
1552 10.703444813596589
1554 9.822656194078306
1556 10.00909448543322
1558 11.463665038961523
1560 10.67833782005628
1562 11.495128173912907
1564 11.067599972985166
1566 9.453804693735682
1568 10.79656322672174
1570 10.156944821187404
1572 9.971024227812624
1574 10.598163690686455
1576 10.85066820750356
1578 10.982539337527793
1580 10.33799831561526
1582 9.917311633903552
1584 10.080503145709798
1586 9.69179704235957
1588 10.680909572831448
1590 10.739783534707513
1592 10.195868967097143
1594 10.484456798215238
1596 9.492745748441415
1598 10.741527128566458
1600 10.394388267643086
1602 10.138602619384942
1604 9.499830806791627
1606 9.555768348389032
1608 9.833265550939256
1610 10.081954394812565
1612 10.551539470569066
1614 10.265718856003298
1616 9.898291798269646
1618 10.413024987294003
1620 10.95792308536308
1622 10.283160440027142
1624 9.852241415076547
1626 10.171455422298482
1628 9.626976123743356
1630 10.52457822209297
1632 10.18973883626752
1634 10.096861631120749
1636 9.904440610710699
1638 8.697288221396162
1640 9.839559369341183
1642 10.02538715511901
1644 10.691731274746164
1646 9.607161182367033
1648 10.6644691840956
1650 9.707216513265859
1652 10.561957596618424
1654 10.183346387423418
1656 8.383088150760779
1658 7.699905142661395
1660 10.720978718960632
1662 10.175337055146054
1664 10.13011895670187
1666 10.241299712430598
1668 10.124166428608682
1670 10.227645273982278
1672 10.61158559415593
1674 10.385847611497109
1676 10.015910220747696
1678 10.45593528370155
1680 9.277186620216881
1682 10.948427722108214
1684 9.852364357920564
1686 9.673323823421688
1688 10.296278596162262
1690 9.388914604800295
1692 8.448733618835771
1694 9.358642793054996
1696 8.408246711016298
1698 7.827149155198639
1700 8.196901795670216
1702 9.419976215698417
1704 9.483107814728793
1706 9.798903309709903
1708 9.635794691528954
1710 10.37213160591159
1712 10.325301000315786
1714 10.172200554476623
1716 10.220465798113512
1718 10.674050546060794
1720 8.19160375820874
1722 9.194547812968365
1724 8.505582079292164
1726 9.223466859363825
1728 10.449716155218452
1730 10.414131425011968
1732 9.530978993334001
1734 10.177233994192232
1736 9.494555176676467
1738 9.379476022467017
1740 9.357372493713033
1742 9.340202323797435
1744 9.401137676465883
1746 10.418078210548197
1748 10.006465549910098
1750 8.953672953073365
1752 9.264692478336398
1754 9.944375333277431
1756 9.418981499170451
1758 9.821048324790365
1760 9.347634298580495
1762 9.526696016960212
1764 10.260972602358391
1766 8.667633164418001
1768 9.795646692714008
1770 9.555677612806882
1772 9.823422190621807
1774 8.642794529073166
1776 9.558247701708986
1778 9.499861295475084
1780 10.26072433770584
1782 10.35893151624547
1784 10.478032019654039
1786 10.589591844742756
1788 8.267631552509599
1790 8.051819106713094
1792 8.952813482392502
1794 8.368887097609308
1796 10.279431669653002
1798 10.380080016900667
1800 10.795464435320955
1802 9.792780030809691
1804 9.611090911968407
1806 11.115386933780607
1808 10.9224291548456
1810 9.698949187317783
1812 9.886950914342147
1814 10.7145165992033
1816 11.160168901621764
1818 9.571763378864574
1820 9.03863521772785
1822 8.757268165615736
1824 9.475508936761234
1826 9.993603433934872
1828 9.902953556175394
1830 9.66390134137224
1832 8.97675747959286
1834 9.891239276071767
1836 9.889568735716706
1838 8.319069680144647
1840 8.25322572325582
1842 9.9311419896985
1844 10.319251741594446
1846 9.30954099612533
1848 10.444049077773396
1850 10.45847451809581
1852 10.458743034973416
1854 9.926916108936823
1856 10.063123297188898
1858 10.334838652438854
1860 9.902957323508774
1862 9.961972267484585
1864 9.30104164246015
1866 10.190505219611094
1868 9.766440596881452
1870 9.143059773554134
1872 8.88589539970562
1874 10.13183594977712
1876 10.180584330701098
1878 10.10287632902966
1880 9.057540180021608
1882 8.307329882279719
1884 10.141075491215624
1886 9.499530743706357
1888 9.280337218045414
1890 9.49902027467018
1892 10.418180801707669
1894 9.71946500114319
1896 10.39403633205195
1898 9.921250498006792
1900 10.508174892976909
1902 8.878028112512135
1904 10.516272815647952
1906 11.39309486267774
1908 9.926821016539305
1910 11.479550525229243
1912 10.652856274484153
1914 10.940954422126703
1916 10.917332787270292
1918 10.518929284584464
1920 9.531152659915598
1922 10.168437297422372
1924 10.640079508895097
1926 10.801518495408397
1928 10.572417688670757
1930 11.232574787858999
1932 11.110097125684229
1934 9.282545398999712
1936 9.59400640784975
1938 9.07822661606064
1940 8.46621737997064
1942 10.016972634754074
1944 8.95486703234405
1946 10.542022663012663
1948 11.94442923177447
1950 10.708616694183663
1952 11.175348245883246
1954 10.523162124334782
1956 10.757686267957927
1958 11.004397201150704
1960 10.360781652501537
1962 10.912258792129695
1964 10.997640788155365
1966 11.105150230939174
1968 10.343262166025406
1970 10.461777929624155
1972 9.934294122079445
1974 10.203859681149627
1976 9.966686006544403
1978 9.917645219224116
1980 10.599675759017686
1982 8.786866767740001
1984 8.832901615672936
1986 10.194278359610264
1988 10.393527401412806
1990 11.69526612800022
1992 9.563619493008707
1994 10.396317767370537
1996 10.554022944708231
1998 10.895368227085273
2000 8.92755629352221
