0 10.202926134344294
2 10.675438346067786
4 10.876084579371907
6 11.031239894375052
8 10.430871101205152
10 11.005472330989418
12 10.537040768151199
14 10.108241889746985
16 10.013500989620756
18 10.828429346148047
20 11.10880751424846
22 11.096803386745918
24 11.594368140741878
26 11.065568598624594
28 10.461952273530864
30 10.773452914807995
32 10.931102174295937
34 11.1860012256047
36 11.09192996982515
38 10.513036343243384
40 11.225591680962175
42 10.533895631906017
44 10.86178367706115
46 10.644757980383973
48 11.98813499422044
50 12.441307342623091
52 12.288864121001831
54 12.424079198602872
56 11.988195787972083
58 11.924872239044976
60 11.672069627415697
62 12.047469909214113
64 11.881567495696485
66 10.595703167915344
68 10.94473258858345
70 12.924679451427753
72 11.957891157624113
74 10.083079297644199
76 9.817799723893268
78 10.803559501970382
80 9.83226659028897
82 9.241738097631389
84 9.716217358670423
86 9.887587721407057
88 11.400375688218896
90 11.23241757357534
92 9.71308783324804
94 10.945801309431241
96 11.050221328662522
98 10.453235133774127
100 10.345189917894192
102 10.705675747893704
104 10.703885055701699
106 11.091569411849914
108 10.857267769078042
110 11.862354547379809
112 9.043343340987997
114 11.480725203945548
116 11.047535597300348
118 11.733802659566848
120 11.536850379321374
122 11.676187945621242
124 9.645923534771278
126 9.591338062040231
128 10.141684452374973
130 9.914495738909858
132 10.627328257658915
134 10.454443027542927
136 9.285966151381121
138 10.070659274783248
140 9.556867346715457
142 10.289296272322165
144 9.647591926195116
146 10.139374231900861
148 9.655793676642956
150 9.790149464858738
152 9.373293521773858
154 9.28135772868997
156 10.546990418931228
158 10.352254759286971
160 10.425817636165846
162 10.55229646827837
164 10.342114958521075
166 10.25524839162867
168 9.98572311602561
170 9.81841316998907
172 11.275830118755447
174 11.02515038157489
176 10.099791353697944
178 11.97857131998622
180 10.659029392340209
182 11.156934145858544
184 10.17260388673688
186 9.71002516424169
188 10.399378367699905
190 10.59806063174671
192 10.372813055758579
194 9.418976058870845
196 9.922248061087098
198 9.648225499324179
200 10.66468340797821
202 10.885244089109518
204 10.898290914115108
206 10.89254542480289
208 10.12402304465381
210 11.193071684001277
212 10.88389544818197
214 10.271189665565615
216 10.454726566223366
218 10.600682102066553
220 10.474073659796135
222 10.776779303758605
224 10.121964763153379
226 10.226614163234117
228 10.139013770187084
230 9.760018858975268
232 9.747288621961994
234 10.336427697369228
236 9.907592928251095
238 10.719456149871476
240 10.22633329933582
242 10.436763992693557
244 10.148994554456287
246 10.22535965013479
248 9.98025117424579
250 9.687359610249189
252 10.418713885290058
254 10.847520501267768
256 9.967173189424459
258 10.849064050484923
260 11.190053097189285
262 9.825622582047137
264 10.137174176006058
266 10.939854889354985
268 10.794977036455853
270 10.363991507072729
272 10.384231035235162
274 11.271868761862205
276 10.859235092120413
278 9.133420071750765
280 10.251935488292366
282 10.24264281590722
284 10.363812504349031
286 10.279684626275216
288 10.182773703861303
290 10.447515385416771
292 10.743860569717555
294 10.236512494764519
296 9.701758695390867
298 10.252700855936556
300 9.851882332117981
302 11.45269334511398
304 9.363829778991006
306 10.075375138420462
308 9.564752406236114
310 10.031256259733315
312 9.953192646576854
314 10.698568590771364
316 9.516779555562202
318 8.794738344050051
320 8.896063562022892
322 8.830564115829581
324 10.22883022329073
326 10.499733247116591
328 10.142693031736831
330 10.353905982967433
332 9.930881877053265
334 10.900174051558437
336 9.537703293065725
338 8.524827673650467
340 10.301777011209385
342 10.05558291346164
344 9.712467404193848
346 9.12547226511165
348 10.421119052306434
350 9.761823440691987
352 10.195675235108993
354 8.963417338526277
356 10.935292940267287
358 9.050221364385958
360 9.229325371221732
362 9.34114774199208
364 9.380470507767095
366 10.240010333357542
368 11.080571390566147
370 10.595059775114796
372 9.56648232220636
374 8.894793538898108
376 8.81321019239715
378 10.486588361692036
380 10.105708904668532
382 8.429372884251944
384 9.461896654777998
386 10.0878149141056
388 10.54756678692788
390 9.809510381614867
392 9.258632112326426
394 10.056098155526618
396 9.354449047056374
398 9.960061659413746
400 9.885003342889371
402 9.419346059147188
404 9.654189803172128
406 9.840592016695377
408 9.234874946479543
410 10.774806960362287
412 9.136025720566792
414 8.58588135290542
416 10.227369490760132
418 9.315653066384305
420 8.768938470710534
422 9.302627282281566
424 9.992833228383057
426 10.963482785931612
428 9.069934605347708
430 9.236033058899594
432 9.344411161354707
434 10.911800844429486
436 10.578982652526905
438 10.431366911548631
440 9.626353935951931
442 10.587619964894301
444 10.907478530658107
446 11.085967065518318
448 9.74578702673684
450 11.261677286225435
452 10.310897302661774
454 9.577381665948566
456 10.94931315179838
458 11.040152802723972
460 9.671028874289233
462 9.69302072594068
464 9.622521562876939
466 9.58052712983448
468 9.687359988278494
470 8.80437968940142
472 9.754654283995004
474 9.476861886631381
476 9.266195876247709
478 9.615160790907815
480 9.440580720013102
482 9.703465396986392
484 9.077044108216656
486 11.14705864974215
488 11.519415722971583
490 10.5043150679338
492 10.359764214269257
494 10.788347757032408
496 10.434726111744926
498 10.44353303518893
500 10.74806852340576
502 11.188151430334784
504 11.129866073367287
506 9.446752670783745
508 11.063566590424966
510 9.763816757903408
512 11.472859892963832
514 9.441303816161945
516 9.193961048935035
518 8.605585954789138
520 11.54899219294517
522 10.691813974805006
524 9.323529750740388
526 10.926348928879243
528 8.710451801559643
530 10.80171592701544
532 9.832749342141344
534 8.920733521756397
536 9.331821256534852
538 9.237212235655356
540 8.72625722175134
542 8.845545838953186
544 8.932850374221706
546 9.658907570686445
548 9.560345529674416
550 9.62927588318635
552 8.737559824381457
554 9.532183051794684
556 9.64624208005963
558 10.949051014647461
560 8.821476788056428
562 8.941814144669344
564 9.179560372792503
566 8.938287246798584
568 10.756798600495891
570 10.690728639870809
572 11.381697760386167
574 11.087423815203294
576 10.560844037687799
578 11.003004126360658
580 10.22673035517173
582 9.148786269771689
584 9.233731962595991
586 11.24386395976289
588 10.609559883682467
590 10.97375232655353
592 10.140698668364053
594 10.355267413347221
596 11.020283074320583
598 11.313558429854812
600 10.149616198272966
602 10.88996995906268
604 9.782874646677346
606 9.594150946236518
608 10.205376349411114
610 9.610247783348392
612 10.441616995107461
614 10.338244330222205
616 11.02924962774716
618 10.367457918485053
620 10.665449819044353
622 9.355265818848972
624 10.714964818857725
626 10.094104892597942
628 10.745111884329404
630 10.330930821302236
632 11.517839134001283
634 11.404092480830686
636 10.298150445006677
638 9.850566376644881
640 11.213889011252546
642 9.012128053735593
644 9.882980059103936
646 11.718599633411968
648 10.218060683407375
650 11.176601295666321
652 11.326889456332651
654 10.840211334420983
656 13.216556804523263
658 11.227379760786736
660 11.264962456409089
662 11.518562700890689
664 10.97450171157742
666 11.302516372156353
668 10.581160638101174
670 11.932918796381022
672 11.725488115445145
674 10.125397637591645
676 10.719053768131236
678 10.763152316043499
680 12.03020550914745
682 11.598114222392818
684 11.651534840346235
686 11.299542353997463
688 11.43176296785852
690 11.378972308750582
692 11.144484639428088
694 10.633243507064572
696 11.349124394056368
698 10.546826751919276
700 11.496344524273603
702 11.559728161742873
704 11.14612791067785
706 9.955751439182553
708 10.343888820233206
710 11.153572154058102
712 10.947465167116704
714 11.946379451822253
716 12.096983170404204
718 11.392937326918059
720 9.758653537557183
722 10.776778373796928
724 11.663282983992472
726 10.276243423555327
728 11.32440925105417
730 10.108382239704548
732 11.153810802699013
734 11.716870773803306
736 11.420694416266757
738 11.263080989575302
740 11.007448769445135
742 11.252705072460833
744 10.694893852806798
746 11.18136863452132
748 11.516458267587177
750 11.715927762764062
752 10.733424675911413
754 10.955410470870016
756 11.654880943135057
758 12.332507327187633
760 11.803316972218465
762 11.428952938792593
764 10.64520153566615
766 11.34429250274204
768 11.604713581699745
770 10.6233310476936
772 10.960759569846587
774 11.92277944841439
776 11.527106764073723
778 12.592430912182737
780 12.3956456657062
782 11.223728183939867
784 10.352728582318964
786 10.054422784802588
788 11.223737646138211
790 11.29874322623857
792 10.059270628015986
794 12.189638244668947
796 11.384304362126333
798 10.898611749843157
800 10.991925331141545
802 12.080219095785356
804 11.357560946591143
806 10.915361020196938
808 12.217279625756708
810 11.096342903412866
812 12.48469601873351
814 11.84178074178467
816 11.540571804331199
818 11.771591368824275
820 10.337551623072292
822 11.721387563857098
824 11.511817445557336
826 11.26898351978206
828 11.456315810427732
830 12.161333738767777
832 11.56071296368023
834 11.496219222900075
836 10.683516805599353
838 10.636516144957591
840 10.753125771376597
842 11.756341818585435
844 11.41300172229058
846 12.218697401881863
848 11.097795390550907
850 10.954097212728366
852 11.353462860867902
854 11.77928061110638
856 11.14521033792749
858 10.684741909282458
860 11.535166962355538
862 12.065569780211149
864 10.818815197341573
866 9.808035258891795
868 11.56268480954548
870 10.433985485264369
872 10.73130930567671
874 11.859869540759357
876 12.419316354757452
878 12.173577474407582
880 12.392957982263784
882 12.211005430076845
884 10.532294569569116
886 10.972213858341933
888 10.317461405954374
890 10.315562288293485
892 11.344644497330721
894 10.856231601030947
896 10.491054583289937
898 9.305102252188652
900 8.442282764828356
902 9.347990707491528
904 9.95023011214798
906 10.906140361708374
908 11.941236480897109
910 10.571437057352282
912 10.501294365444194
914 11.0445350089787
916 10.48098113177519
918 11.177339467240058
920 10.726754319342966
922 11.382148939892438
924 11.622456156748054
926 12.04958665067645
928 10.718380847893794
930 10.28601603739988
932 11.13194454045275
934 12.137393335473456
936 10.646496688392888
938 9.599445860764453
940 10.39567858809135
942 10.329843640100362
944 11.401785307179543
946 10.648127658219401
948 11.288863829621064
950 11.285449014301575
952 11.736118851104871
954 11.365659139629988
956 10.61709554579154
958 10.737824670860963
960 11.468646839946661
962 10.190152942835098
964 10.632405549364059
966 10.66360077326168
968 10.777555350293303
970 11.95286685536392
972 12.023454428087232
974 12.471199692053652
976 11.858050449443454
978 11.431414103503583
980 11.19560309506323
982 10.795791212791775
984 10.690645220334575
986 11.966064839593859
988 11.219690160171313
990 10.976161724502804
992 11.567630903908023
994 11.010551109276292
996 11.383970330293952
998 11.439550347196533
1000 11.15423479041892
1002 11.489847538854823
1004 10.600490154528128
1006 11.2116744384325
1008 11.866385622908272
1010 11.089204794853126
1012 11.50006996863748
1014 10.346673231254506
1016 10.733930944296675
1018 11.692055225995537
1020 10.637374012656782
1022 10.824808993802609
1024 11.847149066483896
1026 10.946920684798489
1028 11.74841771650831
1030 11.504253860680938
1032 11.014330146917391
1034 10.698715689045741
1036 9.719901628664186
1038 11.292246604918304
1040 10.232143498971881
1042 10.234261101470443
1044 10.232971061864971
1046 10.18190420032794
1048 11.44165438527634
1050 9.235013284308566
1052 10.612943638240369
1054 10.129938527833016
1056 9.74322193724036
1058 9.654898070757802
1060 10.149658179032524
1062 11.508930980845593
1064 9.836682443310082
1066 10.832668136254311
1068 10.568796408275224
1070 9.696368368925972
1072 11.612937484669015
1074 11.01400372100619
1076 11.255274065940133
1078 11.285477712896558
1080 11.42520560916733
1082 10.633676219459558
1084 10.846108049463208
1086 10.980655200081733
1088 10.300198003849806
1090 10.80733971058009
1092 10.817157776804818
1094 11.073715257515412
1096 11.524508615478965
1098 11.382211093468584
1100 11.659351734708247
1102 10.856194032762415
1104 11.586233861267356
1106 12.816597727446421
1108 11.477340762148518
1110 11.039245308499751
1112 9.555211508272468
1114 10.090071340413873
1116 10.782590611291631
1118 10.304581739889164
1120 10.495290098795147
1122 10.133746151329769
1124 11.413473581926086
1126 11.64469587427835
1128 10.659296011524834
1130 10.531569343560438
1132 10.05077436874507
1134 10.663883507829194
1136 11.11261574348125
1138 11.328560143313522
1140 11.856345061572913
1142 11.772054477705893
1144 9.997652997897486
1146 10.339414730670642
1148 11.10153287486333
1150 11.322575963383033
1152 11.55464189213045
1154 10.34296138215047
1156 10.04085649370822
1158 9.514408064375397
1160 9.850393965389376
1162 9.369591266265214
1164 10.044263751105502
1166 9.687662274347208
1168 9.387354554780007
1170 10.70255338517144
1172 9.785847534840617
1174 9.981189496055535
1176 9.737530615633412
1178 10.730054108705499
1180 10.187547802324444
1182 9.767671264992488
1184 8.79465310701441
1186 10.114071995568983
1188 10.841351716060995
1190 10.798695107643423
1192 11.371459897275606
1194 10.33576434450259
1196 8.982481172343862
1198 10.256807685341842
1200 9.725002474983322
1202 11.316334746387513
1204 11.680277681318342
1206 8.91233610001085
1208 10.782888763021896
1210 10.46550768324855
1212 10.336848021829224
1214 10.618885044114103
1216 10.831733315807021
1218 11.587249199289172
1220 10.075456686196846
1222 9.974019037569754
1224 9.495917428825495
1226 10.66255977049658
1228 9.418801840947811
1230 9.94981046747561
1232 9.824878313160891
1234 9.823836201239287
1236 9.520125131831628
1238 9.075453290900432
1240 9.575163755132042
1242 9.929594923287844
1244 10.142842176842276
1246 9.384029877514914
1248 10.430237021163649
1250 9.97609626272064
1252 10.506975923657244
1254 11.293119572670518
1256 11.41674144559782
1258 11.537459225537813
1260 10.943587329749347
1262 10.7748815956846
1264 10.515536013160224
1266 10.380676347458829
1268 10.595470542676061
1270 10.952204676421326
1272 10.362503933345891
1274 10.410567670697162
1276 10.4137401517312
1278 10.515380473458062
1280 10.976091039144533
1282 11.57099848574295
1284 11.422106222812682
1286 9.699586940505526
1288 10.997871954360793
1290 11.291181730695104
1292 9.35432847761402
1294 9.834436970099306
1296 10.170092098459815
1298 10.178183059582192
1300 10.257000314741042
1302 9.255402260750875
1304 11.358757498583598
1306 10.824337488779156
1308 11.308943500504169
1310 11.224541603025642
1312 9.904639692539469
1314 8.589360308560405
1316 9.951342796925772
1318 9.116338388991126
1320 10.309952647624927
1322 9.263273225996322
1324 9.792983723688147
1326 9.38531795688936
1328 9.631286572545497
1330 9.672175424455379
1332 10.221127488563846
1334 9.081137748387984
1336 9.313012488195135
1338 9.53001815122364
1340 9.106373762883226
1342 9.304368142353988
1344 9.753981271615624
1346 9.619028231262488
1348 9.25057188866449
1350 9.295208039896503
1352 9.76139898186036
1354 9.914753988336294
1356 9.51874516079176
1358 10.162730347225038
1360 9.288729738706245
1362 9.120545084210589
1364 8.97548263671891
1366 9.885382054790302
1368 10.072167263070025
1370 10.06290596612958
1372 9.830729194989399
1374 9.431642365143187
1376 9.724130413810924
1378 9.76288674360369
1380 9.93867620238412
1382 9.301647301593754
1384 10.073138989188276
1386 9.841274458067854
1388 10.220961594107424
1390 9.499806867386052
1392 9.299085479399968
1394 9.975013739787112
1396 9.677607017326496
1398 9.36500561112696
1400 9.703497839368245
1402 9.662474641558314
1404 9.490489427591143
1406 9.477803128491086
1408 9.497940296029828
1410 9.567792530481299
1412 9.407737425224246
1414 10.169198473892541
1416 9.57909876621899
1418 9.803804467211949
1420 10.162847757509555
1422 9.719189369717126
1424 10.135347367194283
1426 9.484243292821741
1428 10.305041645384017
1430 9.951833960127576
1432 9.434119105781392
1434 9.595475615562405
1436 9.290121783723373
1438 9.098103757042402
1440 10.199755455230784
1442 9.292092540924337
1444 9.59765579689431
1446 9.58457804165647
1448 9.698495821711106
1450 10.01006058986384
1452 9.811192709369633
1454 9.721223866527884
1456 9.912846284184923
1458 10.443851417659383
1460 10.589570241249762
1462 11.266089531048625
1464 10.217364813478158
1466 10.436842202446819
1468 9.094821201143189
1470 9.551482127283098
1472 10.167961819595225
1474 10.803126077977296
1476 10.620200540552574
1478 9.062716782162546
1480 11.317812140028089
1482 10.077779802110594
1484 10.140731414359433
1486 9.963169256114545
1488 10.341259870681082
1490 9.265585257289711
1492 10.479474835235477
1494 10.143211450606772
1496 10.755028611860514
1498 10.043526027421608
1500 10.711756794775573
1502 10.892038448171077
1504 10.273228156139117
1506 10.830511077068635
1508 10.767537274887864
1510 11.587963434954178
1512 10.36459593232361
1514 10.920723332075296
1516 10.51021468650886
1518 10.86552117184202
1520 10.355430652573466
1522 10.397180284749679
1524 10.872914373522356
1526 10.841389234706323
1528 10.433350702373634
1530 11.480679119639436
1532 10.196166644962448
1534 10.707281895214834
1536 8.952593788443117
1538 9.354631002100492
1540 8.947565465470921
1542 9.7716104063858
1544 9.229084170649001
1546 9.396357180274045
1548 10.701335086992545
1550 10.103377500627056
1552 9.456141260788108
1554 9.335644345881965
1556 10.234697454072066
1558 8.952598242372092
1560 9.67902481589751
1562 8.267015691141541
1564 9.95335182391163
1566 9.075737323498426
1568 9.082596328528439
1570 8.842593767244765
1572 9.629136393359937
1574 10.079544842451691
1576 8.911521174502194
1578 8.910797832832673
1580 9.517718663672483
1582 8.830966876314978
1584 9.756203927538138
1586 9.278385750694312
1588 9.957500018702113
1590 9.440452212479647
1592 9.51154693088131
1594 9.592959113688963
1596 9.668658226364412
1598 10.064421875255858
1600 9.588782180619633
1602 9.641048898896099
1604 9.825850109645272
1606 8.725482997172994
1608 10.083960285600497
1610 9.602929116029555
1612 8.88396435130847
1614 9.590104778157832
1616 8.698335820780377
1618 9.75009853622743
1620 10.102331148856003
1622 8.698712036562016
1624 9.756734155601025
1626 9.390102493980166
1628 9.448821172267296
1630 8.418720076684695
1632 9.44860545692476
1634 9.631769592014017
1636 9.637887653319904
1638 10.253142812354042
1640 10.60823360771696
1642 9.094519692313714
1644 10.214102792503223
1646 10.616454393438467
1648 10.236650512183777
1650 10.566251152978964
1652 9.696845164603408
1654 9.661022946235892
1656 11.595741775033892
1658 11.039316131032306
1660 10.004495202735418
1662 9.42239006450671
1664 10.554948943434
1666 9.43486719245671
1668 11.030549196213823
1670 11.102154668133892
1672 10.505938640423732
1674 10.65865503039259
1676 10.558887506898204
1678 10.192055086371354
1680 10.42437002146308
1682 9.45069509575801
1684 9.421450738987136
1686 10.223202505585919
1688 10.389451831388529
1690 9.729222307637569
1692 11.887954595787182
1694 9.596769286449316
1696 11.00311578076081
1698 11.844349227040093
1700 11.180369795147937
1702 10.78086218562125
1704 10.838880181836428
1706 11.094008202603277
1708 9.614248584064924
1710 9.604191054716996
1712 10.69932513010947
1714 12.359552615813195
1716 10.7461058947293
1718 9.427991690025012
1720 9.339460800264566
1722 10.494993003199975
1724 11.357990536340862
1726 11.11114160916476
1728 9.96925149172313
1730 9.234964015295237
1732 10.503376941970751
1734 10.026073294323352
1736 10.941745698836204
1738 9.41370557318257
1740 9.956751077365942
1742 9.894451800598668
1744 9.408805893022372
1746 9.798997671449078
1748 9.275787053942611
1750 9.879094939071534
1752 11.013866769590054
1754 10.658443202413396
1756 10.6412033071853
1758 9.460071557969972
1760 8.90796418639348
1762 9.319385159560849
1764 9.826622314078165
1766 10.687699699455418
1768 9.124484902262903
1770 9.162978023868495
1772 8.947906977058478
1774 9.272163336211843
1776 9.034537932803254
1778 9.091215813536135
1780 9.003777748208352
1782 9.955925793445418
1784 10.726891183570453
1786 10.422520879891298
1788 11.701090154222078
1790 10.614607715808027
1792 11.231125475636045
1794 11.721725262412416
1796 10.940176042330258
1798 9.441722927952181
1800 8.577005983482655
1802 9.400106763519258
1804 9.42454453591709
1806 8.527384929972843
1808 9.50670787993391
1810 8.941257448112966
1812 9.60619533109067
1814 9.202178890119209
1816 9.766330703565847
1818 9.142042106038378
1820 9.467252775544813
1822 9.468111132855633
1824 9.58838707527905
1826 8.596428471441374
1828 9.728738130175385
1830 8.8086573584199
1832 9.18384802292733
1834 9.022862514150948
1836 9.40519494738612
1838 8.703170145478861
1840 10.430118098265103
1842 9.246601461427852
1844 9.435102816995295
1846 9.59308365872571
1848 9.855693092540458
1850 9.88044903248789
1852 9.222761865067381
1854 8.838801683366096
1856 9.278009104102972
1858 10.378831900434786
1860 9.76721115556463
1862 9.15202008371011
1864 9.862791711861798
1866 9.461445368222819
1868 9.785162052144612
1870 9.607823230271839
1872 9.785810321829041
1874 9.501119714866121
1876 8.801150639305689
1878 9.197115098845101
1880 10.409167808081733
1882 9.699939648628543
1884 8.852848212770425
1886 9.207270607705437
1888 8.86245906141698
1890 9.45960613826263
1892 9.189942219319263
1894 9.640400304444308
1896 8.7583422585942
1898 9.113193708735318
1900 8.904880567005423
1902 9.294322602951034
1904 9.436256694873348
1906 8.94296360775437
1908 8.879779500891539
1910 8.487084784307992
1912 9.991862383846822
1914 10.08208449443051
1916 9.318720537698573
1918 10.029305905851205
1920 9.92605418105899
1922 10.28911618514855
1924 10.035904991957697
1926 10.732558126694903
1928 9.711083244781317
1930 9.775716510869021
1932 9.793477760259625
1934 10.5424081930021
1936 10.597546000741273
1938 10.32420786126812
1940 8.877408685711634
1942 9.486450664492077
1944 8.464634302473547
1946 8.822566015267844
1948 8.876047867760333
1950 9.027550125090146
1952 8.621281127608063
1954 8.624405047703993
1956 8.385047221863724
1958 8.788508381492454
1960 9.238170101406205
1962 9.473149175320442
1964 8.90121018486865
1966 10.264542886451196
1968 9.248677278215112
1970 10.006679559947237
1972 8.979137411513099
1974 10.038528875655665
1976 10.237302534537132
1978 10.190335355413103
1980 10.788679181452348
1982 10.446323770114995
1984 10.141630535966506
1986 10.009894340333037
1988 10.038031121633463
1990 9.333855332664982
1992 10.30190576881454
1994 9.74932769930725
1996 9.71409933756076
1998 9.314128061998016
2000 9.374246374659469
