0 10.845141356107673
2 10.58590767927309
4 9.865270091874072
6 10.163015483700839
8 10.547331953936498
10 9.803404860706994
12 10.147814845098118
14 9.882264780712871
16 10.112711672839241
18 10.623953622074593
20 10.676883512550413
22 10.433909657159866
24 10.235402394759976
26 10.954130556890533
28 10.755442303973792
30 10.505558948637445
32 10.139165901926587
34 10.319733681319978
36 10.501449430862184
38 10.553050117605533
40 10.592130936729689
42 10.146663790823576
44 10.406683084727538
46 10.914183530168101
48 10.402724739846182
50 10.133261454311679
52 10.29523139030463
54 10.19744620572735
56 10.975867103472993
58 10.275475052816917
60 10.272279113341384
62 10.774548859751617
64 10.833486229989456
66 11.161876168825367
68 10.520011338204531
70 10.777997499089553
72 11.142184371603474
74 10.463857087973418
76 10.36195699847181
78 10.291361276284293
80 9.905998234061352
82 10.280534206418855
84 9.893926760245291
86 10.583211149729696
88 10.413863095899627
90 10.40039434771236
92 10.26517160903489
94 10.69344502477333
96 10.532402367347625
98 10.125095927524177
100 10.377377701354451
102 10.31622423607896
104 10.666252493479313
106 10.880231038894864
108 10.424043678973693
110 9.940086148539303
112 10.409658391009733
114 10.334010543520982
116 10.396538186447449
118 10.562338867403707
120 10.515734823677455
122 10.831112736593356
124 10.487363432841368
126 11.161870853477977
128 10.737093718728355
130 10.61102563846303
132 10.752349073091677
134 10.756646097466263
136 10.721587243218202
138 10.77097221782513
140 10.996951372251663
142 10.630863295461113
144 10.028551506820058
146 10.119829180939252
148 10.667112549746575
150 10.230090142805219
152 9.786965592142874
154 10.206409179646188
156 9.958342952844282
158 10.698561445274217
160 10.519175350519196
162 11.043158084468134
164 10.696147919527665
166 10.453468776461534
168 10.40460189182434
170 9.917026635913802
172 10.234661840572052
174 10.325960302591852
176 10.347313265244777
178 10.873503779472852
180 10.228752998429185
182 10.178831906858145
184 10.55481904612666
186 10.35638258269292
188 10.656431606144265
190 10.746514263572148
192 10.790379212290425
194 9.980229991950443
196 10.027816801396966
198 10.659711710914845
200 10.942688257465443
202 10.764839217797297
204 10.937722424082642
206 10.434603786286512
208 10.034095942856665
210 10.134245276859868
212 10.102104058497535
214 10.361839200992053
216 10.210651070428295
218 10.105775559462378
220 10.51408199611171
222 10.396076502252074
224 9.776187178461038
226 10.24900267751912
228 10.394469678745976
230 9.973118291298562
232 10.109390159498998
234 10.995521828491365
236 10.775055959323328
238 10.334768455064058
240 10.777174869555683
242 10.843887053632177
244 10.021035853468852
246 10.921885394311769
248 10.360888766311751
250 11.036395183776968
252 10.077834736615152
254 11.25840376141988
256 10.617804167442317
258 10.88562549285339
260 10.73952126969267
262 9.951461827230434
264 10.921333529196412
266 10.889596173495352
268 10.605523558217278
270 10.269598056018685
272 10.545889357303311
274 10.963498526427934
276 10.972867749497484
278 11.071311853932054
280 11.00801990910917
282 10.542957875310249
284 10.702212144012735
286 10.931061629300293
288 10.410904377434756
290 10.404920727030607
292 10.789879288021504
294 10.56017268415996
296 11.122711378831195
298 10.660935018163158
300 10.824051585178639
302 11.125933528527671
304 10.629739237159823
306 11.091188823524867
308 11.097375135863171
310 10.31013129519986
312 10.473830536377061
314 10.421184182854807
316 11.13948874980086
318 10.7591707773722
320 10.66287084946171
322 11.050048319855833
324 11.434591479892314
326 10.932022088329164
328 10.747906079861913
330 10.917942754616119
332 10.2937640522379
334 10.817606722838466
336 10.393106415112422
338 10.827364709683389
340 10.783107148134203
342 10.525523579023071
344 11.462777955656971
346 10.839254299573597
348 10.790413262319356
350 10.580956394401783
352 10.942681718154741
354 11.087855651037577
356 10.102382193760693
358 10.64182250340052
360 11.380892272995553
362 10.274293349272863
364 10.748099042731235
366 11.067374124032234
368 11.193866832744288
370 10.95106837498116
372 11.08690398744666
374 10.664396451675731
376 10.902400596636534
378 10.148871789937298
380 10.545557390501429
382 10.545018509641872
384 10.620779811584603
386 10.374539782958836
388 10.41745597256996
390 10.004921681614038
392 10.080526135354502
394 10.5573156884099
396 10.586682755135003
398 10.02387923051245
400 10.12229884458275
402 9.58654196182972
404 10.7468565162902
406 10.429632288889021
408 9.997087638350553
410 10.253587666481225
412 10.329107522886682
414 10.16553471965821
416 10.276443579925637
418 10.629479901145734
420 10.662224509648404
422 10.371257121185986
424 9.763142113744752
426 9.833559270853808
428 10.991353644746734
430 10.532028973070158
432 10.19052252840276
434 10.857938292720535
436 10.595219963353466
438 11.03487308403419
440 10.31176825499621
442 10.727874954417745
444 10.540285761978472
446 11.14952595149113
448 10.730384297027397
450 10.466717824564103
452 10.227785002609457
454 10.578464709338975
456 9.886910807228897
458 10.705633140204274
460 10.503272207418577
462 10.878174242375735
464 10.214858661561179
466 10.902102270257894
468 10.504096043519285
470 10.62392642295601
472 10.789450138992036
474 10.172564166062758
476 10.550894228095952
478 10.661831040577704
480 11.18116751455472
482 10.334749168450305
484 11.081285859284462
486 11.299950003454532
488 10.701338768319447
490 11.878727383765494
492 11.14268385549564
494 11.542792782608611
496 11.047986368912012
498 11.017930243335115
500 11.117983381343903
502 11.322190265459117
504 10.363191363750143
506 11.193524988962057
508 10.818995229782818
510 10.753104137133546
512 10.086448166181313
514 10.429385964159271
516 10.18605238169491
518 10.450495409161249
520 11.017811235847917
522 10.959810868741023
524 10.885363128172262
526 10.868970696112422
528 10.61678454383912
530 10.643800026493153
532 10.690436533766693
534 10.194804294986614
536 10.569229355423442
538 10.181103744777785
540 10.369335731121371
542 10.87901232528219
544 10.818603233117301
546 11.51466771218579
548 10.752720598744608
550 10.431941547163158
552 10.09280551284804
554 11.266519811304844
556 10.532973979985542
558 10.851367927072827
560 10.431542763068972
562 10.134174919854333
564 10.509200718012409
566 10.995031600013599
568 10.266688452100158
570 10.597952571131463
572 10.444506255405656
574 10.897653043286091
576 10.249451616607455
578 10.65118105533668
580 10.63271457379552
582 10.409575852725933
584 9.980795325813393
586 10.618683590093992
588 11.03267100554802
590 10.441047149409952
592 10.498038924128272
594 10.788819634305476
596 10.619220078278016
598 10.542535215649377
600 11.072693483752534
602 10.448677427277882
604 10.6188975306129
606 10.976892816984664
608 10.587842749731342
610 10.386891290524591
612 10.55804259539314
614 10.328929296883368
616 10.543394977958878
618 10.425001857694234
620 10.441785486944429
622 11.012583747677041
624 10.93172886695361
626 11.035739535475809
628 10.382842118389835
630 10.317758454843762
632 10.94978811622077
634 10.653811534261793
636 11.41897745608562
638 10.731164931229706
640 10.835411066093783
642 10.4433951677926
644 11.351182085635138
646 10.702026126302359
648 10.716353872177315
650 10.233307657252457
652 10.341417510748474
654 10.524947666501673
656 10.722294345560158
658 10.429328256044135
660 10.379135591535306
662 10.414079175543018
664 10.489980707290878
666 10.663670503615899
668 10.763329813907095
670 10.354994152294523
672 10.3253729293016
674 9.864458433477619
676 10.46424936664058
678 10.84610467303338
680 10.341227135218
682 10.442535378997256
684 10.469797684284645
686 10.800007994194722
688 10.411419572445539
690 10.3650250656058
692 10.133520445286448
694 10.709667225006491
696 10.171001347972563
698 10.988928668606324
700 10.2223857052477
702 9.728337711687558
704 10.159201445549812
706 10.358076267808652
708 9.932400410653873
710 10.55941568752362
712 10.73756670901837
714 10.413109531840263
716 10.826789339182634
718 10.560561436271295
720 10.161421443297233
722 11.1264599531992
724 10.326015933847058
726 10.063769434498484
728 10.889728632017722
730 9.998506169555524
732 10.589018634002526
734 10.564290936604674
736 10.70471051897129
738 10.202924519171145
740 10.365069851018054
742 10.855318757961077
744 10.836048730393085
746 10.40467033219825
748 9.948107725314525
750 10.656622409469179
752 10.10304530276244
754 10.05229419724398
756 10.131350094757336
758 10.326253875631997
760 10.579771537982694
762 10.826928448111968
764 10.25331554995119
766 10.324928636209592
768 10.77829399467071
770 10.19383149624086
772 10.665908049725028
774 11.339781024042932
776 10.970896478572499
778 11.605971665047464
780 11.18596024287613
782 10.807872817708898
784 11.078080953501232
786 10.777902959849905
788 10.517387653221004
790 10.873317207437792
792 10.49686805533138
794 10.284112722117294
796 10.499269554091207
798 10.150881941642387
800 10.678565426608236
802 10.327962352753412
804 10.545815117753731
806 10.507049917438973
808 10.396159034987514
810 10.326140692338251
812 10.765477492981434
814 10.598306687907066
816 10.165563871147956
818 10.266721202294892
820 10.460230482783203
822 10.683847194780553
824 9.918060314909315
826 10.444721165831629
828 10.891002728107525
830 10.751456469571611
832 10.855372032284796
834 10.734385076927218
836 10.696983517717408
838 10.460300178381548
840 10.794081013139461
842 11.05173854880661
844 10.000652346888078
846 11.192717597148489
848 10.762913664948837
850 10.604774894434994
852 10.640214916446897
854 10.818110565384288
856 10.937914665413132
858 10.574051126538514
860 10.628456992187333
862 10.91859197265834
864 10.983928195375222
866 11.079077587917665
868 10.053961163488031
870 10.411773182655049
872 10.605901871912907
874 10.564444059674004
876 10.529583571732399
878 9.934969180735523
880 9.797729012638294
882 10.718864220476538
884 10.224305615414906
886 10.712800582177634
888 10.810381424603966
890 10.671275519914436
892 10.569229478136561
894 10.737619760117626
896 10.844513048117673
898 10.62591704337603
900 11.051160128217244
902 10.810299441051965
904 11.186193180758586
906 11.298735630295923
908 11.1010673075847
910 10.513654956274959
912 10.938274357075283
914 10.544090466628246
916 10.362124967003517
918 11.231076157488493
920 10.695445341922259
922 10.562612131031305
924 10.577199096296864
926 10.689996838905087
928 10.827447717088473
930 10.324748815850871
932 11.292420066769253
934 10.798192963777952
936 10.468053123960503
938 10.373275983928437
940 10.501219209642823
942 10.78852177829152
944 10.972891921311621
946 11.11293416307752
948 10.088972410839721
950 10.363226923096843
952 10.41804729564936
954 10.361783384496707
956 11.128186447030908
958 10.222396036703914
960 10.637807721467336
962 11.167775240437003
964 11.083581592631884
966 10.691350498806948
968 10.511384907954287
970 10.601561520130561
972 10.678827692906408
974 10.548880887956836
976 10.76020213309607
978 11.07471428951448
980 10.349185365915218
982 10.461852442605014
984 10.80048975703691
986 10.36452509261828
988 10.485046468406193
990 10.177688749958486
992 10.675832931292026
994 10.586195991424942
996 11.460069197471283
998 10.422476072554455
1000 10.532469665790531
1002 11.2166264872046
1004 11.305048527029395
1006 10.580681826107718
1008 11.071449128422987
1010 10.948727792072356
1012 10.812072825908944
1014 10.712978579005053
1016 10.856945442029078
1018 10.94278268185596
1020 10.682188099375079
1022 10.53054117665156
1024 11.440867449279553
1026 10.216657236548926
1028 11.095628734788663
1030 10.759974214885549
1032 10.568680146390777
1034 10.872746153727412
1036 10.326827669443324
1038 10.580636677037624
1040 11.032361110330205
1042 10.169982350806574
1044 10.680869744998333
1046 10.399732548138338
1048 10.983412204709573
1050 11.386060573816891
1052 10.404772884857854
1054 11.002348995963922
1056 10.95400392866042
1058 10.351047593622628
1060 10.49825773131619
1062 10.325410133621604
1064 10.794422146419404
1066 10.789626664288424
1068 10.822950171230966
1070 10.749555010435508
1072 10.875511064402472
1074 11.194232871115586
1076 10.621894212322983
1078 10.5691768863533
1080 10.64613313118814
1082 10.485080249136043
1084 10.76909842087166
1086 11.108916756110025
1088 10.563600157956234
1090 11.713123970861927
1092 10.654842281244687
1094 10.963330216779193
1096 10.808218254176124
1098 10.621415761486368
1100 10.717971037545341
1102 9.906005504552914
1104 10.744095353028827
1106 10.362339505010826
1108 11.009570988782132
1110 10.824408854005677
1112 10.845834381241117
1114 11.355367472996411
1116 11.2425112759616
1118 11.040239683397393
1120 10.97105807213875
1122 11.123612811273302
1124 11.180741732431631
1126 11.0033742913133
1128 11.556689760332505
1130 10.847560284396428
1132 10.774008986497886
1134 11.437702119704543
1136 11.489911633083798
1138 11.54205120057957
1140 11.316051382188306
1142 10.498281792144194
1144 11.47806836854172
1146 10.91949439083549
1148 10.987947987248681
1150 11.707769722497474
1152 10.498817488287282
1154 10.731992705820433
1156 11.198880489530417
1158 11.410788835276566
1160 10.630564292939258
1162 10.653102314739272
1164 11.102165477227707
1166 10.963712292998855
1168 11.171567018268727
1170 11.141210348515438
1172 11.249162828824982
1174 11.184387871027852
1176 10.546020806268302
1178 10.56510190049407
1180 11.037188618157293
1182 10.307257899130319
1184 11.096309280884135
1186 11.059662933732813
1188 10.960444219178596
1190 10.98570291610195
1192 10.447684712165131
1194 10.847813732205534
1196 10.676909431448687
1198 11.19276270576047
1200 11.089958245052872
1202 11.386775141909354
1204 11.25275217611482
1206 10.502805023451634
1208 10.813342730436512
1210 10.997973283531396
1212 10.776495431455949
1214 10.653085678750813
1216 11.423781492736103
1218 10.368804879548026
1220 10.445078437039768
1222 10.818392642462426
1224 10.996425431556528
1226 10.730793014758866
1228 10.476110103371141
1230 11.188636713379239
1232 10.681455301579536
1234 11.256705573726366
1236 10.513929271592756
1238 10.813003532125881
1240 10.293539092359081
1242 11.113071582493246
1244 11.079070986420373
1246 10.795509352796687
1248 11.16470474283352
1250 11.888227057560147
1252 10.883908446309341
1254 11.036003429593713
1256 11.216752986977882
1258 10.626241929377063
1260 10.37503559123062
1262 11.514736315301251
1264 10.969939487679886
1266 11.343511452060392
1268 11.179682108228032
1270 11.198343894042559
1272 11.145871084407913
1274 11.091176082625399
1276 10.925027500984472
1278 11.184042379341355
1280 10.956443382180293
1282 10.695200552968505
1284 11.005966304663245
1286 11.402441790433658
1288 10.789223170986936
1290 11.057147840725085
1292 10.487577559611289
1294 11.258459365633492
1296 10.63023242714457
1298 11.07218445243134
1300 11.190366935820357
1302 11.846980457204957
1304 11.445782998542207
1306 11.257667512409558
1308 10.706935994941702
1310 11.024662676095177
1312 10.710658280975322
1314 10.986188223554686
1316 10.401566832259444
1318 10.881043353545449
1320 10.308303427017384
1322 10.272588353395735
1324 10.827680088999804
1326 10.927175876035438
1328 11.094088627925336
1330 10.477395888448399
1332 10.829765453669802
1334 10.865089452229133
1336 11.310055020550953
1338 10.68586351346354
1340 10.741131997295804
1342 10.940333027349025
1344 11.014109255758118
1346 10.479877255430313
1348 10.673163536610986
1350 10.653561978837384
1352 10.710059801181522
1354 10.65234280975144
1356 11.06499956754463
1358 11.48883723711127
1360 11.354958849977383
1362 10.85171710878239
1364 11.053547877433505
1366 10.798767484062402
1368 10.834303943649573
1370 11.212318199767749
1372 10.921279575153994
1374 11.067164333262781
1376 11.025993040453105
1378 10.78931527299475
1380 11.590790293547744
1382 10.866637166208612
1384 11.26528068941208
1386 10.431699833372578
1388 11.024795784166132
1390 11.078004878582076
1392 10.492895641131614
1394 10.726256771411169
1396 10.989771300723193
1398 10.769077850509941
1400 11.233070646422338
1402 10.909102195213293
1404 11.246052328753436
1406 10.526677483266772
1408 10.659174211592847
1410 10.54523955375583
1412 11.009434695998287
1414 10.708802884941916
1416 10.972849480154071
1418 10.657257225356178
1420 10.6186850029284
1422 10.780077655354612
1424 10.420005429609594
1426 10.620867306915496
1428 10.655915586820626
1430 11.211160267280588
1432 10.70130880205549
1434 11.245994901768219
1436 11.113784733215574
1438 11.07666674497464
1440 11.251320859416813
1442 10.885739266805174
1444 10.698703780620722
1446 10.777634657358028
1448 10.64569744730242
1450 11.239742506072346
1452 10.45778292644724
1454 10.822656393528849
1456 11.362061641221297
1458 10.660017922909066
1460 11.432542834776253
1462 10.963089672001617
1464 11.206059275394532
1466 10.478807803767317
1468 9.862181425687695
1470 10.931594984106951
1472 10.625428310533422
1474 10.8802666334163
1476 10.809569366095158
1478 10.386922026381905
1480 10.922844962912933
1482 11.640442497522708
1484 10.605000491506264
1486 11.091348339837632
1488 10.937251760297922
1490 10.749475165188448
1492 11.177102123970545
1494 11.417390777154395
1496 10.528753703702538
1498 10.347894409067594
1500 11.13827253059565
1502 10.657173886881063
1504 11.109643690439245
1506 11.201162078790468
1508 11.277076488437187
1510 11.03921887689021
1512 11.374620740265787
1514 10.781976031374674
1516 11.087590592041977
1518 11.09888725490744
1520 10.571720171712652
1522 10.844801447359465
1524 10.800730172799842
1526 10.510221395879789
1528 10.76981422597054
1530 10.714284165575656
1532 10.85688815134715
1534 10.596824261254493
1536 10.34032516056906
1538 10.406249926688412
1540 11.44927272649741
1542 10.884023273123827
1544 11.01220575978372
1546 9.98127396397481
1548 10.130449169328264
1550 11.426813351090246
1552 11.081705243929438
1554 11.551794038233039
1556 11.302583776486138
1558 10.479774843374559
1560 10.857194749664266
1562 10.823436610987802
1564 10.038327960118076
1566 10.840626315221876
1568 10.442785745246448
1570 10.925434232344625
1572 10.452263882227001
1574 11.304452120210408
1576 10.775400026902055
1578 10.414989764085822
1580 11.060451792481514
1582 11.127584684005283
1584 10.955096071033674
1586 10.904203195126149
1588 10.832111842977103
1590 10.74134220367816
1592 10.599416872503598
1594 11.222006490887509
1596 11.044003767931216
1598 11.01941655437306
1600 10.908805723061626
1602 11.369826319030995
1604 10.836969466903332
1606 10.410707614388501
1608 11.383926832899162
1610 10.530147906343489
1612 11.33050744882686
1614 10.600512594820845
1616 10.896810746370363
1618 10.693528449007083
1620 11.137546492115515
1622 11.023629892073831
1624 11.071879609662426
1626 10.757121736803455
1628 11.49384406743786
1630 10.70580189523917
1632 10.689785868087046
1634 10.954223896155073
1636 9.921235577946423
1638 10.081851726477444
1640 10.335733492828416
1642 10.508173182124883
1644 9.970471452685695
1646 10.385485185247065
1648 9.826510811153616
1650 10.729344016702589
1652 10.78186201416249
1654 10.478854518059242
1656 10.572353559932171
1658 10.628779735844759
1660 11.171533246524552
1662 10.948322183361244
1664 11.137984650929964
1666 10.610110772193416
1668 11.514920012402355
1670 11.082373537964088
1672 10.884690006245371
1674 11.242218237993555
1676 10.62680374424305
1678 10.862729472626114
1680 10.745823458811786
1682 11.424193644514174
1684 10.938313445478656
1686 11.011784626446378
1688 11.427507928563015
1690 10.731479659224277
1692 10.991750685401374
1694 10.655176084544763
1696 11.100179119144798
1698 10.634629207116856
1700 10.613815005728926
1702 10.941679853385875
1704 11.233938576202378
1706 11.385317871591004
1708 11.155295470807667
1710 10.844478096057548
1712 11.252739459214943
1714 10.31354017333624
1716 11.526901420324908
1718 10.805202545006017
1720 10.917467374170306
1722 10.95343416808841
1724 11.121156379346573
1726 11.312794982509953
1728 11.223375095813664
1730 10.955793303786923
1732 10.702128176951595
1734 10.749656373679382
1736 10.967712122042203
1738 11.29648540049798
1740 10.673335487546415
1742 10.884313796310478
1744 11.230142556680352
1746 11.498093572613156
1748 11.197588416007038
1750 10.61758042583739
1752 10.634097626233228
1754 10.323412539464918
1756 10.581480930862371
1758 10.85988335169196
1760 10.624035131399994
1762 11.036906418738386
1764 10.5321872250245
1766 11.090084270301926
1768 11.54084656729896
1770 10.830394279088313
1772 10.864490144779602
1774 10.872550669027586
1776 10.98263521600886
1778 10.996645905321696
1780 10.802714028303305
1782 11.151010510281848
1784 10.437967655365316
1786 10.578390889963211
1788 11.552840789876576
1790 10.240348316770161
1792 10.374493260815925
1794 10.24315689598937
1796 10.50646607254347
1798 10.819063831665721
1800 10.66982355431784
1802 10.168555621994956
1804 11.019049322034908
1806 10.900370064712968
1808 10.69161315993901
1810 10.320968538127982
1812 11.406543519339976
1814 10.59896152059299
1816 10.380970207840692
1818 10.487445363580848
1820 11.183799703399652
1822 10.575792758960018
1824 10.800688239316012
1826 11.092609631093323
1828 10.891522510263677
1830 10.224135616117191
1832 11.008015482848808
1834 10.397671223121488
1836 10.526924852809472
1838 11.040971139406036
1840 10.998305433940617
1842 10.992187767082395
1844 10.751116208345627
1846 10.967032507486907
1848 10.965063125705202
1850 10.857231218251913
1852 10.684302379951014
1854 10.689056643488522
1856 10.09776345869426
1858 10.56419031784114
1860 10.591800567893436
1862 10.929603213192582
1864 10.844237154158824
1866 10.993337331868634
1868 10.275058593287314
1870 11.018575033011384
1872 11.112324319523541
1874 10.510863277506585
1876 10.84036532416643
1878 10.58067072222621
1880 10.632168897850349
1882 10.561993339137118
1884 11.11113704298268
1886 10.800118813040143
1888 11.570280637777106
1890 10.599442743301692
1892 10.904437152348054
1894 11.252217582002887
1896 10.392310701198262
1898 10.380378252610509
1900 10.947116281598168
1902 10.518296237096479
1904 10.897087167131982
1906 10.412521064363128
1908 10.731310817434771
1910 10.907508095864104
1912 10.220698775201196
1914 10.97649694876627
1916 11.120541379636089
1918 10.717754089746956
1920 10.71508923342634
1922 11.034502655700267
1924 10.855419603952921
1926 11.204396627408316
1928 10.330196217007906
1930 10.254404128986865
1932 10.782895871315484
1934 10.402355917311393
1936 10.406673129483355
1938 10.86397902683932
1940 10.862977945189362
1942 10.875497840733086
1944 9.979830839754682
1946 10.134818635137822
1948 11.061306860426953
1950 11.170426181738133
1952 10.597511990764032
1954 11.091676914304562
1956 11.467683157497051
1958 11.037702894204836
1960 10.139829499507014
1962 11.06752335822921
1964 10.384257197041016
1966 10.284247123821748
1968 10.006425700716683
1970 10.571029424424733
1972 10.885076338257587
1974 11.051215790436027
1976 10.552093788976563
1978 10.976301108433725
1980 10.855598645320638
1982 11.142831912376812
1984 10.958406631872366
1986 10.926155498933241
1988 11.01644019978347
1990 10.625245187026731
1992 11.337453335672057
1994 11.187769254137542
1996 10.674477070278355
1998 11.198678349313774
2000 10.861363587596916
