0 10.168223695424802
2 10.339848007472543
4 10.912910476573872
6 10.248851414782642
8 10.591646880278196
10 10.297519602360746
12 10.587653648947912
14 9.669596414757198
16 10.789273000697241
18 10.61738817099152
20 9.870617096233856
22 10.159929988950882
24 10.385690513580032
26 9.603636328877835
28 10.160407302088924
30 10.491796212687387
32 10.120641448309357
34 10.201140683889063
36 10.4109086691631
38 11.00280115867798
40 10.397629532556602
42 10.843495485408075
44 10.41153781023648
46 10.246372041142976
48 10.525815011915356
50 10.631686931838017
52 10.185380614955688
54 10.306282617376414
56 9.996346158339714
58 9.999699870070536
60 10.129463479843931
62 9.708844895023349
64 10.60528828360575
66 10.468817566103958
68 9.943499954812793
70 10.444191540685845
72 10.143334130488997
74 9.730027770019069
76 10.566861119055579
78 10.7663848989689
80 10.429309912407177
82 10.50004296255977
84 10.490093111948662
86 10.584024361834429
88 10.713752064842868
90 10.345614955762324
92 10.671772347776727
94 10.26061067009479
96 10.621444064025495
98 10.490063752162978
100 10.166006336153663
102 10.475280008513025
104 10.229576306862832
106 10.391742374279527
108 10.292080615443375
110 10.886090740600467
112 10.473018123644263
114 10.5949331301456
116 10.495858167190427
118 10.38104463675608
120 10.139604486735493
122 9.680159951305464
124 10.062578489088276
126 10.064518300718523
128 10.50813297388893
130 10.642199490880538
132 10.052910836986486
134 10.439436030159216
136 10.13005277569252
138 10.384955426317172
140 9.697870072113862
142 9.985368553242767
144 10.57525042443317
146 9.970044097653128
148 10.297929028649937
150 10.874434295463853
152 10.860637103901087
154 10.69368751893876
156 10.371026783275054
158 10.091898329338738
160 10.46850098205724
162 10.338087463588808
164 10.599302649832177
166 10.551740909651802
168 9.896833172085005
170 11.157064494788658
172 10.517576648968626
174 10.589182112598936
176 10.348190355814246
178 9.939748557461362
180 11.12886212971933
182 9.923072506477672
184 10.390604645924496
186 9.98345060428183
188 10.465397731697761
190 9.709404686577065
192 9.926585107404305
194 10.894737841750468
196 9.915872252205544
198 10.524998911517127
200 11.145488038366066
202 10.2940071048897
204 9.829127761469062
206 10.439443325830103
208 10.60329972496415
210 10.62102883249828
212 10.34975765781398
214 10.595234253739358
216 10.35618786846215
218 10.751943354192509
220 10.482392149323553
222 10.11622338854819
224 10.370891350722326
226 10.091756472489752
228 10.597859288394563
230 10.703894948930545
232 10.78855661009718
234 10.103634977192273
236 10.100582903068167
238 9.754391847832233
240 9.98738477291097
242 10.208986156619396
244 10.349660759568915
246 10.362987893989263
248 10.274682116565634
250 10.218716955704544
252 10.500326865789196
254 10.625377729384544
256 10.549166745804607
258 10.146407907259086
260 10.215465012481593
262 10.391629061568649
264 10.49631797275322
266 10.226598265851973
268 10.24962897664915
270 10.722800292182027
272 10.016470102864004
274 10.337095732420293
276 10.608052477057477
278 10.261855062503672
280 10.4626305619212
282 10.676798248420523
284 10.7738299134881
286 10.492745681302686
288 10.747400661454407
290 10.202602908557559
292 10.11499366296433
294 10.188621957906825
296 10.170692027207608
298 10.170380003967109
300 10.674202246704631
302 10.549359320836553
304 10.006922457499575
306 10.362985852017221
308 10.737717770661336
310 10.612534742965892
312 10.075959897643354
314 10.469936816473787
316 10.741532886304904
318 10.189254297109098
320 10.210611211134431
322 9.857559026996627
324 10.27181323780758
326 10.360242534142737
328 10.358587140102395
330 10.824223350381656
332 10.809662600466952
334 10.628079790028577
336 10.344746583885058
338 10.43524611851886
340 10.203190143843653
342 10.280147938834492
344 10.468814948786465
346 10.554725102867145
348 10.486184759043343
350 10.264411774892586
352 10.190026970736065
354 10.705616250904193
356 10.404580596149954
358 10.815065616968937
360 10.188139245247482
362 10.284971255578602
364 9.971556906703787
366 9.981278463364884
368 10.631484275968793
370 9.912132983349887
372 10.242861552061356
374 10.495277728967464
376 10.244973238033127
378 10.401594605492297
380 10.53788652573334
382 10.787533323588514
384 10.750342929499258
386 10.302473343563895
388 10.898074519606128
390 10.223171444378526
392 10.698638727891188
394 10.631149580080743
396 10.661842136065848
398 10.595786094434072
400 10.509041842007772
402 10.358051463518231
404 10.674188728757372
406 10.935507575641736
408 10.515376041380213
410 10.792728018829715
412 10.355740776444229
414 10.991875289301605
416 10.671091176719592
418 10.733905809892915
420 10.661156207538319
422 10.18279711175116
424 10.675459565968184
426 10.754321009133472
428 10.200135026526375
430 10.419694519252344
432 10.487832112125828
434 11.067315336576257
436 11.020308990578148
438 9.77672670939361
440 10.331361810780939
442 10.736243960583124
444 10.603722392476623
446 9.896239421493188
448 10.353445445788452
450 10.339513716640763
452 10.582489316756298
454 10.493190353113436
456 10.789883023424652
458 11.077452650892127
460 10.599509947193207
462 10.377271084909374
464 10.070462774197177
466 10.552894721335582
468 9.883396126551336
470 10.654771817439995
472 9.731002861320633
474 10.093476978157732
476 10.31468898820422
478 10.426644409175863
480 10.236325762322672
482 9.945081547115226
484 9.631041259566707
486 9.836645725102183
488 9.881269913889044
490 10.290006068524237
492 10.098892070171505
494 9.888293469650305
496 9.947208086915213
498 9.955637226799311
500 9.443868072521449
502 9.678140952296262
504 10.301162656482319
506 9.884410782635145
508 10.049153136147737
510 9.95202742243538
512 10.101430719548791
514 9.857020489463013
516 10.173182359761686
518 10.533489732508055
520 10.394245555193187
522 9.595315645803497
524 9.705200333178743
526 9.678855005127138
528 10.063746055725778
530 10.2439696169604
532 9.577874846033081
534 9.815631830183632
536 10.17759079070441
538 10.303008671113142
540 10.251950401269498
542 10.252224657352649
544 10.230587885905058
546 9.913736569334738
548 10.320550070897527
550 10.149368830858508
552 9.974554900142753
554 10.016455512323633
556 10.550478240110612
558 10.341644246691313
560 10.167462738621921
562 10.331639802077044
564 10.173660538075092
566 10.46417029724628
568 10.351078241622714
570 10.305358294424869
572 10.64823174181078
574 10.152814616402127
576 10.532210348924343
578 10.273242080191581
580 10.493377780005416
582 9.761441654607008
584 10.162700029385148
586 10.554040324407383
588 10.271956309576039
590 10.998773852173057
592 10.03179327165117
594 10.114348668142702
596 10.885918342148264
598 10.911232900634706
600 10.48053796101381
602 10.162098504764637
604 10.208286730936939
606 10.546973217715463
608 10.053326552653687
610 10.496695471449092
612 10.747226755236492
614 10.330197184510828
616 10.665247930913972
618 10.656497999603438
620 10.382844881263878
622 10.206692076622563
624 10.428948908773839
626 9.834698730882634
628 10.302919752777512
630 10.913543769553002
632 10.068991489009534
634 9.713286223537263
636 9.609315087783546
638 10.161470124522992
640 9.7414590558174
642 9.738963263640283
644 10.220842664287144
646 10.333595222781486
648 10.030262400128679
650 10.319851158310883
652 10.265752976753541
654 10.313193655354882
656 9.983037356296627
658 10.195560053870617
660 10.454880894663228
662 10.411445458692672
664 10.047939217548837
666 10.350454639421883
668 10.419306398471692
670 10.684948410459876
672 10.203360982927508
674 10.138141094665736
676 10.070159967512708
678 10.282430991164675
680 10.530724092315946
682 10.837183302040632
684 10.377344106717953
686 10.23810746943793
688 10.540628064325169
690 9.918356354435865
692 10.781400920592933
694 10.918316016951206
696 10.297603927277782
698 10.588324065043874
700 10.712850267274412
702 11.339663552706522
704 10.778505772239061
706 9.975445022334021
708 10.456629340664339
710 10.470247675642478
712 10.645063428210765
714 10.94440781191607
716 10.338847895175773
718 10.072014272515972
720 10.621694715238261
722 10.681091053699669
724 10.774075007483043
726 10.694874731528223
728 10.770508096345567
730 10.587185288834668
732 10.526967469940958
734 10.34040738305085
736 10.511266624718035
738 10.701899713455642
740 10.49032581372595
742 10.197791345563889
744 10.63419253076156
746 10.121909741928807
748 10.66559330187459
750 10.839674358475449
752 10.461589846456796
754 10.448519984229629
756 10.518218282226698
758 10.54991219897227
760 10.616031802214634
762 10.181752790181816
764 10.754189762545888
766 10.211605359940947
768 10.384170646924712
770 10.470261942479407
772 10.59994975355294
774 10.920470875800548
776 10.322606627529701
778 10.430077010224322
780 10.174674043354186
782 10.197620113909897
784 10.649062694012645
786 10.154222352282515
788 10.490968325195627
790 10.61325878091726
792 10.34939733871899
794 10.774269585515203
796 10.503475523722328
798 10.47953152723323
800 9.906782690973424
802 10.43099555438806
804 10.475714641948983
806 10.858409638131146
808 10.675791002331197
810 10.425247112465728
812 10.188905264288069
814 10.271525327930691
816 10.381866142683084
818 10.454039248778994
820 9.985701018717588
822 10.689102185967084
824 10.577565462206838
826 9.962797378144755
828 9.993242869653065
830 9.995232303395694
832 10.28126334357639
834 10.307403207532206
836 10.42498359426713
838 10.623203830256246
840 10.754931179593816
842 10.622387771719568
844 11.383703771357103
846 10.692967392933733
848 10.3537374684435
850 10.787196074590652
852 10.050682611621149
854 10.462647585615088
856 9.967513939035237
858 10.167201673428822
860 10.473974021911769
862 9.981699014195284
864 10.409381664432162
866 10.18248043456537
868 10.632497436325611
870 10.853250128906083
872 10.80429086514533
874 10.492926767113756
876 10.009836113777506
878 10.467234011619581
880 10.540360955097535
882 11.062690900322774
884 10.141861046348469
886 9.889714206312961
888 10.330865476236983
890 10.410638019164457
892 10.53038816455916
894 10.171722313390562
896 10.55508719433317
898 10.568943881399024
900 10.46530792585579
902 10.651764970697611
904 10.77737694047344
906 10.402212810151653
908 10.364532664501539
910 10.848874737450167
912 10.4845593885173
914 10.132889363987971
916 10.742554432654678
918 10.45665154918692
920 9.863065519301767
922 10.428040348632857
924 10.229495457117245
926 10.205914829640893
928 11.033686029275096
930 10.307659271068829
932 10.369727048606723
934 10.375778163474484
936 10.839465092205037
938 10.37332196461552
940 10.653154191417945
942 10.892735437664474
944 10.562853249110114
946 10.368657554617744
948 10.683456535341916
950 10.805087659798968
952 10.15489258627437
954 10.379267814554368
956 10.198332661806882
958 10.254560983863318
960 10.36734382624375
962 10.364295036755337
964 10.613393248513724
966 10.700791273006647
968 9.981786685244122
970 10.13480457360843
972 10.404546634709165
974 10.500456063965725
976 10.384509440611593
978 10.362093335613045
980 10.917208385308607
982 10.80429086514533
984 10.547708870975883
986 11.095447293690318
988 10.278029599291859
990 9.86619046298239
992 10.70279695095037
994 10.471183336311636
996 10.677947584246056
998 10.28982575175751
1000 11.053805916980176
1002 10.24238878163457
1004 10.619287322248894
1006 10.655769859510107
1008 10.598333950756691
1010 10.380599355575583
1012 10.901031442821276
1014 10.372336943795515
1016 10.306836807342618
1018 10.690655927101998
1020 10.482372176202862
1022 10.062313354127312
1024 10.135052956218994
1026 9.916469771521884
1028 10.432275218540758
1030 10.20876300817324
1032 10.24587566902601
1034 9.737967756563297
1036 10.855361384524855
1038 10.022998005577461
1040 10.135580728208689
1042 10.163644614538274
1044 9.980188759222967
1046 10.394695044628055
1048 10.718184588142385
1050 11.006656724396018
1052 10.573421818419432
1054 10.270398585118283
1056 10.280526965994522
1058 10.395742175391435
1060 10.398877131663928
1062 10.815262982704201
1064 10.563884428449732
1066 10.138350284765131
1068 10.409482584911462
1070 10.995468144394318
1072 10.526786439621219
1074 10.611996335141445
1076 10.278605228907093
1078 10.39329548801262
1080 10.40373173769241
1082 10.58069335338856
1084 10.160582772612903
1086 10.864080382891334
1088 10.797806443859386
1090 10.577543636804574
1092 10.305186557702008
1094 10.502933309580255
1096 10.855014250337014
1098 10.777181698448452
1100 9.487173355456056
1102 10.257259342533597
1104 9.379454526353179
1106 10.172760573130986
1108 10.124787889007235
1110 10.015568004852623
1112 10.247923686308884
1114 9.61537821168297
1116 9.855971290575347
1118 10.52586514735125
1120 10.262340354579894
1122 10.1471091288364
1124 10.170816213439362
1126 9.883093006458976
1128 9.947293313396289
1130 10.039752896374372
1132 9.787774975497364
1134 10.082124387223233
1136 10.273682264492878
1138 9.562413721272664
1140 10.49619362014066
1142 11.154148626664698
1144 11.027685325171303
1146 10.1762175939656
1148 10.633775668743825
1150 10.086391769551561
1152 10.59657487773431
1154 9.970901189880317
1156 10.781088349531755
1158 10.106701001316392
1160 10.157983276381026
1162 10.448994743952646
1164 10.158786633046223
1166 9.904703902977356
1168 10.11054718800855
1170 9.831179257013911
1172 10.141992461248421
1174 9.883850745243945
1176 10.422719914421123
1178 10.126317183807297
1180 9.858683277602744
1182 10.025887979580581
1184 9.445978808438468
1186 9.382901853503618
1188 10.081101822354453
1190 9.926491169639657
1192 10.471751831464507
1194 10.080122023555662
1196 10.186957680638033
1198 9.95687786085201
1200 10.289825726844887
1202 10.060199578128962
1204 10.138295981883198
1206 10.48125992256103
1208 10.83877125958696
1210 10.092852418132845
1212 10.430465033781577
1214 10.334590234410486
1216 10.490037626157944
1218 9.860877910785742
1220 10.242703013404476
1222 10.593286590218387
1224 10.516392650523102
1226 10.001404937014884
1228 10.654738525592075
1230 10.27012197390772
1232 10.309509327531897
1234 10.0885157151472
1236 10.165304912268834
1238 9.827861155044335
1240 10.582492714422719
1242 9.963018345156721
1244 9.797808125200255
1246 10.29505155249904
1248 9.385265574938092
1250 9.757666721665357
1252 9.962701512922658
1254 10.23587280562349
1256 9.591205831223451
1258 10.063405421040178
1260 10.369417257390307
1262 10.060236293528366
1264 10.004547934321094
1266 10.047429003671377
1268 9.893656906878542
1270 9.887332727998585
1272 9.973102879982964
1274 10.431055945895997
1276 9.883164790846456
1278 9.62081425224979
1280 10.037178270861524
1282 10.042153246256918
1284 10.533454331472479
1286 10.64309633792026
1288 10.733713269667936
1290 10.181069562444042
1292 10.503495793451949
1294 10.374636226594053
1296 10.122891758531054
1298 10.301076437098425
1300 9.829620047412828
1302 10.093887259008238
1304 9.71855212853567
1306 10.236062284883511
1308 9.888280858050594
1310 9.91641289674789
1312 10.077410639958027
1314 10.261126154915194
1316 9.74111289714174
1318 10.084386373754972
1320 10.301151776553876
1322 10.2456339387669
1324 9.79529574062887
1326 10.18158015730325
1328 10.516208795349193
1330 9.696465172312312
1332 10.02138255648989
1334 10.03308871281793
1336 9.931290778624135
1338 10.547731899366543
1340 9.6815755933275
1342 9.251976528661977
1344 10.074790039601274
1346 9.760216288595272
1348 9.96210003479622
1350 10.53042608632655
1352 10.453867461255657
1354 9.603589912262246
1356 9.918817046607153
1358 10.362089985540273
1360 10.330972919274954
1362 9.971831292997196
1364 10.33573380285302
1366 10.28006488557231
1368 10.550493516708357
1370 10.308876638847828
1372 10.4475042343437
1374 10.59929731767821
1376 9.825178434892852
1378 9.89966445600878
1380 9.862435601744808
1382 10.458479162346675
1384 10.462441638275422
1386 10.306774460239616
1388 9.597231385277563
1390 10.27596646005878
1392 9.976473757376382
1394 10.500506335012279
1396 10.100984796234467
1398 10.675633044020987
1400 10.686816361827537
1402 10.458205731112445
1404 10.196002617478738
1406 10.818720751325648
1408 10.261488386026917
1410 10.257119663151267
1412 10.533574201641512
1414 10.436654729878217
1416 10.354713293924249
1418 10.28572876777411
1420 10.415358251745927
1422 10.645024914012712
1424 10.634418868888005
1426 10.580496185726933
1428 10.452652511160219
1430 10.331000609040109
1432 10.192271300188802
1434 10.433700629777421
1436 10.32475101050761
1438 10.717450763438602
1440 10.785247194361567
1442 10.546573514790625
1444 10.861609991174502
1446 10.93203548984639
1448 10.53817188181719
1450 10.472268270452854
1452 10.338865395726346
1454 10.682058818840575
1456 10.273702331425794
1458 10.822558595289934
1460 10.365348685363672
1462 9.88140883744954
1464 10.394374288321046
1466 11.014128373510365
1468 11.368745253820476
1470 10.909787325655962
1472 10.363731836819367
1474 10.62422290960327
1476 10.29819718340453
1478 10.728479290631174
1480 10.201537491056438
1482 10.090891699051364
1484 10.352052626958365
1486 10.793241690927635
1488 10.632456115015827
1490 10.537560569004262
1492 10.550156225126782
1494 10.524527284714026
1496 10.958104323012403
1498 10.936637479942807
1500 10.521105723562538
1502 10.963873652037783
1504 10.917078017251912
1506 10.652916009852861
1508 10.41582234081762
1510 10.745576868419715
1512 10.502828126472536
1514 10.473765878890783
1516 10.552399632338984
1518 9.830580519402524
1520 10.170726469457978
1522 10.281949824209395
1524 10.386438395581953
1526 10.682570140064643
1528 10.262407330226168
1530 10.19421098021634
1532 9.97825106125519
1534 10.256557044270597
1536 9.900582608432403
1538 10.44702080520226
1540 10.176214823717183
1542 10.061793784965865
1544 10.01793703508888
1546 10.752169855758543
1548 10.289000530438054
1550 10.025078760009224
1552 10.331826470681223
1554 10.39293453274528
1556 10.233820154037605
1558 10.248459310420555
1560 10.313710826763964
1562 9.82932336506241
1564 10.933237821333716
1566 11.153692202847843
1568 10.493415569128235
1570 9.784116118309226
1572 10.448344058018202
1574 10.353597545837713
1576 10.31991023002604
1578 9.81836298767871
1580 9.664908137391192
1582 9.880098479858706
1584 10.080971331044122
1586 10.490992014684794
1588 9.963412004530122
1590 10.147161471034076
1592 10.604247711420301
1594 9.960250077690747
1596 9.885205923743843
1598 10.210880463511387
1600 9.946604964072865
1602 9.571743019370285
1604 10.022915462832168
1606 11.037353868013446
1608 10.207632792682045
1610 10.27392971046471
1612 9.93198446799303
1614 10.375449963774164
1616 10.15485264125177
1618 10.254691723490216
1620 9.471574418576665
1622 9.830045056946508
1624 9.558815557297368
1626 10.285573834635358
1628 10.395272213820846
1630 10.015375267157944
1632 10.57871223559583
1634 10.27446276371898
1636 9.91033160966573
1638 10.371248605249697
1640 10.301697294074827
1642 11.209287429200627
1644 10.514045038544946
1646 10.399089435185347
1648 10.044116413300777
1650 10.190890480793403
1652 10.020607391803141
1654 10.148206137302497
1656 10.054016495860381
1658 10.241687124865237
1660 10.026748419830065
1662 10.308911516989303
1664 10.429022391744345
1666 10.40437193750351
1668 9.820644292582509
1670 9.933006042451447
1672 10.248505784110138
1674 9.85889455576136
1676 10.220890886033267
1678 10.67541397900175
1680 10.14255495270445
1682 10.137134602502329
1684 10.259296788737728
1686 10.689345375622425
1688 9.538298166297997
1690 10.277051890039061
1692 9.727212335852048
1694 10.032331849096524
1696 9.423836302136051
1698 10.40289408895628
1700 10.585179781175263
1702 10.344690899074322
1704 10.781129088997407
1706 9.98234814710874
1708 10.290855913369528
1710 10.248693544673054
1712 9.720191927615902
1714 9.889639031562398
1716 9.684530445508395
1718 10.170010951516483
1720 9.968875409430341
1722 9.808169541993808
1724 10.045983356444008
1726 9.827100825392247
1728 10.198235808750812
1730 9.920308690345609
1732 10.322523477151213
1734 10.606129909758534
1736 9.66715739935235
1738 10.650335022435716
1740 10.741661063950463
1742 10.057603004605577
1744 10.144209865675828
1746 9.960900307532139
1748 10.075088278867899
1750 10.163904254810195
1752 10.484549058669302
1754 10.067241497715573
1756 10.309052724900605
1758 9.98334981166108
1760 10.120509007137729
1762 10.239823061193484
1764 10.32796252059137
1766 9.911349088453964
1768 9.42274351109748
1770 9.73012421892619
1772 10.686309398919878
1774 10.093333459993232
1776 9.930174246159908
1778 10.146747527267376
1780 10.821871168764586
1782 10.425083116966237
1784 10.501145605463357
1786 10.057460858534307
1788 10.431211884153274
1790 10.542908589818573
1792 10.032428887176156
1794 10.613993819532425
1796 10.848934467928398
1798 10.565817932158598
1800 10.166404249901548
1802 10.586505254897311
1804 10.128734344016165
1806 10.597032386666786
1808 9.983658001328353
1810 10.35609628780778
1812 9.863448363690736
1814 10.20184786854372
1816 10.370236690105294
1818 10.46882228753245
1820 10.076338713734977
1822 10.643852158957806
1824 9.860614273408387
1826 10.450411252048461
1828 9.918050397213806
1830 10.211963035187773
1832 10.866978567816851
1834 10.739502432894346
1836 10.878849532228436
1838 10.595892650671543
1840 10.684278445267118
1842 9.860986837716794
1844 10.31214866027553
1846 10.678647990857755
1848 10.65384125200242
1850 10.023031060607861
1852 10.280037706359769
1854 10.706560139617398
1856 10.676837610104805
1858 10.962029859426654
1860 10.771541291216847
1862 10.730958589682036
1864 10.368017038039765
1866 9.790103056914324
1868 10.772081609407046
1870 9.98494614955068
1872 10.615451533830134
1874 9.986847387121452
1876 10.914773764684071
1878 10.438873013294963
1880 10.661112519239381
1882 10.803505402676928
1884 10.417801102421917
1886 10.453759851448917
1888 9.995152070424167
1890 10.66858538130148
1892 10.53264668327912
1894 10.192394595318348
1896 10.517350593816909
1898 10.66055479284861
1900 10.419184072990525
1902 10.681367142863529
1904 10.478270414768838
1906 10.261557498378243
1908 10.547774912419733
1910 10.573231019162558
1912 10.422037178100751
1914 10.430169825867837
1916 10.254401430903235
1918 10.344415782955691
1920 10.453980044615685
1922 9.69416419720944
1924 10.370191965857128
1926 10.349445946651402
1928 10.40762260590431
1930 10.565775872486398
1932 10.40816362261781
1934 10.340027589454726
1936 10.745511832210404
1938 10.642534795293946
1940 10.011883319589094
1942 10.071574251833908
1944 10.586048951216076
1946 10.538326821472525
1948 10.527554382170395
1950 10.195472215586346
1952 10.073522554041311
1954 10.087254832641282
1956 9.95450465872345
1958 10.72695767435095
1960 10.331894994376528
1962 10.57273339967228
1964 10.6917324826943
1966 10.406409018352985
1968 10.308986653832166
1970 10.54856941018985
1972 9.775503302298944
1974 9.942110899022483
1976 9.984492382735072
1978 10.534997512535263
1980 10.032890290107993
1982 10.480102723761709
1984 10.373200268357913
1986 10.300197248331688
1988 9.955721584132744
1990 10.314950603125496
1992 9.537430466386402
1994 9.969378187252499
1996 9.964206422559812
1998 10.140988692140683
2000 10.73868568291996
