0 5.921631878358767
2 4.757899454001766
4 7.243436904686461
6 6.913721244227877
8 5.698926709769911
10 3.9800863875877583
12 5.873154876691658
14 5.13997993347357
16 6.093619421928368
18 4.2684680533168216
20 3.7305008841942584
22 4.133676689983666
24 4.637465254910858
26 4.524223135171082
28 4.40403308176219
30 4.681513531471545
32 4.120621127742951
34 4.166687083657829
36 4.490153852868729
38 4.163949165907932
40 4.218876082464951
42 4.560889045985493
44 4.221974290545059
46 4.3287951784746195
48 4.533236049140549
50 4.486224059389812
52 4.464863956171668
54 4.364935062803301
56 4.204697122271312
58 4.343850135861743
60 4.4495072911134415
62 4.502190596370672
64 4.143390940858181
66 4.554501386502593
68 4.167153488251941
70 4.1838870524103
72 4.1575568632401065
74 4.470225246140053
76 4.143009683292924
78 4.144408244376737
80 4.41520871871334
82 4.291689654264835
84 4.0555866359965345
86 4.39877206626372
88 4.359318850447385
90 4.155147511501169
92 4.3956412466288395
94 3.8877462806370247
96 4.034784568133953
98 4.418123343273793
100 4.379863742469029
102 4.2659746236678835
104 4.352258312305469
106 4.530184074525189
108 4.707251980044205
110 4.390004029851307
112 4.32057313050631
114 4.366340400296931
116 4.397795390886371
118 4.339979412894656
120 4.606397533109884
122 4.3482127198948
124 4.532249246976016
126 4.109078331515562
128 3.982389788833953
130 4.306690965560513
132 4.65724506985541
134 4.222840297233576
136 4.514480861083523
138 4.210308736684742
140 4.65804396283445
142 4.606193124519049
144 4.4310138153738645
146 4.0942275238876755
148 4.964813971442183
150 4.482352542366962
152 4.691632934847968
154 4.286935119256765
156 4.564146430781424
158 4.418214029446736
160 4.8619057941390045
162 4.2143208484470165
164 4.527127272518754
166 4.453413685819613
168 4.290675567930799
170 4.3304080973514205
172 4.0949727256170965
174 4.119277790810696
176 4.318386218689557
178 4.029418390694393
180 4.520319422010558
182 7.640898789670294
184 5.941996443504873
186 4.120934024601142
188 4.5866725687256125
190 4.218033151632129
192 4.399344202589349
194 3.892596268934579
196 3.9597726136258644
198 4.139340812440753
200 5.041959294248257
202 4.28306186070198
204 4.737654695991866
206 4.537417416504894
208 4.310595099843663
210 4.819712249911369
212 4.510579197268776
214 4.90564030348786
216 7.2603266484379265
218 9.475371926932029
220 8.804765497452422
222 10.261947330736524
224 8.415432379278501
226 10.10912958807667
228 9.800832401348025
230 10.119477515022917
232 10.3665067893054
234 10.656365159579902
236 10.78380399012229
238 10.492214100860728
240 10.817252852053821
242 10.846912521769058
244 9.187929443621137
246 8.083826287639976
248 10.422316522372883
250 10.476414671429039
252 9.475979557508568
254 10.150332537536242
256 11.274838996230017
258 11.944224185526963
260 10.51272070922776
262 11.36567225994187
264 9.654454825926123
266 11.12489772285214
268 10.881479801352258
270 6.600056666741162
272 9.787346829714894
274 11.03668166338251
276 10.617952514954531
278 10.501746562765183
280 10.341291249149688
282 10.858478423112079
284 9.024955488021787
286 9.918280391853688
288 10.69899017332341
290 10.7853239073317
292 11.47367397304358
294 12.528441763007924
296 12.197968734992651
298 10.213913200327136
300 8.881086571003074
302 5.999377943218472
304 9.037155939543448
306 6.98873672443691
308 10.126033530452622
310 10.069207044518174
312 8.341852519899499
314 6.796879497126141
316 6.862575848826785
318 10.080346995848192
320 11.779840186808327
322 11.252003994692055
324 9.363086386557404
326 10.777301272743966
328 7.815277414121618
330 7.732713756452333
332 6.139788041324981
334 8.120211539872455
336 7.729724271923577
338 7.651993013952078
340 9.194033874574407
342 6.5066485702404435
344 5.473025661722606
346 6.967068949258518
348 8.877886701115052
350 8.24111789601718
352 8.358251784949625
354 6.872224463713486
356 9.023803484529669
358 9.497349444246042
360 9.27560289719616
362 5.675965533567139
364 7.776707466680951
366 7.569001979576902
368 7.071086838426512
370 7.083109127073436
372 6.52829043899829
374 6.700367965849414
376 8.884451026423836
378 8.433211999606097
380 8.997498647865687
382 9.383315591837944
384 9.319338196109312
386 9.192834342748062
388 9.2695520153265
390 9.926983932420999
392 9.177711643741182
394 11.236520510478702
396 9.567270101074953
398 11.981199138790455
400 10.998072844769169
402 10.677204983761722
404 8.007736383213917
406 8.06173676779239
408 5.943520527258775
410 4.361807833014533
412 4.251176271907171
414 4.129279835429998
416 4.323542975935584
418 4.401026746433625
420 3.9168500003443887
422 4.854992401403282
424 4.616127197222055
426 4.84554830781654
428 4.204397264035062
430 4.489849233162183
432 4.557609575372581
434 4.571937497239159
436 4.5036255983706655
438 4.192667353099498
440 4.331353553141672
442 4.313663691075881
444 4.38817408308807
446 4.273935100144814
448 4.326736504498417
450 4.104677235494219
452 4.5795212681229405
454 5.210557451941393
456 4.080216549390845
458 4.348270633748503
460 4.77462550268184
462 4.233635886328825
464 4.061037537245954
466 4.089633321973264
468 4.106546986525827
470 4.226686849416194
472 4.498147748759685
474 4.519081070924557
476 4.347489394827923
478 4.496907100902462
480 4.374889116554795
482 4.425706109388785
484 4.262495638408223
486 4.294218788738955
488 4.3262139801165915
490 4.295265741269074
492 4.233420089160118
494 4.574209622509521
496 4.523152094569798
498 4.106867234757321
500 4.157232717616622
502 4.448389202944744
504 4.881002855921767
506 5.095881443923181
508 5.4741005212527325
510 4.805446353953375
512 4.645410651547857
514 4.9326121410057375
516 5.599862756413616
518 6.276474460950397
520 6.257981419385604
522 5.971805807262068
524 8.044990100464073
526 6.243918007550661
528 4.838150671127037
530 5.334221855129833
532 4.482531286120891
534 6.007174907244742
536 6.4233993334228305
538 4.409456168138204
540 4.788788791820043
542 4.595797251891217
544 4.372977735403164
546 4.290584933370266
548 6.170812210219984
550 4.254705001343899
552 4.6693709191170765
554 3.963660621275892
556 3.992049013014886
558 4.302242147287859
560 4.291106231264515
562 4.202689311469466
564 4.44837140403254
566 4.657177945367463
568 4.482688892850887
570 4.226688789854457
572 4.020623125588742
574 4.504065372503797
576 4.50241793663371
578 7.196237245902424
580 4.586651538854526
582 4.195962546387859
584 4.322680409666191
586 4.709717091613795
588 6.532510960157807
590 7.75981360575432
592 5.920693930087859
594 6.689199739272482
596 5.79035495652081
598 8.526279247073989
600 6.8599698418048325
602 9.303253419707815
604 8.22608537927522
606 8.059571131239593
608 7.6957450782605425
610 9.525488776215719
612 6.1687401151439385
614 7.52739081175357
616 6.581833549055056
618 7.486634521600276
620 7.2873067130236135
622 7.88594666656577
624 8.829047259628021
626 8.171192178393042
628 7.8210083975304885
630 8.261286903792227
632 7.786611598403232
634 7.248762758539576
636 7.483147380240975
638 7.926796860374448
640 7.731042487162142
642 7.841593779868909
644 7.02858087099498
646 6.253205252816492
648 6.252228662216578
650 7.3762738091552285
652 7.139624021449082
654 7.548868228996784
656 7.558096674554913
658 6.593513308474901
660 6.827960573501339
662 7.209947377092495
664 7.798675977573616
666 7.942274759215571
668 7.895248645353551
670 6.912066584269482
672 7.948589460273216
674 7.460231258502983
676 7.907073578345299
678 8.17399065400246
680 7.4894230594677165
682 8.18385031575508
684 8.15247940599139
686 7.853791231797789
688 7.016691481354067
690 7.811583283720817
692 7.55132847538574
694 7.691789406483114
696 6.974401130593115
698 7.5687465235725995
700 7.667347634878363
702 8.342021232313366
704 7.8652745494233605
706 7.705672028957414
708 8.313423866733343
710 7.181928383972821
712 8.517977645201913
714 8.812062579183529
716 9.320734483651334
718 7.508321461029188
720 8.397958060808833
722 8.977816874802441
724 7.800110086300199
726 7.448308149524845
728 7.655448840616468
730 8.741372314893546
732 10.503803539529404
734 7.883779319468576
736 9.226423745062462
738 8.137095223903215
740 7.21036417810261
742 9.383148548248812
744 8.873457666452566
746 7.744349062258072
748 9.035777464935498
750 7.3017535660415
752 7.561826397317701
754 7.532234829686934
756 7.51899443010785
758 7.2006991432752825
760 7.088253671556001
762 8.85129629057692
764 6.0767146650686135
766 5.931193094900079
768 4.330061107322934
770 7.48773162473636
772 6.179005209849547
774 4.201311704076832
776 4.245009081577242
778 5.8714261881960725
780 6.82810595700658
782 4.3819802281940525
784 4.97724306633138
786 4.304382012612623
788 4.703050381275613
790 4.845480128904666
792 5.304265623759058
794 4.254247630361195
796 4.228482040865268
798 4.172050108250394
800 4.281366181569061
802 4.52173775174645
804 4.005096833660229
806 5.016427341642172
808 4.90483188011294
810 5.294237863881357
812 7.621089269125568
814 6.767011170788086
816 6.1773417035069835
818 6.771298436300393
820 6.175480510845965
822 6.454755190252065
824 6.983717450613375
826 7.0381316575514195
828 7.051079708457121
830 4.261825668924176
832 4.922792394361437
834 4.469322391515886
836 5.4968441585286305
838 5.096397647849522
840 4.308148574582373
842 6.491013134611864
844 6.970766617428262
846 4.533464609341346
848 5.1575429756148425
850 6.663399283290846
852 6.168333587908478
854 5.875573642208597
856 6.03966926022889
858 5.5238168752894605
860 5.7794654733695205
862 6.854107633759202
864 7.446386779997014
866 5.796607693946993
868 6.69081278564273
870 6.729307396721372
872 6.420170458852013
874 6.109553842944693
876 5.495358538747932
878 5.856090059915825
880 6.489882098101091
882 4.867891545313509
884 5.989062588663658
886 5.683855706757206
888 5.969188691549517
890 6.1160788945988775
892 5.833950988042152
894 5.254808395769303
896 4.653716350705037
898 4.547502709852165
900 4.834732361328396
902 4.965822246960458
904 4.743355163468572
906 4.423601211417737
908 4.764760971243036
910 4.606636062906662
912 4.405063168510445
914 4.884844840801426
916 7.444146650509239
918 7.027582950009063
920 4.112629891152107
922 4.046094235739559
924 4.278809956331144
926 4.2003095629075995
928 4.239349662648734
930 4.258424095625816
932 4.0355556940186155
934 4.073339925749862
936 4.252344904730397
938 4.241892743777791
940 4.009599708890368
942 4.242747462470305
944 3.823540279139203
946 3.951671883529314
948 4.370476989207927
950 4.196593546415838
952 4.203530509455746
954 4.7222714205593395
956 4.260837140281852
958 4.49863149018242
960 4.320661184795651
962 4.310243452595464
964 4.278765619129455
966 4.089032904124759
968 4.44077607254553
970 4.465385040060594
972 4.417166019036005
974 4.299701917393161
976 5.053664146070813
978 4.278513957370497
980 4.388167204380376
982 4.543751191828139
984 4.394466333202857
986 4.309316085052669
988 4.661504897058148
990 4.700393330451225
992 4.741402963577346
994 4.56762319848801
996 4.600055183413836
998 4.686550047304246
1000 6.045528364167046
1002 5.9663871366134265
1004 5.683501456779872
1006 7.408046501361108
1008 9.745267341748054
1010 8.468377706735085
1012 9.073049296084687
1014 8.344831273390033
1016 7.386720516592139
1018 6.630566932530848
1020 8.387033514533163
1022 6.575486463997627
1024 7.718509651776388
1026 8.313636338206067
1028 8.247537321833725
1030 8.073746660690585
1032 7.59846210721274
1034 8.514730989304676
1036 8.10626051253995
1038 7.920435702353149
1040 8.890451136193045
1042 7.791126608330787
1044 8.167221958562664
1046 7.696143797107183
1048 7.701030917428472
1050 8.530183980016504
1052 8.440863622082599
1054 7.992777959046257
1056 8.116008014794183
1058 7.008375871833388
1060 5.672975204566231
1062 6.812051557151247
1064 7.931462430667345
1066 5.410735338765401
1068 6.7238161777158565
1070 6.695110778120748
1072 7.1142735158765635
1074 7.811484011283595
1076 8.679751137537009
1078 8.255992885611207
1080 8.41514280111025
1082 8.096106694745464
1084 7.635405629194865
1086 9.31215916509775
1088 8.534285081399934
1090 7.935857849095651
1092 8.885654459452777
1094 7.436191169636033
1096 7.413663297469314
1098 6.329306851445273
1100 7.109692523608636
1102 7.706582433555343
1104 6.812720109160361
1106 8.026737587363458
1108 7.633852368073763
1110 8.036913485240278
1112 6.718364711884241
1114 8.456998491206578
1116 7.298657610652562
1118 7.947173719977637
1120 7.324483493550132
1122 9.163526604122625
1124 7.976873446361438
1126 8.665766748314072
1128 7.501102867318336
1130 6.649706067236471
1132 7.659733897237188
1134 7.605922058108878
1136 7.463735156519723
1138 7.35264147526878
1140 6.5694143578405635
1142 7.083992054596025
1144 6.702039934396191
1146 7.881414582566339
1148 4.682792499496671
1150 6.449158218695704
1152 5.6872701495751095
1154 5.938417727185099
1156 6.211799660094782
1158 6.048633470290744
1160 4.8914016272123755
1162 6.207365975872382
1164 6.296218698351304
1166 5.39990877993348
1168 4.5941063172304935
1170 5.63129490029124
1172 5.892173195730359
1174 5.18772968036066
1176 6.005707580657508
1178 4.351068010785699
1180 6.399924499545292
1182 6.896960043161387
1184 6.811471866854458
1186 7.215326667101237
1188 6.57332976897849
1190 5.893703637437407
1192 6.682953229237896
1194 5.582740728625893
1196 5.45936233094795
1198 5.790254993265103
1200 4.743681405321264
1202 5.193466827938227
1204 6.751813521169273
1206 5.291291303612819
1208 4.92441893675713
1210 4.545359077330785
1212 5.086711182278482
1214 4.489707065886697
1216 4.476358711144282
1218 4.4478763448984795
1220 5.98916216358062
1222 6.939118825949991
1224 5.767115817595098
1226 5.316194726520087
1228 5.606572186693825
1230 7.551720463850495
1232 6.762644900648774
1234 5.910145699761634
1236 7.4023817809093275
1238 7.286551458857108
1240 7.898290710576502
1242 8.535677519842496
1244 8.391176526190904
1246 8.777088924942051
1248 9.088030920838051
1250 6.9244123464348135
1252 7.858934015883938
1254 8.145553467779184
1256 8.049372220601537
1258 8.559895563647775
1260 7.849422001458405
1262 8.748498747996685
1264 8.31815263999737
1266 6.660895899179488
1268 7.151656509048768
1270 6.24967730808565
1272 7.8631382714153615
1274 6.30658892292845
1276 6.426931526512794
1278 7.250009673857902
1280 7.51363317875774
1282 7.031460575843052
1284 6.677951648771329
1286 8.131593155399798
1288 5.629000596129881
1290 6.579017559325011
1292 6.065261222838038
1294 5.822001425992778
1296 6.579341553563068
1298 7.430481178448884
1300 8.065005108904582
1302 7.849541123897017
1304 7.147379440151836
1306 8.220733777644842
1308 7.189498203900298
1310 7.045972774752723
1312 5.922441506957189
1314 6.643445242812222
1316 6.144110620142008
1318 8.063078307150967
1320 7.000323345892167
1322 7.590261049873738
1324 6.3343439050632115
1326 7.827423218139336
1328 6.965030930694289
1330 6.932089933313675
1332 7.533290417081481
1334 6.581945553045384
1336 6.75248595670344
1338 6.0502011839203
1340 6.591903805156833
1342 6.822997972565942
1344 6.7787989864215685
1346 6.716318963810525
1348 7.23908051021815
1350 8.321029158729461
1352 6.433625567954861
1354 7.051980902966804
1356 6.448293477314007
1358 6.625332587190631
1360 6.367928364682349
1362 7.960388012925107
1364 7.940836740985221
1366 7.237655355259355
1368 7.437089296744175
1370 8.240229040316342
1372 8.157426550422938
1374 7.081534697587638
1376 7.3626664025491335
1378 8.007966579700899
1380 6.218515956263986
1382 6.868489382604684
1384 7.0265291382713295
1386 7.240199634900352
1388 7.715994808715431
1390 6.611550779120391
1392 8.176669015722446
1394 7.023987514096656
1396 7.508753751319981
1398 8.466143806273745
1400 7.74276851022333
1402 7.367183544666038
1404 7.504863862716891
1406 7.193742060229384
1408 7.297056668688314
1410 7.459026735447362
1412 6.468165971334822
1414 7.956369234091402
1416 8.161658345741564
1418 7.339579217476105
1420 7.136363878355671
1422 7.2506538759262
1424 6.910456353455231
1426 7.763064693633532
1428 7.362872779625569
1430 7.961140129063076
1432 7.257508066392709
1434 7.9461852561953
1436 7.736392491372995
1438 8.056947618773057
1440 7.406810407832489
1442 8.145978989285494
1444 8.124498325862932
1446 7.095878332310343
1448 7.2227088067251275
1450 7.955268090205442
1452 6.772841387228011
1454 7.621289708088991
1456 8.157093939067845
1458 7.5147091998297215
1460 8.050905036425052
1462 7.531572570739887
1464 7.935321824126354
1466 7.639568188049209
1468 7.36549314217126
1470 7.87658441828792
1472 6.834657971770624
1474 6.079041130850398
1476 5.823885460054373
1478 7.067211731150964
1480 7.395659173428292
1482 7.262474523819003
1484 7.720336326432966
1486 6.581517922773344
1488 6.844054110416911
1490 6.9832358883032235
1492 7.131758148097947
1494 5.85430406301314
1496 6.392535127462578
1498 7.1178325384362235
1500 7.502011619671077
1502 7.480469977563783
1504 6.007045328029669
1506 7.747286750591679
1508 7.851308130019348
1510 7.899190679889717
1512 7.033266878272978
1514 7.434713351302567
1516 6.457727201796582
1518 8.039310491802015
1520 6.610666434310825
1522 7.920660763930388
1524 6.584997709676539
1526 7.290219950978833
1528 7.377498149298561
1530 7.601975602216292
1532 7.502461552433836
1534 7.913052411169772
1536 7.703887817203169
1538 9.409122189028658
1540 8.217673204336855
1542 8.093071684069871
1544 7.587431031977268
1546 7.608643981387278
1548 6.916863863544195
1550 7.792704904095419
1552 7.378623820863505
1554 7.467082050944305
1556 8.079019925004234
1558 8.172744470805604
1560 7.342852342499898
1562 7.695155738410681
1564 7.570022437442957
1566 6.793415620187414
1568 8.45807696515661
1570 8.171881175310961
1572 7.95862405320072
1574 8.422714026870157
1576 8.353424768624663
1578 7.644225179903931
1580 6.3680898593727235
1582 6.5264232370083395
1584 8.53235523619055
1586 6.489627178283012
1588 8.037208328682254
1590 6.402547491900057
1592 6.92197436044519
1594 6.73637832007762
1596 6.315475460955872
1598 9.067160437586123
1600 7.39493665047878
1602 8.524476029121475
1604 7.695104944857834
1606 6.619744647310973
1608 6.344782303975137
1610 8.469040174991493
1612 7.841896577831598
1614 7.287166465290515
1616 6.8355436989271565
1618 4.449683430248231
1620 4.620821671513052
1622 4.741711491504485
1624 4.709944314486939
1626 4.823463972148487
1628 4.31289141042757
1630 4.411986995455102
1632 4.522540442961875
1634 4.77881204823591
1636 4.583426230268627
1638 4.558021662707679
1640 5.04484484128848
1642 4.755239134673144
1644 5.463425806711087
1646 6.022628188175192
1648 6.0980428969478275
1650 4.731636283717842
1652 5.481104362756128
1654 5.008013327814399
1656 5.017859263120843
1658 4.368343103761391
1660 6.020907713938491
1662 5.678242245412903
1664 6.108591856075697
1666 5.884416735328541
1668 4.588683137838907
1670 4.776727309093575
1672 4.467236868912178
1674 4.324040137176958
1676 5.855127765885893
1678 5.944771932298801
1680 4.489125146412484
1682 4.249730023602068
1684 4.541407378268785
1686 4.698515240171038
1688 4.258164492334509
1690 4.247698588460489
1692 4.300011987721374
1694 4.589413365466533
1696 4.540854536137522
1698 6.447687685470078
1700 6.738251184267066
1702 5.739657276038387
1704 6.004744791904728
1706 7.000821898690102
1708 7.1239473103596005
1710 6.6590194686020965
1712 6.510801152449874
1714 4.830282703295002
1716 4.981140212402063
1718 4.605416630923739
1720 4.7420813997299245
1722 4.631459632651559
1724 4.760141792433994
1726 4.364272565324858
1728 4.597776344879794
1730 4.177887275143526
1732 5.263077192755717
1734 4.532297290746391
1736 4.838022470580169
1738 4.425681065112481
1740 4.555327378200969
1742 4.675957557246405
1744 4.4818053300114205
1746 4.751676956506053
1748 4.567343183408338
1750 4.289956625351688
1752 4.91585120652763
1754 4.589348068980218
1756 4.589266427458455
1758 4.842515575768671
1760 4.561631820227849
1762 4.619901643510997
1764 4.52047380175444
1766 4.1538084225258975
1768 4.3391365212010315
1770 4.447754539856032
1772 4.390427313253574
1774 4.887069577998876
1776 4.3958790759540385
1778 5.039414224038301
1780 4.792092370031123
1782 6.046462174771524
1784 4.600588388711896
1786 4.714926829095064
1788 4.81252867155241
1790 4.605758325223834
1792 4.073951191929728
1794 4.270105682423284
1796 4.182017722958143
1798 4.048640743149798
1800 4.452050259566229
1802 4.194107303326542
1804 4.385898616164822
1806 4.673219018829235
1808 4.591746384905926
1810 4.840535367253649
1812 4.579813951274895
1814 4.64543260020962
1816 4.274332868668479
1818 4.545106896890505
1820 5.731226187063353
1822 4.674511797710495
1824 4.650357757592562
1826 4.527481205457068
1828 4.331065014271267
1830 4.343098201013562
1832 4.312214616354107
1834 4.474172155093522
1836 4.85138010458423
1838 5.056887601112378
1840 4.569350584208115
1842 4.462175260640846
1844 4.654072451525024
1846 4.3217238476559245
1848 4.340332942445267
1850 4.5391786587012275
1852 5.884902393242681
1854 4.669316211787442
1856 4.3809180355893345
1858 4.425349070774668
1860 4.676463758146992
1862 4.243511971680664
1864 5.114552391956158
1866 4.257102463018291
1868 4.243512079551766
1870 4.477678427664517
1872 4.288516416671367
1874 5.788195185326621
1876 5.951161156976826
1878 5.722948483904464
1880 6.2978781274919795
1882 4.656193104074969
1884 4.523928010701198
1886 6.167608118367349
1888 6.632815374248423
1890 4.778164898401759
1892 6.1754905875341715
1894 6.890664674899024
1896 4.776975281876275
1898 5.057910381574725
1900 4.9610127676479125
1902 4.568200813574167
1904 4.734856391189002
1906 5.2407757620214745
1908 6.961758893388606
1910 6.023785880060899
1912 4.8211738347400255
1914 5.206201691006425
1916 5.724095307817818
1918 5.248406960459059
1920 4.630947589844784
1922 4.7569207478454825
1924 4.725133244654574
1926 4.872399064226993
1928 4.738152759686288
1930 4.424670428580774
1932 4.555853733499926
1934 4.46795504907676
1936 4.80572649779782
1938 4.791714100125393
1940 4.31157788276081
1942 4.873698878602944
1944 4.658465095492096
1946 4.814295650001333
1948 4.008884665620289
1950 4.408410949910517
1952 4.795091830620461
1954 4.181444775163703
1956 4.8474791151776975
1958 4.543835044774145
1960 4.432885805264341
1962 5.48441504058604
1964 4.590839488400083
1966 4.384347384011841
1968 4.655163385168907
1970 4.69334867872595
1972 5.883417398661874
1974 6.2704752679604026
1976 6.6364572012963166
1978 4.435870167933486
1980 4.433703575871006
1982 4.471173308677435
1984 5.631784390083104
1986 6.381766617479157
1988 7.424283819627295
1990 4.287011164172526
1992 6.028041552691321
1994 6.3017591421877635
1996 8.558944660803832
1998 8.421039271249962
2000 9.042129581406709
