0 5.737646014981923
2 5.141249012283029
4 8.003573027169486
6 7.4024736985638535
8 10.152860776442905
10 9.394694671788182
12 9.627308418711108
14 6.7797773224523
16 8.450664252001694
18 8.852691855502023
20 8.191464616656281
22 5.5505390869117806
24 4.99601927842779
26 7.390189997359999
28 10.153024797706667
30 6.82803961662236
32 8.501253560340611
34 9.33415512863803
36 9.37802934748203
38 9.85416786153344
40 9.237169203025282
42 9.937114032895359
44 9.553916748860374
46 9.905677500648627
48 12.512817329037196
50 9.41229119487504
52 8.237545167754918
54 10.16423342988014
56 9.905116429200367
58 9.018548985605575
60 8.869777925243177
62 9.544761019594738
64 9.542093635048253
66 10.379475640079603
68 10.221641769975045
70 8.0900003048011
72 8.449058374072681
74 8.667137804856472
76 12.446791376257538
78 11.60190559967457
80 12.741791253276931
82 12.163277239124922
84 12.162278143404377
86 13.28928129596959
88 11.724736427713399
90 12.363779686094409
92 12.761304984494123
94 12.860800717881432
96 12.387705041449639
98 13.003650112239045
100 12.125192585909648
102 13.106511402732702
104 13.114333355592697
106 13.210797961824406
108 12.569560140050454
110 11.686773621211865
112 13.252396797339326
114 12.622504146619143
116 12.528569483710942
118 13.06527212894
120 13.483021758667608
122 12.45446883849856
124 12.586505287668542
126 11.507858502172494
128 12.737515434758642
130 12.933696134165924
132 13.20342075759982
134 12.068174098604638
136 12.499224083828578
138 12.85751871569513
140 12.095243646912557
142 13.226670419580369
144 12.863123051482901
146 12.136006109646923
148 12.203606806170566
150 12.650572120243995
152 11.659977078032158
154 12.457330655994463
156 11.80872114578486
158 12.122421072944839
160 12.462060803602977
162 12.669530138609106
164 12.603622813787709
166 12.600913479102827
168 12.826560574002897
170 12.530238466912309
172 11.91642538940945
174 12.19523243112295
176 12.181491611650003
178 12.494756558218842
180 12.733046237713136
182 12.573188712814186
184 12.140585851472427
186 12.24469736132646
188 12.05991782241457
190 12.048616300419042
192 11.835022372576805
194 12.164578326814079
196 11.585091085068385
198 11.953006617063188
200 11.17069576545397
202 13.437549957438359
204 12.20680687318821
206 12.810933085402924
208 13.519191771283044
210 13.121222154638511
212 13.118942195304314
214 12.749196046862789
216 13.05203204310398
218 12.710417426793466
220 13.635524626356418
222 13.00815857436611
224 11.331983822830596
226 12.836359331455686
228 12.887090326471178
230 12.319389359092435
232 12.107355236297321
234 12.782692143392294
236 10.398575048398191
238 11.65423479119053
240 11.092009963672494
242 9.534023929727184
244 10.290209483696563
246 8.924106936447691
248 10.56929387588396
250 9.990648647022878
252 8.500613174050851
254 8.797019100595023
256 9.194676429993187
258 9.177508744434398
260 11.143340562215197
262 9.477771547654555
264 11.948713741781434
266 11.196561643611298
268 9.833392185808014
270 8.776951994975285
272 9.318346795741059
274 9.960154154554639
276 10.023357846893933
278 9.046962015523551
280 9.757172748495943
282 8.045511520568299
284 9.977857601190518
286 9.51101428763331
288 9.97241645753194
290 9.447987109364755
292 9.548584994479443
294 9.678500543275163
296 9.42440022680741
298 6.319955687079984
300 6.292921100845412
302 6.654700657332538
304 6.595494532352553
306 6.2923991037443034
308 7.3356645508048555
310 7.75718502544965
312 8.520509060262517
314 7.689149044662138
316 8.674383610973175
318 8.483808125207341
320 8.493437749724297
322 8.322720479754713
324 9.769067893726007
326 10.96726647341944
328 8.134494658981229
330 8.258366019620503
332 7.596538481803406
334 8.078097993185422
336 8.36811075125492
338 10.662194099717901
340 10.500103033232628
342 9.710550216978078
344 11.82097378510112
346 10.191697429008599
348 9.622943014652538
350 11.908337890569001
352 10.573031624929783
354 9.495185406220692
356 7.643930615224892
358 7.841842090470693
360 8.11110203002847
362 7.782467677773119
364 8.324217885162712
366 7.97489886659281
368 8.89148544929165
370 7.368816499551195
372 8.700927509898008
374 9.656200155996528
376 7.802035686024464
378 6.587366170201022
380 8.61891430950353
382 9.570979913912185
384 7.502020214569322
386 7.6360505945822865
388 7.824235733102056
390 9.469257083102065
392 8.466764183545743
394 7.768278498100042
396 7.159853011179665
398 9.394347375737137
400 8.142235625597625
402 7.990580205943526
404 11.473401223633523
406 9.961226359478735
408 10.154999887308863
410 10.375000344446283
412 10.266703665267556
414 10.163964953478349
416 12.881991167108675
418 9.026072010906164
420 9.643506173389063
422 10.677655011597533
424 11.609543092660607
426 10.577822274575466
428 11.097068021360561
430 11.319776252181365
432 12.109338913758503
434 11.015197371187835
436 13.379261916127026
438 10.817966056784968
440 13.268022049977676
442 10.774106841064645
444 11.204594674839578
446 12.912319287405289
448 12.934253701833947
450 13.132392275586998
452 12.26137780990334
454 12.747065530494666
456 12.744973590835428
458 12.033458157753678
460 11.387623524842853
462 9.866034455167211
464 9.448825774694853
466 10.191244839903474
468 10.351832056635105
470 6.5323011966190405
472 8.193990458787232
474 10.017583490633903
476 9.957664735026755
478 9.448728020859521
480 7.222989765493171
482 8.146418632858621
484 6.393774253644208
486 10.415412655706572
488 8.579528595761147
490 9.897559267908496
492 9.479946108960128
494 9.134255321366863
496 8.678774757578905
498 8.196353988287052
500 8.40872890741801
502 8.916466888225605
504 8.17467425392714
506 8.091272065034191
508 7.954690439088715
510 8.184904202581489
512 8.473643245521751
514 9.186490828999974
516 9.381778630725586
518 8.534736759216669
520 8.282704555341708
522 10.184076112953154
524 8.22390444468056
526 9.125397231564214
528 9.025521536597976
530 8.850141646986184
532 9.849490472161156
534 9.972752958064325
536 9.235044053601987
538 8.523852650161704
540 9.17244205151971
542 8.799870451586962
544 8.817601402573489
546 9.195226628809097
548 7.908124019429303
550 8.944548138750607
552 8.558521485680577
554 9.628551909687028
556 6.890276253402978
558 7.6733321041085745
560 7.003342593573089
562 8.54914591382611
564 8.56015655018135
566 8.540178351233546
568 7.796868378558709
570 9.912253982629522
572 8.934128704402331
574 8.099924123155157
576 8.862152419233697
578 9.38157594045326
580 8.093161884029413
582 9.656400268098919
584 9.448328060091354
586 7.672588056779988
588 8.4838816985829
590 7.641560852628653
592 8.071038585894627
594 7.25652712607866
596 6.070427323565658
598 5.773075932735461
600 7.1593732229218325
602 8.206564980733173
604 9.189258067803454
606 4.32742640600447
608 6.949772433502905
610 6.602389031562652
612 7.535608167910645
614 7.748776625029998
616 9.664542312324567
618 9.602290232548782
620 9.737685138009677
622 8.620190414844334
624 7.905867158553038
626 9.294372952772946
628 9.941646415938067
630 9.462869018617614
632 9.19317021728326
634 10.316077321946235
636 7.120393458011381
638 8.140910867255059
640 6.678303082962142
642 8.721633376687022
644 9.159829385163981
646 9.943311574234242
648 8.635227936630683
650 9.275594549244008
652 9.193158297611385
654 8.878359916032444
656 9.113109586367552
658 9.24309675102869
660 9.041204143438494
662 8.762300052478551
664 9.476078849148612
666 9.333461876268151
668 8.429090175205504
670 7.679714629517004
672 7.520962130507126
674 6.475401308572914
676 8.62932959577719
678 7.216235712715051
680 9.428488711214326
682 8.245763840144582
684 8.218890687298357
686 9.101401899738658
688 7.8130388915721145
690 7.985557530009927
692 7.503686792825023
694 8.109308115165906
696 9.06406451776997
698 8.384021516604024
700 7.921119189709181
702 9.420284282503726
704 9.604395873395793
706 8.093735675814626
708 9.17384908383839
710 10.027916200918042
712 10.365795536970236
714 9.287308039082824
716 7.379781313925795
718 9.831764782409701
720 10.000776135351293
722 8.054591531473346
724 10.720202518943964
726 9.153618877248483
728 10.029922521260106
730 7.755861989265884
732 7.825056364307459
734 7.691468381544489
736 7.913552073171708
738 7.859030479064759
740 7.933202806107366
742 6.8900377863339735
744 8.408376375250336
746 7.620779448368338
748 8.200372712395714
750 8.319194622677752
752 7.242657931226163
754 8.299713677311317
756 7.572382634270841
758 6.158930291277446
760 8.301412850606505
762 9.609211278777963
764 8.64867899709929
766 8.570672395887112
768 9.372009642225049
770 8.484957106249002
772 8.007809679878424
774 8.64433242647556
776 5.369375700231389
778 9.444017364616261
780 8.551543591462071
782 8.50229488997609
784 7.49432888373116
786 7.890472556170242
788 7.639925018670221
790 6.962191359535849
792 11.765379859771757
794 10.639917405462263
796 10.986259612288363
798 10.953122783300591
800 10.440607644601348
802 10.793858616729548
804 11.301726919635117
806 11.274849252171885
808 12.760478313175595
810 11.53406613304524
812 12.508290886684259
814 9.683833082463702
816 11.02989410654048
818 11.679150323663478
820 13.738271294336549
822 12.534353381942596
824 11.553314470594318
826 13.822989258604798
828 12.824125048680132
830 11.380814443718956
832 11.695631083883214
834 11.308328728010677
836 10.419377802982751
838 10.016928625802583
840 9.4245133734056
842 11.471919773615648
844 11.7362522495075
846 11.345694392321057
848 11.662887966233772
850 10.908807730279712
852 9.714692000976404
854 11.064035798902376
856 11.10010406225689
858 10.11130217937973
860 11.85355417356121
862 12.236580306670795
864 13.313093243000138
866 12.454628562095452
868 10.141479780279123
870 12.333634758507827
872 11.287947841003122
874 12.898422376822044
876 10.39772223692059
878 12.051852693462253
880 11.289861379338658
882 10.176714407794346
884 10.508554644740569
886 10.794156639017514
888 12.677970666080306
890 14.245143064704108
892 13.5738783583676
894 11.29338648917355
896 11.060568290587117
898 10.555575555663946
900 11.30034187461449
902 12.725978730284895
904 12.18666537582336
906 14.910110977139004
908 10.811193449782598
910 9.0139711055561
912 8.584297200643366
914 11.764676159294721
916 12.662264628899598
918 11.564154598941755
920 13.412484478746835
922 13.49249293023849
924 9.43929325497051
926 11.89888241278838
928 14.561557549810644
930 12.26849281263426
932 10.494689783292488
934 12.202018768389868
936 12.233092017460315
938 11.766799574095105
940 10.967997104013234
942 10.797506841199864
944 11.695106878104326
946 12.377499266741127
948 11.089041138351872
950 11.751262234817164
952 9.998814481731072
954 10.25816480497826
956 11.072159865930788
958 12.16498279324302
960 12.238206333307657
962 14.103153507030777
964 16.22129717079038
966 12.032202556650946
968 12.425111077105145
970 13.306141587590888
972 11.069384715170404
974 12.360596537102603
976 12.66518066687216
978 11.261724501386745
980 9.871732235056259
982 10.2324078533504
984 9.904266215012646
986 11.79908571354455
988 12.076133028504405
990 10.948526094363151
992 11.259807147855614
994 12.387277274745259
996 11.055885904018401
998 11.871870199188887
1000 12.293486088971227
1002 14.12897021796947
1004 13.06347310875414
1006 11.524441068329814
1008 11.528870891992375
1010 11.919144805085917
1012 13.21773744367466
1014 10.266573782496767
1016 11.63001679305478
1018 10.847137227083
1020 12.005536206409065
1022 11.776172061849103
1024 9.64233472544958
1026 10.66499708359905
1028 9.627781563691544
1030 9.42425161451535
1032 10.063459511222003
1034 12.33991203041994
1036 12.903980928051988
1038 10.132774957167138
1040 14.136525610901154
1042 12.697953552451724
1044 12.993732992582228
1046 12.606823837243786
1048 11.348237036019864
1050 12.745034487572783
1052 12.801441944682436
1054 11.359628541004671
1056 10.791373337401241
1058 11.196319211216572
1060 14.268895073760348
1062 14.292693703369604
1064 13.550776603719205
1066 10.842455867145171
1068 12.60512296260655
1070 12.553572212927312
1072 14.5366361980929
1074 13.985170578155552
1076 13.255235158476594
1078 16.519170881808037
1080 14.268243388837945
1082 16.23156662915882
1084 16.685699777263352
1086 17.09626097856225
1088 13.429448454688583
1090 17.458151382166335
1092 13.242244571458455
1094 15.951758363239888
1096 13.14180709141436
1098 12.933037834201352
1100 10.99596508805855
1102 12.566418886479418
1104 12.82978386023135
1106 11.542891361051579
1108 12.794918508153723
1110 12.56693193914303
1112 11.752412833013013
1114 14.967934991352546
1116 12.912400757754707
1118 11.73194775085053
1120 12.202571267751775
1122 13.384214199800295
1124 13.073904902913354
1126 11.941334657953409
1128 11.603975739912388
1130 13.85497017182165
1132 12.50953600955517
1134 10.86877489137361
1136 13.343646827034178
1138 13.07635074303556
1140 11.762782906548676
1142 10.8176195275344
1144 11.333458074926092
1146 14.307546814945027
1148 12.72282212746239
1150 13.159255608377686
1152 13.640518118452931
1154 13.734679708339744
1156 14.385266881119827
1158 12.876972138058514
1160 13.69578426370475
1162 13.906953775204254
1164 14.457930392451695
1166 12.007187674356134
1168 12.612602472595034
1170 12.911217218137955
1172 14.296167856703565
1174 13.412597336898946
1176 12.843670393990921
1178 12.74433906598675
1180 12.78485080624868
1182 13.30467993522387
1184 11.602904557005337
1186 12.818960831975089
1188 12.56853442647462
1190 12.222853270224814
1192 14.59500772568342
1194 13.06754099753474
1196 13.80232852076861
1198 12.6306641557081
1200 12.408914544583029
1202 10.853596080380274
1204 11.829215774921764
1206 11.614829300523734
1208 10.1829950024211
1210 12.03403272405211
1212 11.289974287088917
1214 10.63065897782211
1216 14.25199598908448
1218 14.171132178027152
1220 12.231001894222043
1222 13.10639172397764
1224 15.256072865897497
1226 13.544167463446627
1228 12.869953290711242
1230 12.464137832812344
1232 12.63948067769329
1234 13.424104226576349
1236 13.463675946376988
1238 14.285774146638932
1240 12.982203907594988
1242 13.601648490852346
1244 12.540004004034973
1246 13.032205956394249
1248 12.50129862639202
1250 12.771476655929547
1252 12.10996797288442
1254 12.504736281661135
1256 14.897390126482334
1258 12.679765710442856
1260 13.123029236349023
1262 13.257876640839497
1264 13.623608065727058
1266 12.21637709560691
1268 12.422920344432065
1270 12.93697223599264
1272 11.994022912790522
1274 11.499309982697657
1276 11.340654794942095
1278 11.914433263443435
1280 13.517795463597896
1282 12.651503117577645
1284 13.617629135080344
1286 13.28896057381376
1288 12.467803365636911
1290 11.0414422414498
1292 11.14379843257841
1294 10.337016784817417
1296 9.654561396337469
1298 9.438850627695752
1300 9.465779989745865
1302 10.522414771435665
1304 10.51888368290013
1306 10.049826829929279
1308 9.54154027472595
1310 10.154685521331153
1312 8.843354040939396
1314 8.556177728008388
1316 9.80403403419213
1318 9.8919210251912
1320 9.934271176951121
1322 9.87431130194713
1324 8.129758546444416
1326 8.116679316310524
1328 7.86936707720699
1330 6.885493079920921
1332 7.444441454495945
1334 7.316373188831138
1336 7.274681517043274
1338 8.476389125537471
1340 6.856283016104829
1342 6.6754270376819775
1344 6.604033447052361
1346 6.523787136031664
1348 5.4723331587399935
1350 4.861386315697754
1352 7.700178769112911
1354 7.628560703660503
1356 6.516654300821077
1358 7.456921378191008
1360 7.005440053579133
1362 6.909454946485611
1364 7.4897506802830724
1366 6.962185518736597
1368 7.4612723648686385
1370 7.560912714769892
1372 7.022117578808314
1374 7.546178218999653
1376 7.516661478364832
1378 7.909766954159182
1380 8.258347887981289
1382 7.700198581664777
1384 7.34448266541732
1386 8.048907418927579
1388 7.509506961170606
1390 14.994792271646984
1392 11.020097385537815
1394 10.550711493778905
1396 8.89387392581205
1398 7.865391371900927
1400 7.108210111043024
1402 7.306432169658589
1404 6.1779639179509145
1406 5.63974287164569
1408 6.092702839717012
1410 5.37834908040432
1412 6.454484819561068
1414 6.188645593626338
1416 6.872743124330865
1418 7.818597801535467
1420 8.137589050844298
1422 8.520251729776566
1424 9.55712048407009
1426 9.764872298495712
1428 10.027544180169562
1430 10.544256213941406
1432 9.122578120986613
1434 10.873077585227353
1436 11.759419789956981
1438 10.828803733350297
1440 9.882288828146807
1442 10.361438943803865
1444 11.908682450991515
1446 10.909084212683952
1448 11.238413314421779
1450 10.690074915968177
1452 10.37339136154904
1454 10.765995160715825
1456 10.574377202014071
1458 10.63252193962632
1460 10.296119759031106
1462 10.425120928828738
1464 10.108135088063284
1466 10.645868377887664
1468 11.10359335367735
1470 10.415085217389942
1472 11.117778671749397
1474 11.499262964931345
1476 8.888097252975461
1478 9.287710985710557
1480 8.324989346885257
1482 9.981000147922293
1484 9.200074405540517
1486 10.511988715876482
1488 10.059351267289866
1490 10.275866393603149
1492 9.996644305437476
1494 9.49328865591221
1496 10.165118614668245
1498 9.770723870442861
1500 10.287782743596425
1502 9.25800111754911
1504 9.22620212635224
1506 10.895539780827619
1508 9.016296761640968
1510 10.137672966592993
1512 10.075320697840358
1514 9.639680166055099
1516 9.166923373244368
1518 10.274913198732113
1520 9.221894969376951
1522 9.074661353153198
1524 9.829486718812174
1526 9.31032341286086
1528 9.462942243484228
1530 9.18334029983942
1532 9.775981826216285
1534 9.488904162090753
1536 9.110615385440086
1538 9.431444537470606
1540 8.513878261580192
1542 9.464698532799055
1544 9.175076388760013
1546 8.911865596669603
1548 10.238422445735424
1550 8.886288623176329
1552 9.339819761583199
1554 8.910164173811431
1556 8.270977032114077
1558 8.223163176553447
1560 7.285648869492944
1562 7.926223599196768
1564 9.10456789235329
1566 9.074348646430977
1568 8.312226458878111
1570 7.83898630090104
1572 8.990981916505328
1574 8.255561793049445
1576 8.28628299114957
1578 8.02235186827606
1580 7.761001720860654
1582 8.544072199187998
1584 8.722827702430314
1586 7.425311052487941
1588 8.862170884755116
1590 8.309263600982753
1592 9.561713028665976
1594 8.116440627862904
1596 8.190195149956393
1598 7.235567792378214
1600 9.409812362697863
1602 8.027831836216174
1604 9.040188979478229
1606 8.31450382626865
1608 8.34818755328506
1610 8.616364983695705
1612 7.905574858078675
1614 7.1750963630216
1616 7.876203138116737
1618 8.456159875724124
1620 7.05854006534036
1622 7.437072235270637
1624 7.529257266028409
1626 6.962493253478278
1628 6.842251179880513
1630 6.88808701444212
1632 7.809491255013038
1634 6.447080183263945
1636 8.545657374420808
1638 9.246338887619768
1640 8.681533811914353
1642 8.860668798827621
1644 8.774496800965819
1646 9.57586918117816
1648 9.061606053031271
1650 8.346817441484252
1652 10.491617058850013
1654 9.291379845584595
1656 9.241329808845895
1658 8.67571896435169
1660 8.623382773049144
1662 10.025780222383451
1664 9.42712666106403
1666 9.261369143095182
1668 9.626936251958105
1670 9.401696839442467
1672 8.318788083288117
1674 8.735125919476147
1676 8.339230729080814
1678 8.978227426309319
1680 8.343458486982728
1682 9.601682452595012
1684 10.478042686205985
1686 10.013902319614234
1688 10.804911846068242
1690 10.70868900571608
1692 9.459568389015226
1694 9.470592256131685
1696 8.956438375775122
1698 9.136103349774643
1700 9.67825179968082
1702 9.657630639633945
1704 9.048329579336086
1706 8.74535810851515
1708 8.99293938945099
1710 9.41240792611494
1712 9.67413373482968
1714 9.728415727694795
1716 9.909076150128463
1718 8.80253187343497
1720 8.874744829837795
1722 10.07610190389521
1724 10.054705883341404
1726 10.713152912982048
1728 10.27142010581019
1730 10.326703249052835
1732 10.641292971881825
1734 10.996229617559306
1736 11.035845634167854
1738 10.016925089604706
1740 11.228500553620055
1742 9.841700986524634
1744 9.18618053311574
1746 8.715899262337846
1748 9.194323838701939
1750 9.25369345471
1752 8.818818589580095
1754 9.394271607318535
1756 8.929176209528283
1758 8.895585840330632
1760 8.985693958217123
1762 9.237554758039346
1764 9.426209900768555
1766 8.791006959561631
1768 8.863808398003158
1770 9.03201764788875
1772 9.042340938324024
1774 9.716698548814472
1776 8.809767490750456
1778 9.31946840236021
1780 9.192999401415104
1782 8.84480321170422
1784 10.584934467010612
1786 10.838155485934841
1788 10.004037584554297
1790 11.0685450495681
1792 11.068275920044506
1794 11.678612019101081
1796 11.097739054497104
1798 9.912715207471699
1800 11.013164630765008
1802 11.021259623020189
1804 10.82945296916413
1806 10.349856213739764
1808 10.143045509949875
1810 10.444108119088234
1812 10.05902639300578
1814 10.179687126170114
1816 10.778316378220097
1818 9.483783867172408
1820 10.280360239450768
1822 10.211019754483225
1824 10.502131814840508
1826 9.64611267980907
1828 11.221578517042298
1830 10.65002848647623
1832 11.181027841562523
1834 11.218830512257123
1836 9.593785236030422
1838 9.347899821185722
1840 9.214119431251367
1842 9.083618186625005
1844 9.396327139289026
1846 9.065111833022625
1848 9.433385656675515
1850 8.504023547945687
1852 9.210180030090976
1854 9.821408734248463
1856 10.825027346256972
1858 9.939447449770062
1860 9.829576755853996
1862 9.349091738405466
1864 9.934630471180949
1866 9.574135606290726
1868 9.502833715301913
1870 9.636316233487173
1872 9.534573317905226
1874 9.258321987565594
1876 9.566923308048125
1878 9.394938484874826
1880 9.366197119121468
1882 9.88878097010514
1884 10.103687875798872
1886 9.970510785374886
1888 9.841292419854437
1890 9.746241394800677
1892 9.431020190170695
1894 9.798699442921743
1896 9.736926254823617
1898 10.480767721931299
1900 9.192595028446336
1902 10.248206765120745
1904 10.193800916442747
1906 10.029264443413222
1908 9.765531763934064
1910 10.153734630528355
1912 9.777353126249054
1914 9.481900938319658
1916 9.826858785748307
1918 10.05152446393938
1920 9.995164420155918
1922 9.917593687835195
1924 10.11907494641037
1926 11.121476806444182
1928 9.588805744487303
1930 10.057536116123142
1932 10.04957817748861
1934 10.449598133007711
1936 9.742859019185962
1938 10.78434909630378
1940 10.070080230303448
1942 9.96215625816266
1944 9.82146243329993
1946 10.223098114496526
1948 9.585886224523925
1950 10.472047028626603
1952 10.770711304707149
1954 10.86340973719504
1956 10.274552915924119
1958 10.70412081818434
1960 10.6129481168417
1962 10.233290294084018
1964 9.492707498940613
1966 9.69850643024738
1968 8.17761419297766
1970 9.303867070647607
1972 8.839736205778966
1974 11.185508700499
1976 9.801413147228617
1978 9.754443201771643
1980 11.236121298670081
1982 12.502597205526184
1984 11.919673506088653
1986 9.799213189442833
1988 7.364513612064875
1990 7.638184074172643
1992 7.832517773620636
1994 9.616931820643638
1996 9.581988833732558
1998 10.120303392048893
2000 12.072226034107166
