0 4.130304523908007
2 3.696563143958796
4 4.197242361220485
6 5.158208199438147
8 3.897701475030958
10 3.783505577264637
12 3.9795225744754745
14 4.2208672616778
16 4.620019099872309
18 4.642863402978242
20 4.423688974084092
22 5.028483315272227
24 5.72054333114046
26 6.012951539663776
28 5.969037224663914
30 5.7920294965157995
32 5.797700409786663
34 5.753068956392192
36 5.854143729340977
38 5.739837411319782
40 5.656956615384402
42 5.367316666819003
44 5.355842617790205
46 6.159203171656919
48 5.388959516270974
50 4.866473767645336
52 4.759513027387151
54 5.0181653175621355
56 4.867676569915828
58 4.673873449697654
60 6.210103306801729
62 5.281956091284665
64 5.535951808587281
66 5.601943617183267
68 5.180776636535783
70 5.821466330688903
72 5.147513404597162
74 4.4553992931498
76 5.826929371643753
78 4.358007658293782
80 5.744241850842486
82 5.631098589061853
84 4.730383031720966
86 4.507623090969853
88 6.100866060409598
90 7.314035452032757
92 4.060156595004446
94 3.9742741980991463
96 4.29229427922691
98 4.106090023467855
100 4.082858432950514
102 3.751265834551755
104 4.012634345072715
106 4.707594218152255
108 4.460557541167441
110 4.381562353735488
112 4.687113421569211
114 4.735623208500663
116 5.065258657748817
118 4.645149151367347
120 4.350244299335401
122 7.597469051358327
124 10.639336568762834
126 9.12999800549557
128 7.912407270761846
130 6.344987791996063
132 7.296001487634318
134 7.8746272926977605
136 7.322696010042835
138 8.60608305194247
140 7.23283360671785
142 8.099498342546417
144 9.122779337696315
146 8.085483229998017
148 7.812146379503239
150 8.192302131394273
152 6.657766367633929
154 7.459412916885886
156 7.970967018118653
158 7.302791683302016
160 6.457877204680373
162 5.992712046947255
164 6.889139632062969
166 6.550096937088992
168 9.087357524531178
170 9.047945840470351
172 8.470518523541763
174 6.666586656524154
176 4.6543424869307675
178 4.4465474229319355
180 4.660247158993082
182 6.80825732190359
184 5.824554682528711
186 5.306325030876881
188 6.362398045776007
190 6.833831732819429
192 7.191378479718252
194 7.245371727002111
196 7.719505333746558
198 6.713548664380127
200 6.4283089182341655
202 4.765522272205138
204 5.070944680231249
206 6.525617673205291
208 7.10234568100173
210 6.265752573808327
212 7.1723251097033325
214 6.417610640790355
216 4.952913961275462
218 4.918979280865054
220 6.928801767486114
222 6.607530930413137
224 6.939405613933906
226 6.608093718159716
228 5.97667113157008
230 7.417605564362747
232 5.579200132192384
234 6.756956249946355
236 4.554063693479489
238 4.259814079426728
240 4.346464081560044
242 4.353209759618954
244 4.71570823294667
246 4.975110406783925
248 4.810386193016646
250 4.965512668852128
252 4.301510003686072
254 4.855357701878292
256 4.807472524263433
258 5.017838555806368
260 5.804536619003792
262 6.324283322232491
264 5.1855935079153435
266 4.690049788296525
268 5.959723232434662
270 5.246420700791109
272 5.32688628953806
274 4.813661213404099
276 4.526027691054919
278 4.762238710460246
280 4.456784142202227
282 6.2702321711994635
284 6.391580440309301
286 6.818513964979374
288 4.501667103853683
290 4.1509276792432095
292 5.513524708571558
294 4.832567416699004
296 4.214979761337522
298 6.013697025673178
300 6.963951666177738
302 4.817265501476247
304 4.229968656246062
306 4.377919657062529
308 4.66605054142745
310 5.671275764667839
312 4.532696814416694
314 4.401294534465577
316 4.334455352678887
318 5.833606898989534
320 4.796314707339929
322 5.686140350882354
324 4.950167795749358
326 5.128178744579348
328 4.390051779479798
330 4.077193930330709
332 4.2680661541730105
334 4.984808573671122
336 4.611171831986064
338 5.249188590578755
340 4.567034653241091
342 3.968322942405694
344 4.906629336326867
346 3.969142705565544
348 4.2513320149592175
350 4.575475132356146
352 4.571722719812317
354 5.113433649372083
356 4.302661986599498
358 4.16295062109634
360 4.8143203151091445
362 3.712043760278298
364 4.565031333726995
366 4.831630147066256
368 4.3233934870627255
370 4.1166659447944856
372 4.383671412067778
374 3.883873856765135
376 4.321516774550508
378 4.305505525731929
380 4.977520442907333
382 4.138735791008614
384 4.541246424918869
386 4.588209248199918
388 4.6193232462726375
390 4.64954289444587
392 4.360938373345972
394 3.886223984689368
396 4.381797058188778
398 4.5000083353616604
400 4.376141885722036
402 4.518081690760509
404 4.5056533211153384
406 4.844770351213031
408 5.087476185743202
410 4.444242294152344
412 4.338831919631786
414 4.395484565349157
416 3.9629499210210555
418 4.619687157821487
420 4.674069238062984
422 6.555067556400666
424 4.720651172404393
426 6.940250488514449
428 6.60984890025435
430 6.870037675113079
432 7.278952035210588
434 4.20319757287551
436 4.088956629113622
438 6.435613244646796
440 7.120639303418091
442 6.454548413884415
444 4.901821606289714
446 4.753728436236091
448 3.9987777612736077
450 4.465638636323764
452 4.54969417810385
454 4.087714161718734
456 4.4941171711457235
458 3.9313282204922637
460 4.600098623805182
462 4.3516986331470635
464 3.8366213526156323
466 4.374581903158511
468 4.413439900102054
470 4.121138001839682
472 4.371517685688325
474 4.62458178932878
476 4.359504242464594
478 4.740193206467761
480 4.304581568430806
482 4.17618441108209
484 4.981964613615228
486 5.139001188503886
488 4.409687082032535
490 5.287877253646417
492 3.8487774350009722
494 4.081942359990868
496 4.777229725745762
498 4.627786899213729
500 4.610793034658695
502 4.440433984806667
504 4.53250070967015
506 4.320832880054002
508 3.866097125324958
510 3.9058255738337344
512 4.538228516330066
514 4.019421332934369
516 4.895566471983027
518 6.391640852750208
520 4.913717437461046
522 4.1669608932607485
524 3.9313311120792123
526 4.045363522350311
528 4.050130188161714
530 5.916167583786581
532 6.321854505195469
534 5.739193784878059
536 6.150361314535371
538 5.557566943343285
540 4.292731389207307
542 4.323935781474383
544 4.336507861559033
546 5.913950867920943
548 4.5220734166860765
550 4.370590977998466
552 4.250900274463225
554 4.648829321077904
556 4.607567840925543
558 4.514594258177328
560 4.865963878600094
562 4.024557554963845
564 4.1155554076564504
566 4.547116830050758
568 4.165022175561507
570 6.812148692298708
572 6.1478234817950765
574 7.631811440802088
576 5.766988182032769
578 4.3364806106999865
580 4.528455347116689
582 5.430779577120231
584 4.522128639983468
586 4.329136240311169
588 4.512450243057624
590 4.874779294389133
592 5.041539323465298
594 5.564399857701679
596 5.178735912544624
598 4.977001011520405
600 4.4305802671805345
602 5.7006062123052
604 4.693229987438434
606 5.3066961547065725
608 5.339254497832281
610 5.555707162373925
612 5.7250850786445096
614 6.306321657892349
616 5.803329241019171
618 5.436263107461662
620 5.333486494981647
622 5.426554823589514
624 4.8518920630976226
626 6.646498162461342
628 7.228349496543208
630 7.085412529225607
632 7.35410757245748
634 5.729314328060519
636 5.232770978582535
638 7.115129657139238
640 5.7542576771306315
642 7.387809869099613
644 8.941455871018778
646 7.761012199302725
648 7.68130865113665
650 8.558380313123669
652 8.658433693782126
654 8.432107608467737
656 7.590328590007934
658 8.929618529304914
660 7.848645109817795
662 7.79711490972988
664 8.43349463054091
666 8.415253029532401
668 7.935612532424346
670 8.492720798504193
672 8.796188773815263
674 9.118894633182306
676 8.531008859345857
678 8.49275470306
680 7.4678177753243515
682 7.8167163110921845
684 8.924287760391763
686 7.877798388279118
688 7.810728490558823
690 7.538856520017722
692 8.526767626840583
694 8.0152571770091
696 6.598369328060851
698 7.465330956522312
700 8.31838959441604
702 7.580476375700189
704 7.990814521347918
706 8.145985760788983
708 8.024404347024065
710 6.994134549752123
712 8.361703000167168
714 8.707968130398413
716 7.6487400699966495
718 6.955986030062015
720 7.516685329961149
722 6.871197036338724
724 7.7788107740278125
726 7.633283592407118
728 8.249216512579688
730 7.968362779543921
732 7.398526605280001
734 7.966267941429936
736 7.681906045187759
738 8.438720673061427
740 8.644475825916992
742 6.7071146248286055
744 7.683808091904666
746 7.839916459244078
748 7.654061783119392
750 8.139617870464495
752 7.819466095876766
754 7.412177390996972
756 7.755987351784667
758 7.766876407439752
760 8.20851049109732
762 7.234037233955157
764 7.132873071437046
766 8.14749929413903
768 8.062025207839124
770 8.228943464064075
772 7.788312077146474
774 8.139589080189365
776 7.040537033410709
778 7.701158807132546
780 7.59508346622864
782 8.328543074052316
784 7.732656396818551
786 7.261347363924573
788 8.061171708811079
790 6.622941622213073
792 7.715877819150244
794 7.66622108363339
796 7.966102728176973
798 7.931982154143966
800 6.356637719031342
802 8.095832936239267
804 7.863132546797342
806 8.129200004830707
808 8.02920706058491
810 8.022078187864166
812 7.974496297110653
814 8.112323397887295
816 7.8741689770327135
818 8.259208159099865
820 8.576042395759506
822 8.670375335916626
824 8.525670680904035
826 8.124171288868542
828 7.89217451331816
830 8.680190573154142
832 7.749485365978619
834 8.451488428258536
836 7.6731340835311075
838 8.13024634613581
840 9.433271431156083
842 8.09602552170392
844 8.323382536610769
846 8.360149236196357
848 8.547186216067177
850 7.53435925630817
852 8.369175368221466
854 8.163013119241725
856 7.662228434352924
858 7.75647229620038
860 8.389078499317527
862 7.187029225838632
864 8.106169027740634
866 8.661284747600526
868 8.68289208465716
870 8.588004349871953
872 8.597873662277914
874 8.736247133472137
876 8.064010544665317
878 7.424723633426987
880 8.654362565694209
882 10.218262219589073
884 8.215150384347258
886 8.234433517196386
888 8.144991663031186
890 7.928560259321747
892 8.700729766057488
894 8.912768710207935
896 8.834416327809922
898 8.53962905650271
900 8.773601392619197
902 10.13748057214028
904 8.8722293220731
906 10.030725655902092
908 7.955835041791052
910 7.617689996248218
912 8.024087793530006
914 8.03837337759575
916 7.597961985341408
918 8.412744090652483
920 7.944552361933318
922 7.68513496514006
924 8.390753201133183
926 8.307084410907908
928 7.698584592263796
930 7.982265281682075
932 7.801298075331291
934 7.511395237281968
936 8.250709723999977
938 6.859902896031217
940 7.807484361851422
942 8.083878229822679
944 8.107266209585951
946 7.829223794672607
948 8.021841120026805
950 8.858861736953761
952 9.306907569298136
954 7.0298307964469
956 10.0430380066201
958 9.133255717968861
960 8.28895031181799
962 9.249249691119601
964 8.676202170682224
966 8.278562454898774
968 8.501702494584977
970 8.771998094377308
972 8.846617439362026
974 9.412251161650275
976 8.634353823801863
978 9.588495419476645
980 8.914995898013018
982 8.663732583961448
984 8.28556057845001
986 9.795204658493402
988 9.43216613907243
990 9.808242696451348
992 8.256476378278496
994 7.014072072874022
996 10.105543332375118
998 8.527728706813592
1000 8.419628204697453
1002 8.680583855118925
1004 8.246845031060193
1006 9.62241749197704
1008 6.482658274258096
1010 8.908086669860644
1012 8.07914711011233
1014 9.259989985392584
1016 8.884449342102887
1018 8.558532351588791
1020 8.171014091095753
1022 9.078416736388766
1024 7.361552940822197
1026 6.928655081812646
1028 7.040043655607293
1030 7.347180812226576
1032 6.992931503279083
1034 7.535415426954874
1036 7.5098934014709595
1038 7.122695384806085
1040 6.1239588580218935
1042 6.5882386039700656
1044 7.824068700589504
1046 6.708824326247312
1048 6.594043829539068
1050 6.9060368113505675
1052 6.401439931059368
1054 7.113240969825574
1056 8.324787661302327
1058 7.447091197885874
1060 6.73252631057121
1062 6.7285115720299995
1064 7.15956424815271
1066 7.166938348117134
1068 6.003821195842916
1070 6.112569028002655
1072 6.4565113556500915
1074 6.781219780502227
1076 6.758685792112453
1078 4.271655639292618
1080 4.48539364521274
1082 4.392737996622614
1084 4.889206384335544
1086 4.712007179297547
1088 4.014122189615549
1090 4.8685380355722
1092 4.210973169206344
1094 4.580616596815584
1096 4.669877909798796
1098 4.786916296864062
1100 4.007962687558175
1102 3.4928633084938197
1104 4.879199510808575
1106 4.38228669417475
1108 4.441764660946962
1110 4.198342932650362
1112 4.7040927906666825
1114 4.607712829278812
1116 4.459300877132534
1118 4.486043309014354
1120 4.422994274339915
1122 4.589489094685426
1124 4.258767496832971
1126 4.340115056081906
1128 6.426272312165444
1130 7.150815042206963
1132 4.621550304347518
1134 7.069241295760957
1136 4.641950539989034
1138 4.077268345734232
1140 4.27781515097175
1142 4.613207041905877
1144 4.606451886305102
1146 3.9753835947500966
1148 6.6387916706460866
1150 4.759324403154734
1152 4.56552599915617
1154 5.096094098531135
1156 4.980077430706592
1158 7.829307621814608
1160 8.14243360952198
1162 6.422566589511589
1164 7.004945403384618
1166 7.2524610337604845
1168 7.376848554873918
1170 4.616504325653948
1172 5.395747484638364
1174 5.633018681760996
1176 4.930497403384864
1178 4.9541240237362905
1180 4.850485646896311
1182 4.149043318822232
1184 4.188186685047787
1186 4.492252783495321
1188 5.160636481736265
1190 5.359463349994233
1192 4.784789371153457
1194 4.440557622871592
1196 4.303587472883233
1198 5.972085278674799
1200 4.500091835960614
1202 4.034211953135578
1204 4.366813727861946
1206 4.013525737166566
1208 4.541915663494318
1210 4.072464998120787
1212 4.329720679749399
1214 4.426230921691317
1216 4.2818004985106395
1218 4.422324164194555
1220 4.636633643659635
1222 4.405387845762448
1224 4.47511898698135
1226 4.416631239579813
1228 4.613266069514842
1230 4.8097532314526426
1232 4.683396042676284
1234 5.027698673254885
1236 4.7627345717251535
1238 5.512868978804331
1240 5.428939066005253
1242 4.427198609793977
1244 4.628206603916727
1246 5.859089406583449
1248 6.180658704606117
1250 5.478566720466285
1252 5.860017929834874
1254 5.680328207618578
1256 5.724633150437109
1258 5.795519444360768
1260 4.660266803095271
1262 5.530516875751589
1264 4.645377200353987
1266 4.913869373442469
1268 4.442970226782649
1270 4.1571311419224655
1272 6.07245683952755
1274 6.087810418648834
1276 5.173817253553637
1278 4.0097509140357035
1280 4.956950445692936
1282 4.964058081652711
1284 6.52730149036624
1286 6.184089741940177
1288 6.9538494882396735
1290 6.508026591805366
1292 7.401137570350871
1294 7.2224522762295775
1296 6.780281672297762
1298 4.263011521245877
1300 4.083957430568733
1302 5.10220500178192
1304 4.342075277151225
1306 3.76049175862035
1308 5.135855269045094
1310 5.698181806265255
1312 5.392482808828775
1314 6.0244708561591285
1316 6.505817374530219
1318 6.269220168505479
1320 5.92609289257811
1322 8.026273018244465
1324 6.671735163019304
1326 7.1338327326945805
1328 7.169294982046113
1330 6.231289689260484
1332 6.4021993296170905
1334 7.348754739748876
1336 6.834573501867949
1338 7.115473478520479
1340 6.646665789656972
1342 6.806330158361748
1344 4.5804930415831295
1346 4.981945946997398
1348 4.84975337207277
1350 4.374892043879633
1352 4.34865475815738
1354 4.339730043945875
1356 4.850744645998436
1358 4.64442625775056
1360 5.466113618991399
1362 6.390099434476207
1364 6.394410717790504
1366 7.578191804641334
1368 6.286130971459761
1370 6.069320048377015
1372 5.914923459480434
1374 5.67137781643138
1376 8.293886984391722
1378 7.267536988432034
1380 8.672643060724807
1382 6.06983995557371
1384 7.4172779867009
1386 8.477992273575321
1388 8.49120455767212
1390 5.847078309367218
1392 6.944762037043835
1394 7.474713744947961
1396 6.8864711221040755
1398 7.34512214741071
1400 6.9408461032443425
1402 6.712392314483827
1404 7.869655497864856
1406 7.476963767642772
1408 6.984909703213939
1410 6.953859683800066
1412 6.677622984596128
1414 4.370394931297176
1416 3.944383601986859
1418 5.792851040306656
1420 4.2797359185520065
1422 4.682145851703607
1424 4.557763261168884
1426 4.502110890674959
1428 5.297965177518629
1430 6.187318489388188
1432 5.548570661830514
1434 5.041832430321194
1436 5.674204398030721
1438 5.807122353258632
1440 6.278317146555244
1442 6.5632789744163365
1444 7.12572668863982
1446 5.535393277943199
1448 6.095518484880207
1450 6.443946289863805
1452 7.213941055387233
1454 6.798492318358809
1456 6.590446203755205
1458 6.435418986306451
1460 7.651464547583582
1462 6.465814821335371
1464 6.218088545421983
1466 6.105949810103692
1468 4.856436919516332
1470 7.095159669446568
1472 5.175268431564495
1474 5.73289474519734
1476 4.856031641625499
1478 5.234905958969065
1480 4.496620086211314
1482 4.50413963782957
1484 5.3823043307256455
1486 4.219407876232798
1488 4.8617200889130885
1490 6.047619206869531
1492 4.22925424050289
1494 4.336596797436025
1496 5.034888845694585
1498 4.255131485360052
1500 4.873579043476069
1502 4.561900491037585
1504 4.614151698682373
1506 4.936185340341159
1508 4.564318722619522
1510 5.137289875571233
1512 4.5384327957320725
1514 4.708188845603678
1516 4.679874032438781
1518 4.575821463462345
1520 4.307319861419747
1522 4.646437170712718
1524 4.754306226757801
1526 4.436915290767972
1528 4.358641009861176
1530 4.142872819258233
1532 3.793577723710463
1534 4.5109375345059695
1536 4.183901333088593
1538 5.570681691396206
1540 4.966963544199463
1542 4.383762373406699
1544 4.309637176750035
1546 4.302031157082835
1548 4.62862019884217
1550 4.089656714325135
1552 4.402579995192255
1554 4.029429782267058
1556 4.711905101195644
1558 4.394168197529656
1560 4.0010704713963285
1562 4.401018891030775
1564 4.089757230317107
1566 4.440293029879175
1568 4.362590853650232
1570 4.825235020116189
1572 3.6535108738640267
1574 3.9815129694907645
1576 4.890669585338612
1578 4.193589444095768
1580 4.374674041300844
1582 4.603367748609481
1584 4.579173140203841
1586 4.770330893122565
1588 4.145196589655279
1590 4.268495735883324
1592 4.316263930782918
1594 4.848448709531056
1596 4.5249024789361885
1598 4.66083370627116
1600 3.9786470600099073
1602 4.5602067519215055
1604 4.198836234047441
1606 5.576078461348523
1608 3.9457582630385226
1610 5.330153790348051
1612 4.135864018465038
1614 4.122967693760856
1616 4.412174681345736
1618 4.207890917294358
1620 4.288191083643493
1622 4.17200783673528
1624 4.861577402966165
1626 7.058361102714614
1628 5.581733040173802
1630 7.173529321394723
1632 4.259139670614053
1634 4.474840451258983
1636 4.524484264011374
1638 4.640464313581721
1640 4.856237409014517
1642 4.594901167157105
1644 5.58714296761528
1646 4.879310592366037
1648 4.7624998872258795
1650 4.491118667687244
1652 4.588120616717118
1654 5.886195617417946
1656 4.383583535681886
1658 4.54715683929126
1660 4.799671800221578
1662 6.589611646591691
1664 4.3980711645361215
1666 5.180279367934931
1668 4.432758287209012
1670 4.661868009306728
1672 5.953341570974749
1674 5.3871551043602635
1676 6.466046736169754
1678 4.75892940247177
1680 4.883381253764876
1682 5.458433486296161
1684 4.448527543160579
1686 4.4599995976659255
1688 4.554930450883293
1690 5.490074987687561
1692 6.108706442206308
1694 6.544911000447252
1696 5.649152468694106
1698 5.655651197917546
1700 4.6123765981702185
1702 5.944232489590685
1704 6.15072487332829
1706 6.2476636150681495
1708 6.172845802813075
1710 4.554053859509016
1712 4.601052787057163
1714 5.400415302845591
1716 5.331350156257948
1718 5.544133625509975
1720 5.760350935104947
1722 5.6499707170961395
1724 4.738565165019252
1726 4.556092135762129
1728 5.380010181406259
1730 5.76182100068402
1732 4.738406728166955
1734 4.894045920074018
1736 6.203874950241372
1738 5.5727953196414575
1740 4.650959776578259
1742 4.536719475830192
1744 5.759812708565942
1746 5.631502845990829
1748 4.783457590088697
1750 4.5290616240403105
1752 5.594086435859817
1754 5.550691458855987
1756 5.174258982517351
1758 4.824744259717489
1760 4.3288510496493755
1762 5.689205788160393
1764 5.585075993993421
1766 5.962126929170972
1768 4.362315346737583
1770 4.2206472506196935
1772 4.376044600473557
1774 5.502190396352682
1776 4.408731140848223
1778 4.568239563302089
1780 4.48381234903566
1782 7.013093819297106
1784 4.3062513167369065
1786 5.838470564952064
1788 4.569616238375114
1790 4.2880848057649725
1792 4.875519874128465
1794 4.835092762456638
1796 4.532616046109307
1798 6.919743865024377
1800 4.649580922934213
1802 4.455077890043762
1804 4.705855851041908
1806 4.541036101456591
1808 4.665231292658541
1810 4.897134950054802
1812 4.665118542139981
1814 4.537659975880752
1816 4.944142195899307
1818 4.357274512867985
1820 5.0471202194709734
1822 5.439746973119554
1824 4.514727491783942
1826 4.869134442066167
1828 4.354598462661595
1830 4.412961748815724
1832 4.769334353665022
1834 4.236828928880913
1836 4.385480140843953
1838 7.0928440595472315
1840 6.673399112375176
1842 6.692516110802628
1844 6.358777388135756
1846 7.155986694720428
1848 6.468047314270141
1850 4.818052787801334
1852 7.24288534680702
1854 8.310676201259284
1856 8.216653537128366
1858 9.417396264616524
1860 8.323570153054272
1862 8.01424578511152
1864 8.160938619601366
1866 9.197274368895338
1868 8.586187726323342
1870 8.20844295070993
1872 8.722535402420542
1874 8.43122767151295
1876 10.475227914741211
1878 9.11226070489268
1880 8.029969431824128
1882 7.165044808951684
1884 8.702927789648657
1886 8.209537594011074
1888 10.07757508402034
1890 9.176554853116444
1892 11.432637387940236
1894 9.659632905108408
1896 9.751984111146989
1898 9.292864843174243
1900 9.273672974778771
1902 9.192543878159782
1904 8.772884323821113
1906 9.899850715515521
1908 10.472873267409916
1910 10.715765438111633
1912 11.053114238758472
1914 11.19127102639834
1916 11.137359706216724
1918 12.46334228950655
1920 12.323254832055163
1922 11.578408754222673
1924 11.888828401458436
1926 11.414658266454877
1928 11.818761965342109
1930 11.939692831262862
1932 10.235416626387341
1934 10.911944476448118
1936 10.727167115550772
1938 11.027969302352227
1940 11.66545941876918
1942 10.750974195901893
1944 10.723530838935803
1946 12.617536563490182
1948 11.947902273274387
1950 10.804341336024947
1952 11.203616399015399
1954 11.553095850749525
1956 12.25803366868918
1958 11.255677693803335
1960 11.705580361642529
1962 11.722303844984484
1964 11.597663454129515
1966 11.264731208318802
1968 11.292710489473617
1970 11.21267424646768
1972 12.132090922735054
1974 10.58265123287887
1976 11.373727391951546
1978 10.5638820864471
1980 10.370137572754002
1982 10.001175875387528
1984 10.82428211282955
1986 11.500328014707383
1988 11.021925548554533
1990 10.765777430265498
1992 10.726481072447532
1994 11.51516373127643
1996 11.366289017867194
1998 11.776735240034606
2000 12.522303465500716
