0 3.972051524156521
2 3.9005313656164793
4 3.812265853148442
6 3.948487693921729
8 4.884459397267078
10 4.195480338833999
12 4.0945448506806335
14 4.022261244171198
16 3.937435510705441
18 3.845947933745222
20 4.280818411760448
22 4.600575600479168
24 6.746882435712824
26 8.42576341886703
28 6.6772902391445905
30 4.357812696084705
32 4.395872567522099
34 4.724263438470919
36 8.32732181208792
38 6.457972923860535
40 6.606671658517701
42 7.434230555603348
44 6.5587073913456795
46 8.155909486503935
48 5.967354464793942
50 5.567053024927539
52 6.860010094596277
54 6.081988321742093
56 5.942591517628278
58 6.405162881040382
60 6.4898503624553445
62 6.539808935474486
64 5.988032786455872
66 7.212715842471028
68 6.776974485167908
70 7.591875709090062
72 7.453993490577458
74 5.9874702815397445
76 6.966756815618417
78 11.285498518305703
80 10.486989723204973
82 9.30135004642973
84 6.238705492483102
86 6.996060165769029
88 4.6837132399925565
90 6.366197005975654
92 8.540215512492855
94 6.821569485446242
96 6.565409859201017
98 4.591700134571301
100 4.231368756342131
102 4.3028668971515645
104 3.9123810845637097
106 3.78561887975491
108 3.949183442911454
110 3.9032550737689076
112 4.17426950242986
114 4.04857958905034
116 3.9658149457097847
118 3.968548014826717
120 3.7002290166179765
122 4.018483476931978
124 4.222584950038348
126 4.053559861724638
128 4.103230391905425
130 3.9051271823794056
132 4.020376618618051
134 4.076768543124954
136 4.098042387536215
138 4.026673147899938
140 3.9675937876669067
142 5.04064798882377
144 4.107958293107362
146 3.854564691058719
148 4.009753368533035
150 3.800274797647034
152 3.9299377902406376
154 3.918121762200613
156 3.9057490764811793
158 3.756019923523515
160 4.033364010113823
162 3.9026249234023753
164 4.089900733844088
166 3.9684142755248524
168 3.9530469174681353
170 4.0202182573982945
172 4.057566214528486
174 3.881577182616359
176 4.733508697560956
178 4.759704742250889
180 4.210434119540283
182 4.078116757208822
184 3.8945346755187544
186 4.0287271970747875
188 4.002253009320032
190 3.867479379771497
192 4.0167329841572155
194 3.9195306325712136
196 4.547188515421948
198 4.813923388078563
200 4.542809439720395
202 4.736084903550493
204 4.455222943316395
206 4.573022233561897
208 4.507004924548931
210 4.558611386000909
212 4.266204838404998
214 4.567022700520502
216 4.602720401595026
218 4.8937723343031045
220 4.597113454322544
222 4.3325844178797634
224 4.718959108118631
226 4.364104379751602
228 6.159827643872581
230 5.702406637658525
232 7.799421649913285
234 8.857597321174735
236 8.28731140843086
238 6.452325982432326
240 6.476685529217332
242 7.55575058224208
244 7.289142144779145
246 8.243988980044435
248 7.313622805221205
250 6.928238867485643
252 7.505244494479724
254 6.490068533706955
256 6.548846850742093
258 7.6952525295098315
260 6.635849739864531
262 7.078428340977841
264 6.490921387711053
266 6.449021739501379
268 9.013488344556988
270 7.419016107687912
272 7.633874694207454
274 6.329041932030125
276 7.095244252126918
278 8.233145944584992
280 9.406836474010968
282 6.619670200950691
284 6.326842823908448
286 6.7864287298100745
288 10.023620904067956
290 10.160359219187832
292 7.3479605511655075
294 8.684717215162815
296 7.498410248997679
298 8.619918150546534
300 9.240944683785159
302 7.767588728542167
304 9.315128055990007
306 9.731693857919364
308 9.001047389821895
310 10.176580684469533
312 9.461402156867102
314 10.756260042249547
316 9.59751840608611
318 7.4050322063862115
320 8.026987265883449
322 8.845199383289431
324 7.73673513391005
326 8.195484270796628
328 9.543198325375924
330 8.42246398392722
332 8.294610373540682
334 7.38610712533096
336 7.092892586967859
338 7.909295209311403
340 6.419287820456917
342 5.496705817521832
344 6.406382083245577
346 6.277484119659367
348 5.327763988988565
350 6.810760142606348
352 5.983260316592772
354 4.107219069690533
356 4.114726538584514
358 3.911025753257053
360 4.758546239225845
362 4.232230407099892
364 3.8189753327615086
366 4.370149235742749
368 4.429326753118844
370 5.066155292974218
372 8.95198460608142
374 10.834065695400572
376 10.289928087851127
378 8.06723740875854
380 8.631138644285917
382 8.043537615726326
384 9.772679962742993
386 8.163558827546327
388 7.53568048332417
390 9.081769666436863
392 9.16767559498553
394 8.788410836781269
396 7.851553309229916
398 9.94843934790776
400 8.449897233869233
402 6.9558920801997335
404 7.0415999696879465
406 8.096721486388473
408 8.229400739394972
410 8.529693309284262
412 7.755585890773866
414 9.233839141800317
416 9.524853660286064
418 9.067026978329844
420 7.712916998723491
422 9.042351543463827
424 7.471983736241617
426 8.592484142043002
428 8.623928032911225
430 8.124496551039183
432 5.620648991048052
434 4.666584413258296
436 5.284793561157101
438 5.812438856899325
440 6.2810367068703
442 7.329049140076085
444 7.998958244397602
446 7.017412754195829
448 5.6035452530591465
450 6.495114707258265
452 5.9912676452861895
454 7.056812755651054
456 7.301034050850865
458 6.578586118739487
460 7.375402797652368
462 7.020490216481447
464 6.7886638593081745
466 6.702785797800618
468 6.828889035624032
470 6.713077905995359
472 7.428789225485733
474 7.250945664182048
476 7.331304596763228
478 7.223558737221078
480 5.2448483106088615
482 6.617717000291967
484 5.9436206661959385
486 6.547353246677677
488 6.659977166306697
490 6.283261495787245
492 5.890449661162843
494 6.898759742175846
496 6.016089231278045
498 7.406610954252939
500 7.338408957650458
502 7.159574570190851
504 7.218698798352091
506 6.616424745048083
508 9.485177970674162
510 7.577181511825496
512 7.447176970118327
514 6.991453725465549
516 7.516275636144257
518 6.5955624193893945
520 6.308707752453473
522 5.662585399533748
524 6.627774162135152
526 7.232896292333349
528 6.726467242632561
530 6.191175503884388
532 6.0856589654681015
534 5.698857501456946
536 5.603905524086188
538 4.744376284544808
540 5.669687224953388
542 7.896393464070623
544 6.324494098200889
546 7.183322714440991
548 7.4994689899924145
550 6.8771023430221065
552 7.745764494391412
554 7.39033565352727
556 7.793908263973766
558 7.050818789289228
560 8.064973241357416
562 7.702126206167259
564 6.2802957438429585
566 8.061498342735781
568 7.914864451826409
570 7.3951160492498635
572 7.671382373441745
574 7.546353747933878
576 8.073573811628039
578 7.278113896364874
580 7.897292537263649
582 7.13202382046324
584 7.539214373876914
586 6.204149044934118
588 7.032962096242871
590 7.55624373513588
592 7.555800584527736
594 7.30283921260849
596 6.507622468952076
598 7.728293039587537
600 6.619401066821256
602 6.713271910543804
604 7.6940359807384295
606 6.460110158072666
608 7.112571869234636
610 7.250507423487811
612 7.564880675933777
614 6.134998011756398
616 7.318946975679678
618 6.9037748481052015
620 7.044976812236717
622 5.829518544138301
624 7.230635987058409
626 7.317449326260149
628 7.278257868321341
630 7.283195415157495
632 7.9428683675414655
634 7.529026033553513
636 7.789193821575784
638 7.383609138567485
640 6.457213405586029
642 5.914884255217237
644 5.707635135264998
646 7.458471685958242
648 7.280315910443687
650 7.242325116265961
652 7.212478677015359
654 7.330763656793931
656 6.701318145903309
658 6.640521605353756
660 6.588548969523553
662 6.56296908364055
664 6.372084482865088
666 5.947884316137622
668 6.9569973495456034
670 6.2961710708846566
672 6.844643922606046
674 6.398163396048546
676 5.934739355393644
678 6.539979830604427
680 6.176868958129341
682 6.3752308169004
684 6.07160185490607
686 5.786175586210614
688 6.080530657450312
690 4.762419097134776
692 6.251930619053992
694 6.242543552117735
696 4.979843556969877
698 6.055562642905818
700 6.4834599307296426
702 6.662292134147489
704 6.945008829001324
706 6.521730902800292
708 5.538788470062209
710 6.95707390673563
712 6.9042935546326785
714 7.2756603391718055
716 7.430408723663754
718 6.739257998050872
720 7.353136584898842
722 7.744587511144799
724 7.511331066927603
726 6.335843329776746
728 6.666233847698171
730 6.3481103010689175
732 6.317998624508707
734 5.947469320204151
736 6.267680464749824
738 7.218440316514213
740 6.4589894074191445
742 8.28971342247337
744 6.03577805732326
746 6.393658833947954
748 7.06598087745212
750 7.127556216349861
752 7.537229875221061
754 7.003235705842704
756 7.229999790218687
758 6.9639286439190915
760 7.164912052614484
762 4.99752981462867
764 7.260814931233497
766 6.715911468886646
768 7.013087014613175
770 7.140230427512683
772 7.514404296007432
774 6.466635353617025
776 7.929400538614752
778 8.20184437344184
780 6.329336945096379
782 4.512391469058241
784 5.839984223859521
786 7.643487125698281
788 7.5203281428408575
790 5.183981647601494
792 7.597350688547598
794 6.865197521240055
796 7.450969134284199
798 7.146678350405987
800 6.1900810322676865
802 6.2933026149576765
804 6.336029483093337
806 6.681351448913153
808 6.005087851111231
810 7.251060382618637
812 6.957213384588621
814 6.608725772451718
816 7.337339718476617
818 7.046398870504822
820 7.0272377706194105
822 5.915482712672797
824 5.771630548599672
826 4.904083170003553
828 4.704910581026016
830 4.5381604659884704
832 4.540358499511234
834 4.651978689238528
836 7.663789366630536
838 6.569211049550235
840 6.806476390599556
842 7.310858293862659
844 7.295914230947612
846 6.779388500084095
848 6.555763793494075
850 7.750797416375631
852 7.182091162865002
854 7.10058452167026
856 6.725995089863607
858 7.434178087052595
860 6.167028855669389
862 7.521266496824998
864 7.026187823134162
866 7.413271696786578
868 7.7535896698212134
870 7.270959296029356
872 6.940722981816831
874 7.211453446171786
876 7.1691070977485305
878 7.368826352466402
880 6.464865001853728
882 7.2337911721952874
884 7.106033503020273
886 7.4527638133975955
888 7.552818701858371
890 6.993325410858416
892 5.948877863368917
894 5.94408506702892
896 6.229192433444445
898 6.02515855813518
900 6.84411982024884
902 6.473610589915539
904 6.662887066618181
906 6.44975968331743
908 5.585776081589359
910 4.706466011190558
912 6.1183165704519915
914 6.988426306401105
916 6.716999111439159
918 7.782793546314694
920 6.35148857222967
922 6.318806884027776
924 6.582450028878413
926 7.602845483650495
928 7.34385512599657
930 7.254863069218826
932 7.337453661797281
934 7.75947335039383
936 6.916395473939963
938 6.529044953355417
940 6.708310998787686
942 6.70122775270566
944 6.3412635266186825
946 7.400953811217182
948 6.880266580076743
950 7.287089528376581
952 7.146760903546417
954 6.8119418806324585
956 7.059892517444125
958 6.504642490249036
960 6.156046952952799
962 7.092426623621738
964 7.20187185962653
966 7.79428071976417
968 6.73594809810732
970 7.015156321353146
972 6.256914346732838
974 7.142183013283772
976 6.650454926271827
978 6.369957542582975
980 5.756341567913427
982 6.774556815551852
984 4.559088111851733
986 4.633424936144856
988 5.068932466095853
990 5.413556470987679
992 4.9415958100388035
994 5.509432584213575
996 7.047025815583716
998 5.6350046407297825
1000 7.738462178840913
1002 7.286114672422715
1004 7.02012915663665
1006 8.390902652676054
1008 7.027345013732662
1010 8.983957043607244
1012 8.272632710653571
1014 7.358275552956504
1016 7.966693798943487
1018 7.422186794029451
1020 6.718213734055168
1022 7.841818495461161
1024 8.30488202842186
1026 7.3408749541747955
1028 8.967452739233154
1030 6.071190628351092
1032 7.052549020516502
1034 5.827057653501013
1036 6.513261684048718
1038 5.934092222881435
1040 6.58365836481976
1042 8.217760625459222
1044 6.819585211664587
1046 5.909727119566895
1048 5.3711914065001185
1050 5.467042926092874
1052 7.350872552891975
1054 7.226768166838914
1056 6.711734240401074
1058 6.839632587722068
1060 7.3832148071651265
1062 8.103094203583668
1064 7.460219864459891
1066 7.67984274504658
1068 7.751095869396041
1070 7.930748394628433
1072 7.352660110430432
1074 7.4960636211309915
1076 6.560329138477447
1078 7.32495280550755
1080 7.4267479145063175
1082 7.627753590558054
1084 6.044186194126952
1086 5.99002457017296
1088 4.848752434486685
1090 4.4659942989399894
1092 5.6176410000369685
1094 5.254203904211839
1096 5.754914057777092
1098 4.963856627946376
1100 7.20492747919689
1102 6.762454736589674
1104 6.195942518017894
1106 5.585318736490373
1108 5.585241998881741
1110 8.166969028447882
1112 6.518007378827433
1114 7.39885372047663
1116 6.479815735258896
1118 6.552437949241386
1120 6.6623800667908135
1122 7.886043795801866
1124 7.7656012533864525
1126 7.257553253669159
1128 8.087047623638576
1130 8.201957389373275
1132 7.877826250271045
1134 7.908795958462097
1136 7.502012906157595
1138 7.712519212697236
1140 7.913312061845275
1142 7.4535492251027415
1144 7.686314469889576
1146 8.129167869373372
1148 7.409321526114312
1150 7.266687555878506
1152 7.699597289422893
1154 7.201101930016124
1156 6.991670201713436
1158 6.097684358422276
1160 6.294871196080856
1162 8.277188060972483
1164 6.726463055713439
1166 6.715904509183999
1168 6.895708470230449
1170 6.5085270250387675
1172 6.348257975329009
1174 6.9011068580852
1176 5.66217955341104
1178 6.9651663098349434
1180 6.716832201768923
1182 5.420579163978775
1184 5.090640638165164
1186 6.122688121468069
1188 7.589771539722202
1190 6.432318146114989
1192 6.2081877787009265
1194 7.061741281236237
1196 5.895597986076274
1198 6.508664970099696
1200 6.756471166784116
1202 6.017772090962664
1204 7.905627397208348
1206 7.864241392265502
1208 5.018063490123661
1210 5.423628717193364
1212 5.216069515357718
1214 4.9534080668909635
1216 6.631414690720835
1218 4.107477678840739
1220 7.117737125676543
1222 5.486072527370737
1224 5.809358893003181
1226 5.920710105579337
1228 6.211327029845429
1230 5.934510037671195
1232 7.550857396234129
1234 5.834505241229913
1236 5.1399276449371065
1238 6.155168288135974
1240 6.078755092667315
1242 5.739247680970466
1244 5.646609801659784
1246 5.665282217277446
1248 5.618942349106033
1250 5.470792691051725
1252 5.556860080249317
1254 6.260401813422943
1256 6.748005140752105
1258 5.124883007077042
1260 6.007714698692684
1262 5.122939825064369
1264 5.538357329606335
1266 6.009434519234793
1268 6.542242400918404
1270 6.605526714717471
1272 5.48976988041161
1274 5.9141289905033405
1276 6.657281551986293
1278 6.447408072447967
1280 5.959070273476245
1282 5.5852843471961435
1284 5.728707009940956
1286 5.80714771321277
1288 5.634279978533991
1290 6.428737738135511
1292 6.649893755989384
1294 6.124863773006706
1296 5.112739936256934
1298 6.342072997203879
1300 4.4461426118359215
1302 5.25663065313109
1304 5.754075248654689
1306 4.109433175614256
1308 4.77742362017164
1310 5.317500326844738
1312 4.849717123379466
1314 4.554657053261971
1316 4.4944995867237445
1318 3.75635513499454
1320 5.182646842680183
1322 4.829590371973612
1324 4.335275550196147
1326 3.5710793854672005
1328 4.202883400580089
1330 4.263837461003225
1332 3.9546583789891323
1334 4.256348131933262
1336 4.380535225065346
1338 4.431044098253434
1340 4.086342659624683
1342 4.398609321695476
1344 4.099146371693058
1346 3.8079694869134624
1348 4.628160190416292
1350 4.080115891859268
1352 4.512443790503022
1354 4.544639134289548
1356 4.875782785340102
1358 4.704951737549692
1360 4.861047667622616
1362 4.393294488127145
1364 4.632993134851757
1366 4.674111049734776
1368 4.403463391204543
1370 4.460875513676272
1372 4.577371838715145
1374 4.570179178081022
1376 4.172695386559135
1378 4.146844152434791
1380 4.41238522890219
1382 4.518016606884251
1384 4.492592335021802
1386 4.625444612817398
1388 4.61317664598876
1390 4.576218990170146
1392 4.685146403597092
1394 4.884077576430271
1396 4.688068181715998
1398 4.510529002361191
1400 4.854783661703678
1402 4.5209499312973485
1404 4.486303843281289
1406 4.6574889730360205
1408 4.290524391545241
1410 4.740461080163009
1412 4.798874085305618
1414 4.513719670618021
1416 4.767945709919053
1418 4.525159342797449
1420 4.521690523786315
1422 4.985069761412645
1424 4.257417374157596
1426 4.718849530726091
1428 4.5232034083717165
1430 4.431032671640793
1432 4.397882697028066
1434 4.441688388413683
1436 4.706049644151517
1438 4.578895980850388
1440 4.458570973639723
1442 5.007839807117072
1444 4.5987518010268245
1446 4.682116530684854
1448 4.14780719266005
1450 4.976216188157289
1452 4.498922175204161
1454 4.373609370237286
1456 4.372674071670003
1458 4.447850730754375
1460 4.422797609348388
1462 5.916228659712049
1464 6.120514339207785
1466 6.642106597589787
1468 5.710413823674493
1470 6.820858635873972
1472 4.623302570698185
1474 5.915120808658645
1476 5.013361066955085
1478 4.4850923934865214
1480 5.614169137552889
1482 5.503169902563704
1484 5.421013971622188
1486 5.593362702911533
1488 5.749248877792208
1490 5.682122011986763
1492 4.747688553430204
1494 4.870241129588019
1496 5.074210820820947
1498 4.692862333243573
1500 4.696359939324435
1502 6.847408559635579
1504 4.707040321577054
1506 6.172590392679786
1508 6.718671901118888
1510 6.637964387041193
1512 5.455722825987138
1514 6.327626535156701
1516 4.951071233568285
1518 4.22127721759537
1520 5.851887493846648
1522 4.69580337721068
1524 4.261334354822829
1526 4.493396873227961
1528 6.425900271747236
1530 6.413745765726307
1532 4.991277197490393
1534 6.76675318475515
1536 6.023168680165143
1538 6.503118856479132
1540 6.6832520656217165
1542 6.636578451607842
1544 6.942648077580949
1546 7.454481802110024
1548 6.24427789085342
1550 6.392030926302997
1552 4.719551293335461
1554 6.704036831557381
1556 6.169268823027691
1558 6.645807140697629
1560 6.602642124187417
1562 7.976231698424807
1564 6.254503849885099
1566 6.375900705184004
1568 6.0321336957378895
1570 5.703661266533849
1572 6.768907752231266
1574 5.566084925215678
1576 5.6861390810478145
1578 6.502337983787899
1580 6.073816962198021
1582 5.326698421787732
1584 6.1266198526723485
1586 7.991432682732256
1588 6.750673073901346
1590 6.767011321416394
1592 6.198077156430062
1594 6.640037636486334
1596 6.1008942403272215
1598 6.182126556736238
1600 7.017107763469967
1602 5.559332141979393
1604 6.39165781786294
1606 6.640680239203125
1608 7.629935277666059
1610 4.178003648851153
1612 6.74887034908742
1614 7.002796953606392
1616 5.856593409808529
1618 5.719748864164808
1620 6.271342503653311
1622 6.933173864489596
1624 5.393511710097364
1626 6.0556915430108536
1628 8.477371341019323
1630 6.61728502178796
1632 5.163287859416584
1634 5.69137516185491
1636 6.2310750241492325
1638 6.198369544963038
1640 6.174406449314491
1642 6.43249196223862
1644 5.810213029276937
1646 6.299521262738617
1648 6.373515797857588
1650 6.123707596429274
1652 6.5604334836894305
1654 6.033979620335815
1656 6.115136067461066
1658 6.367073516043935
1660 5.998999260422763
1662 6.959462693188282
1664 6.572431474971456
1666 5.833619771737581
1668 6.217946172353369
1670 6.037526455090902
1672 5.990779397800737
1674 6.0031547207784035
1676 6.209911173309805
1678 6.326722487093113
1680 6.094748495924032
1682 7.261861943857684
1684 6.003276153304437
1686 5.696610824612813
1688 5.7500826656942365
1690 6.764242583038148
1692 6.908031480454151
1694 6.2806185207617045
1696 6.670187374156375
1698 6.56871401994457
1700 6.729050659516153
1702 6.348753948122347
1704 5.672158529093914
1706 6.092161749657278
1708 6.012702150370826
1710 8.06211553824401
1712 6.396389166992684
1714 6.718554617665627
1716 6.184218859561285
1718 7.035984094225975
1720 7.538046193645102
1722 6.208265782971703
1724 6.894924663447331
1726 7.916384828240651
1728 6.150332647991235
1730 6.986507800579816
1732 9.48201501717961
1734 8.079333371151792
1736 6.431459517171505
1738 6.329785073296623
1740 6.807792406591919
1742 6.582228495051743
1744 6.353339143154287
1746 6.284404717103447
1748 6.053242656241312
1750 6.547262761212228
1752 6.724650313923363
1754 7.429062707448834
1756 7.345665208210073
1758 6.163909692935061
1760 7.840121386622797
1762 7.081793062998479
1764 6.763845115363864
1766 7.192160450674913
1768 6.561902427453547
1770 7.880140187911883
1772 7.275590568562654
1774 6.478406457289444
1776 7.606250100310557
1778 6.142324635572791
1780 6.495033280530137
1782 6.536821361674122
1784 6.954904167782889
1786 7.340113536363314
1788 6.092193983531389
1790 7.643265634008263
1792 5.494803710990902
1794 7.006005890404492
1796 6.414794254943793
1798 7.559207967623206
1800 7.0460476180781555
1802 6.273666312570333
1804 6.3553630839801185
1806 5.820479058026284
1808 6.4577631712430605
1810 6.33128514049181
1812 5.442440041114029
1814 5.972185371200045
1816 7.313787785375867
1818 6.618376989875041
1820 6.650331086371526
1822 6.690445590158669
1824 6.67006777979301
1826 6.595675346967459
1828 6.4848973394199705
1830 5.898377363626141
1832 6.28411301987568
1834 6.467680549239854
1836 6.4390700267074
1838 5.8236173870064
1840 5.202241049633077
1842 5.17862502919768
1844 6.53143468662392
1846 6.8061854322351865
1848 6.4513941189514785
1850 7.002021008650262
1852 6.244101140355491
1854 5.268054940533586
1856 5.272740890336591
1858 5.94873911216698
1860 6.5184163488396045
1862 4.529029989588997
1864 6.169761856406867
1866 5.6056398803407275
1868 5.70867305536206
1870 6.103485699933125
1872 5.164077588389938
1874 6.187935556208981
1876 6.168073185528439
1878 6.718227256872074
1880 6.041754987794203
1882 6.361674909480581
1884 5.524365143218652
1886 5.991794407846563
1888 6.195942240961742
1890 5.619463200579453
1892 5.9829211721357884
1894 6.2600472340663
1896 6.598796778038611
1898 6.125533118143042
1900 6.22724565070638
1902 6.071654678879372
1904 6.6788430474089955
1906 8.049358660629263
1908 6.188334974896501
1910 5.381348179365777
1912 5.912820251180388
1914 5.738785831822996
1916 5.8892294602855
1918 5.805525328063959
1920 5.883028014188553
1922 5.499799716703642
1924 5.935533029456416
1926 5.794425349477993
1928 5.504780230253444
1930 5.462684537589871
1932 6.850386904295533
1934 7.2498860119538
1936 7.131829389997568
1938 5.699879568604448
1940 6.564286735013515
1942 7.281299689472202
1944 9.04226201595797
1946 7.434288868250396
1948 7.654505885928312
1950 8.041762601176432
1952 8.137481539798298
1954 7.145021813742359
1956 7.497706194238844
1958 8.481839891965235
1960 7.111684238631977
1962 8.424592696589503
1964 6.697181610822338
1966 5.239932615432813
1968 5.080572803683243
1970 7.3160831340494825
1972 5.90108707461012
1974 6.0126073112866765
1976 5.57058816267046
1978 6.117797320541548
1980 5.8849936537985945
1982 5.295165816495357
1984 5.426324174715616
1986 5.899045481402596
1988 5.85483289576613
1990 6.1645549188448925
1992 5.350275828446348
1994 6.929080710384031
1996 6.198429686514155
1998 7.309469603831271
2000 6.707575931356947
