0 9.942274358587659
2 14.404433981235352
4 14.347049291206243
6 14.553489100179863
8 15.068819334165093
10 15.456256458817567
12 15.170295586519876
14 15.616683728471127
16 15.574664159202001
18 14.99443210871109
20 15.990079466699884
22 16.173437403958356
24 15.226786332894983
26 15.66281950492267
28 15.34017679672163
30 15.304173736352057
32 15.812294003993552
34 15.624887108674836
36 16.182676278340242
38 15.715037836120903
40 16.58609129182735
42 15.848343433347734
44 16.09747299616384
46 15.648553660484794
48 16.17928742583228
50 15.947573123279708
52 15.573447616783108
54 16.29501150060013
56 15.931108906974432
58 15.688834209714647
60 15.83765693934884
62 16.15918209404816
64 16.103649815618162
66 16.411476214841556
68 15.97411994069387
70 16.280798845117257
72 15.31892245395189
74 16.141871340586167
76 15.783213617977118
78 16.561065219951807
80 15.71905158863709
82 15.95149222369787
84 15.927028347321158
86 15.68861395000173
88 16.418608741876515
90 15.858932502681757
92 15.568352681010357
94 15.645333489498913
96 15.97538858366802
98 15.806983238752137
100 16.000767492960723
102 16.09343163766716
104 16.040208236694998
106 16.013867644821104
108 15.656230247697179
110 16.03229595112229
112 15.85183352963454
114 16.395167112998514
116 15.997491597386807
118 16.010316115340014
120 16.590902606309243
122 16.522440592434656
124 16.102644988595856
126 15.743559232654574
128 16.534140724302038
130 16.764989715946953
132 16.099719291562508
134 16.15955801387723
136 15.699889204475728
138 15.799325032366697
140 16.3162787798785
142 15.500867363073485
144 15.484557387296892
146 15.824489130582315
148 16.2963728719181
150 15.449804572489928
152 16.35478488352927
154 16.231235666297756
156 16.37810692157067
158 16.42117602449993
160 17.115017215902014
162 16.29642408086837
164 15.998156843834522
166 16.681796856341727
168 16.344639679307733
170 15.954051205246486
172 15.939889955799112
174 16.96347687080657
176 17.173082354372315
178 16.709678699411157
180 16.695680117216757
182 16.488441885953936
184 16.312899218729367
186 16.815712210925188
188 16.234992750311985
190 15.853582311291934
192 16.34508805599888
194 15.984045985363775
196 16.770499158971408
198 16.387879640979765
200 16.191709070223762
202 16.46758245368556
204 14.828977428945388
206 15.526449347668603
208 15.93902548210449
210 16.43912167024438
212 16.525868158526542
214 15.84813567740791
216 16.089175018347156
218 16.081036300670966
220 15.971317200155616
222 16.070863323273535
224 15.839026452598247
226 15.955274109765679
228 15.215471245988603
230 15.924831150759676
232 15.41982905153532
234 15.956584294346417
236 17.368292006882953
238 16.587299518311273
240 16.406719128525022
242 16.234077482010626
244 16.63705608580087
246 16.17313559229102
248 17.471763621740603
250 16.1316236456638
252 16.609709275725763
254 16.271634346181347
256 15.731768518209645
258 15.30831184015127
260 15.697543179471525
262 15.719444866914056
264 16.27465708587966
266 15.579283116978994
268 15.447829907351283
270 15.424495170655597
272 16.017478847358436
274 15.422148668973081
276 16.85865252394508
278 16.01227720202751
280 16.69981673052229
282 16.93567076389442
284 16.19094127046618
286 16.51491122290203
288 17.123317623259847
290 16.019821260672323
292 16.08366527375863
294 16.938773375941143
296 16.992612129842993
298 16.152956039823902
300 15.98795932881695
302 15.662087915990119
304 15.459472315025595
306 16.004307759603265
308 15.983563166703833
310 15.936841029575257
312 16.51340886710385
314 15.776261590534068
316 15.497343801200975
318 16.073214128122725
320 15.28142565872038
322 16.264854841503023
324 16.035036665779394
326 15.600911306516391
328 16.083078894329105
330 16.127138131737407
332 15.47284803868889
334 15.309141617327382
336 15.37289189530425
338 15.596799867707576
340 15.949475961909393
342 15.388546054470577
344 16.024032099068197
346 15.05812726620249
348 15.699251301597373
350 15.229529350259364
352 15.799849038674056
354 15.622409871553142
356 15.77730719117244
358 15.587208580297464
360 15.913175831148363
362 15.491017234898797
364 15.870185506757679
366 15.68577517032951
368 15.430991551698309
370 15.452812932105715
372 15.525159618595648
374 15.204517605978575
376 14.959578649534448
378 15.471089423102667
380 15.145971662021022
382 14.893882160736839
384 15.442155458283226
386 15.078964764709134
388 15.292904863973538
390 15.292795432647175
392 16.417961363719993
394 15.256421960047156
396 15.736673965458671
398 15.82669827004877
400 15.918284906369756
402 16.014760769559214
404 15.933869928005794
406 15.270545592588817
408 15.708723395705052
410 16.089346370190928
412 15.769789414920917
414 16.129219376180135
416 16.03758831872645
418 16.252299252057234
420 15.525806160114943
422 14.998284941422147
424 15.630397076484384
426 16.912508184034653
428 15.325393182041479
430 16.28084146522906
432 15.14598660247933
434 15.467428091996615
436 15.845124350217793
438 15.227951483114483
440 16.076724326478875
442 15.852239836982518
444 16.487293047601618
446 16.06485328766574
448 16.364243549755354
450 15.834220697942303
452 15.76655275798811
454 16.04434585279196
456 15.476038888598556
458 15.996046570922301
460 15.839121801136377
462 15.396696646784205
464 16.059634356969145
466 15.917062682994047
468 16.359015791559113
470 15.864232251685184
472 15.363394813099085
474 16.47920718036183
476 15.163673154476104
478 15.488212008437234
480 15.446517385706578
482 15.482146464730725
484 15.95374385229684
486 15.66270162378678
488 15.094507812078787
490 14.959295385364058
492 15.506278322846804
494 15.474646479155332
496 15.688089209397154
498 15.451122773692
500 15.488760221353912
502 15.746213762411788
504 15.66975264402228
506 15.834904616526668
508 15.408262561879324
510 15.026055776459604
512 15.585701827205963
514 15.883064944059615
516 15.85185844505779
518 16.101496594171067
520 15.206816132408841
522 15.293074297409428
524 15.392068976324715
526 14.967213768785477
528 15.140574758045124
530 15.55619695851988
532 14.933798302248885
534 15.41423838082721
536 15.976295157451592
538 14.885790158367376
540 15.795457748345191
542 14.902902923243717
544 15.321542800234367
546 15.748087174583533
548 15.633651197597894
550 16.03184850590004
552 15.969338610383442
554 15.711765572683765
556 15.613753738434793
558 15.689093722737276
560 15.809381276522505
562 15.192320112652077
564 15.649616131839739
566 16.34345437766804
568 15.11471607038789
570 15.945225535653433
572 15.458432537926434
574 15.108843138139914
576 15.74685357414099
578 15.370768282967036
580 15.943097449192674
582 15.663263673716433
584 15.794123231054796
586 15.431596538745504
588 15.129275661762229
590 15.245993135557743
592 15.475846223487707
594 15.359219006711227
596 15.482845938534677
598 15.551585233197148
600 15.705210046199449
602 16.27456418496122
604 16.371300823841793
606 15.695032981896507
608 15.432216619860283
610 15.870774478198927
612 15.472220498472973
614 15.278490321291889
616 15.993143471445851
618 15.453790556164673
620 15.266237526095503
622 15.26414396283003
624 15.28157939278121
626 15.60534338712954
628 15.05975114310415
630 15.743146953741103
632 15.757675063507282
634 15.585027740523909
636 15.461559798500724
638 15.992113796889313
640 15.525111652851601
642 15.650074212142542
644 15.147018487118352
646 15.109549393666478
648 15.265970559877521
650 15.3827213728102
652 15.271249630502018
654 15.346324395794621
656 15.360436248346144
658 15.640743840961457
660 15.096341813739985
662 15.373964193348609
664 15.681542478329215
666 15.59549503716086
668 15.6126223642104
670 14.927143506272088
672 15.799745548084166
674 15.778952643154472
676 15.359354440912977
678 15.505424573314327
680 15.330019141258893
682 15.62472690230363
684 15.549568328459651
686 15.454325202223256
688 15.318435715775061
690 15.292549176277918
692 15.296440962385267
694 15.704891868494391
696 15.446605802265255
698 15.711048370098142
700 15.434957066939647
702 15.663643454495046
704 15.770487608016527
706 16.37656925552797
708 15.505454801000008
710 15.680953091055272
712 15.046570823365322
714 15.568857088668626
716 15.529148903328005
718 15.960277287076376
720 16.006651249574023
722 15.304914973666772
724 16.065719002746484
726 15.48369565580291
728 16.161677985746213
730 15.55899828699675
732 15.597058257699745
734 15.827061003347767
736 16.029429749779492
738 15.617188639437488
740 15.184648411528437
742 16.177596737463997
744 14.572606770610276
746 15.4094915939143
748 15.415937803673783
750 15.388622054395174
752 15.784362328465027
754 16.242200127385303
756 15.906953921948261
758 14.778209623266696
760 16.03539934080423
762 15.697988282405852
764 15.336795307414004
766 15.220857523599596
768 15.697177895543112
770 15.191619026338302
772 15.670437684024062
774 15.510732289286764
776 16.072505644973656
778 15.6825187620981
780 15.554574350575813
782 16.34913099866896
784 15.148497935249068
786 15.74374204318721
788 16.036497585114848
790 16.0219510786479
792 15.389289214122698
794 15.885932032518035
796 15.576282936619258
798 15.697171379548491
800 16.109589190275315
802 15.075306159260515
804 15.607272920878227
806 16.45417078730167
808 16.213402298312467
810 16.024305376302255
812 15.569679443159453
814 15.688121082818181
816 16.510822238422122
818 16.478978637418198
820 16.354478557954643
822 15.630517439916659
824 15.548568564322771
826 16.18166089901441
828 15.579298286846177
830 15.88613837822235
832 16.069886718334185
834 16.177234799273055
836 15.729222640845316
838 16.21632781119472
840 16.45567914110313
842 16.01997856262657
844 15.547494414386545
846 15.363606088053231
848 15.857953077805496
850 16.24881409378711
852 15.293295296842153
854 16.111078519707227
856 15.552940253763536
858 16.050692921166142
860 16.3746224291898
862 16.18077478569585
864 15.950928328909312
866 16.034878135150688
868 16.104700529957984
870 15.955361249155164
872 16.188705632176273
874 16.155753844422723
876 16.059801373803655
878 15.631593657001176
880 15.556237803951106
882 15.354560103332126
884 15.26325752347057
886 16.43615315791915
888 16.267873169561494
890 15.793051956095796
892 16.118056468563342
894 15.567199523389874
896 15.738220858819387
898 15.944152195504678
900 15.918268913391502
902 16.25388401017897
904 15.798793681585082
906 15.65855906477067
908 16.375330143752972
910 15.467145375268045
912 15.984408829695017
914 16.151704174441804
916 15.564542288614723
918 15.412988277378695
920 15.961830786578659
922 16.119065235004943
924 17.503378032997176
926 15.856608197698144
928 15.894671897227251
930 15.530641767281354
932 16.18385160447868
934 15.98615175719844
936 14.958771276559693
938 15.672486770293093
940 15.72461248563884
942 15.072142510352258
944 15.710848952777042
946 15.744990071851273
948 15.920514193431417
950 15.544103394201096
952 15.543317945487994
954 15.605325732096864
956 14.996836929685225
958 15.533101476312947
960 15.463095623365122
962 15.970646262667202
964 15.046525875160569
966 16.63600191135981
968 16.481403384499707
970 15.080447049990191
972 16.106116026020498
974 15.737379572668653
976 16.49181932581551
978 15.990242855575385
980 14.793808851494768
982 15.4032669352469
984 15.134422472600862
986 15.69403919634802
988 16.363366303640355
990 16.23001934058113
992 16.464823804296234
994 15.97139150215157
996 16.109140851391913
998 16.653565185091306
1000 15.863568029067316
1002 16.117765938406787
1004 15.80127529975593
1006 15.93861767565453
1008 15.974306231840789
1010 15.517559129356158
1012 16.366068948671142
1014 15.04979794186049
1016 15.635931517859122
1018 15.60539918730619
1020 16.005811574060036
1022 16.119664897418264
1024 16.044355811495375
1026 15.871610821398711
1028 16.06138183425855
1030 16.20929799201931
1032 15.475908205662108
1034 15.86347529815555
1036 15.915933342840818
1038 15.942909629840049
1040 15.376127322270415
1042 15.925026496137535
1044 15.884509195797172
1046 16.155894181474782
1048 15.808175926304166
1050 15.938639266114716
1052 15.257031938380544
1054 16.096548286667836
1056 15.405969555640977
1058 15.554674163223469
1060 15.53251412836032
1062 16.121478014980088
1064 16.29667890057823
1066 16.214179771400094
1068 15.94650135186513
1070 16.385294574585252
1072 15.534009990792994
1074 16.74358875578081
1076 16.43726810005056
1078 15.08252413663964
1080 16.34130451985653
1082 15.876437092004783
1084 16.06947730058983
1086 15.867310222900922
1088 16.068067821575045
1090 16.696545264979733
1092 15.67523482395006
1094 15.112792522165307
1096 15.636868293381639
1098 16.127450841694177
1100 15.427408066204302
1102 16.35025829967437
1104 16.526216284424198
1106 15.724441451446454
1108 16.540884142385043
1110 16.12230138173093
1112 16.63299759742539
1114 16.208693762552024
1116 16.507689219179536
1118 17.010224035942134
1120 16.00918629739212
1122 16.096909662150985
1124 15.601063914480068
1126 15.745018471410773
1128 16.151098735083
1130 16.167455621802702
1132 16.38310345222659
1134 15.940498609800137
1136 16.405835418869994
1138 16.862822259108032
1140 16.612699711712384
1142 16.38493911224599
1144 16.068807446727742
1146 15.830949511991804
1148 15.942739269801148
1150 16.49804141152107
1152 15.989456731216917
1154 15.962476230398087
1156 16.12872248832053
1158 16.21644026145872
1160 16.718137643211005
1162 16.261278797084557
1164 15.622507413491025
1166 16.546654787290784
1168 16.02529597492777
1170 17.31090780380116
1172 16.527367564262953
1174 15.563474487091712
1176 16.703440307771082
1178 15.995851032957903
1180 15.79234851479185
1182 16.561960129028193
1184 16.37951432883303
1186 16.07986343610546
1188 16.5899758927519
1190 16.89641108310335
1192 16.276701148410396
1194 16.3071144980375
1196 16.58710199964452
1198 16.0047796194303
1200 16.011725997006703
1202 15.460135928072104
1204 15.427952497785597
1206 15.788564612178368
1208 16.192067007967175
1210 15.855299369226424
1212 15.876886818853505
1214 16.084161370270767
1216 15.816597152178687
1218 16.234217797305515
1220 15.884230700567041
1222 16.425983343553074
1224 16.23688916821375
1226 16.597133962275922
1228 16.21750346000903
1230 16.30289779910211
1232 16.260369931997097
1234 16.341141992862347
1236 16.24929188896275
1238 15.80692110960628
1240 16.501683977975624
1242 15.505645081536146
1244 16.69049982802467
1246 16.0579387139122
1248 15.63512036478968
1250 15.591381139355995
1252 16.32748408020235
1254 16.21382454450158
1256 16.434988464222815
1258 15.307557377327655
1260 16.237146294647232
1262 15.898137889146769
1264 16.644171890189423
1266 16.468887917475147
1268 16.178683827437734
1270 15.651808524939502
1272 16.312815157808327
1274 15.641373206731027
1276 15.969235327562103
1278 16.74477681040654
1280 16.1108119786046
1282 15.830648068955194
1284 16.577998672922014
1286 16.491940192737538
1288 16.37331162490693
1290 15.948128428704422
1292 15.69467800445771
1294 16.726173223883045
1296 15.98327036750169
1298 16.055671333717587
1300 16.542849564026202
1302 16.289584382096578
1304 16.055370111514932
1306 16.126286668839573
1308 16.32791596242284
1310 16.083596033757885
1312 16.559553898872917
1314 15.868763807644491
1316 17.135188545769164
1318 17.075748326984932
1320 15.677814785441527
1322 16.41162510516684
1324 16.329816073651966
1326 16.68746031091925
1328 15.600881106611348
1330 16.699646108111452
1332 16.22586950178249
1334 16.363280728545167
1336 15.903324545546003
1338 15.642345004468584
1340 15.786774525555476
1342 15.864218978436298
1344 15.762389760444908
1346 15.86655697852545
1348 16.76912268912856
1350 16.38440032457637
1352 16.426170948856466
1354 16.68135014565497
1356 16.07359202159819
1358 16.24084806041532
1360 16.835536809690826
1362 15.73452329191731
1364 16.49191764308886
1366 16.795855768679868
1368 16.754984797307106
1370 16.59143248312343
1372 16.153966297266024
1374 16.49385918230689
1376 16.80287541169211
1378 16.09972257083876
1380 17.158679997465
1382 16.10296643601974
1384 17.279543062721505
1386 15.880525259560901
1388 16.580931572966364
1390 16.29653106079622
1392 15.678522883052013
1394 16.2701756842663
1396 15.689731020547672
1398 16.383810205414633
1400 16.14919994363806
1402 16.318807766599743
1404 16.47986247737035
1406 16.80936340052732
1408 15.9108564244884
1410 15.55090346677206
1412 15.905136093814624
1414 15.73746055214189
1416 16.51528307689172
1418 16.25144069992003
1420 15.390127708693752
1422 16.422466544079256
1424 16.420058459643933
1426 15.521404250415047
1428 16.594038069368512
1430 16.29785558213082
1432 16.578302650034015
1434 16.24279436180449
1436 16.201588852945502
1438 15.667145558303718
1440 16.483245262309783
1442 15.87231211404844
1444 16.21846373219546
1446 16.122716023069756
1448 16.995109427657102
1450 16.293359560804127
1452 16.229937976714098
1454 15.698007407896664
1456 15.936235429112804
1458 16.16493390698552
1460 16.631463287077462
1462 16.026585112687364
1464 15.805899132529795
1466 16.173834203296504
1468 16.316098951387737
1470 15.749875798008356
1472 15.46223537475901
1474 16.281557308481002
1476 16.044265504111134
1478 16.189904185077673
1480 15.77749504591493
1482 15.622398664708744
1484 15.945251735783451
1486 15.818666133855956
1488 16.724006746873442
1490 15.90382098579668
1492 16.160978735570446
1494 16.398087824370673
1496 15.913096574531476
1498 15.915985346816006
1500 16.36950904217195
1502 16.00970407988105
1504 16.80091565116486
1506 15.598359360717872
1508 16.27362775164218
1510 16.243541326717732
1512 16.15640325781866
1514 15.474835928155176
1516 15.796014992471475
1518 16.293546990421035
1520 15.690137822536483
1522 15.76303712326342
1524 16.350587270288354
1526 15.727518389220023
1528 15.411816260400983
1530 16.196767550071936
1532 16.008259490580862
1534 15.887194617481482
1536 16.645808296321846
1538 16.142067722006146
1540 16.56611826025242
1542 16.235831128680008
1544 15.483006850586358
1546 16.964586697377847
1548 15.84152828781702
1550 16.038129359730256
1552 16.505934764022193
1554 15.896609642219717
1556 15.806778814038184
1558 15.643059975683892
1560 16.224467606519656
1562 15.4278355041636
1564 16.316397825702865
1566 15.703127475321764
1568 16.21883796085348
1570 16.51419956818997
1572 16.04432021391797
1574 16.441641947484396
1576 16.935683570043466
1578 15.912237907032562
1580 15.635264645768803
1582 15.88678896226428
1584 15.484745923558139
1586 16.390907096968352
1588 15.101826962331097
1590 15.99842362344436
1592 15.936484510674433
1594 16.48025180791187
1596 15.533204904007057
1598 15.450238165443121
1600 16.208614298515812
1602 16.35734974424673
1604 16.479783438956165
1606 16.31483487110426
1608 15.931428591172144
1610 15.307972757284343
1612 16.13029519820412
1614 15.744279957477703
1616 16.15133688915604
1618 16.306348420659265
1620 15.65097224813963
1622 16.187417482144618
1624 16.256987056515243
1626 16.686878035687627
1628 16.88291870845601
1630 16.23627074395234
1632 15.741862207015812
1634 16.035836870833155
1636 15.615605950864815
1638 15.04752674857174
1640 15.216808193145903
1642 16.021028333561734
1644 15.450749380166004
1646 15.826928343237546
1648 15.946394162311258
1650 15.849172165876555
1652 15.496332050491821
1654 15.925619857154132
1656 15.32564132827112
1658 15.716673419248762
1660 15.616882227976165
1662 16.34102003222067
1664 15.583002941548052
1666 15.763852262571948
1668 15.709352055915776
1670 16.197728040963725
1672 15.490246412018434
1674 15.992218250765928
1676 15.577603962969294
1678 16.312259240115935
1680 15.89407296817466
1682 15.999763795257403
1684 15.695497243928276
1686 15.786661892281126
1688 15.824253641037826
1690 16.030193189195217
1692 16.316018634671394
1694 16.183230687758606
1696 16.15253600437451
1698 16.23074595008328
1700 16.48549964635866
1702 15.980575379194415
1704 16.316725965060705
1706 15.894779982771977
1708 16.35849486751671
1710 16.448293647736996
1712 16.202579503724213
1714 16.03543046545564
1716 15.997956898610852
1718 15.590961140385867
1720 16.368035362699803
1722 16.064431646073253
1724 15.500649664475906
1726 16.14301893180493
1728 16.916425298482903
1730 16.059120908931913
1732 15.862211344663644
1734 15.745645403218491
1736 16.006459103125746
1738 16.50758237599652
1740 16.230085681400805
1742 15.81356566185083
1744 15.732263986930018
1746 15.744022854976137
1748 14.892531442755189
1750 15.663554792077521
1752 15.600430486364258
1754 16.04854034004247
1756 16.081568020905635
1758 16.003168199246456
1760 15.920394288745737
1762 16.434881902769
1764 15.917679828666655
1766 15.779016769198826
1768 15.676982334103686
1770 16.241653777138207
1772 16.355642675160436
1774 15.557037281903948
1776 15.557253232013881
1778 16.353931123613624
1780 16.21315848509514
1782 16.245896641158353
1784 15.868328948473618
1786 15.863346987983928
1788 16.109513467254725
1790 15.845314565410424
1792 16.313970415537224
1794 16.319614727113095
1796 15.723781478369643
1798 15.58373832464509
1800 15.869084034516685
1802 16.20024489794678
1804 15.494281194411057
1806 16.255676507216666
1808 15.417545567967439
1810 15.802794181695019
1812 15.503044683089996
1814 16.12948086143924
1816 15.836429713191484
1818 15.810429378617014
1820 16.43904565978907
1822 15.505143438941744
1824 15.867871112107938
1826 16.03953961660836
1828 16.28374347021898
1830 15.91196556106138
1832 15.926830754568655
1834 15.33025020805857
1836 16.15024637654591
1838 16.305383607902634
1840 16.03632354669586
1842 15.776339394949439
1844 15.333074015098608
1846 15.242375156219248
1848 16.047463335698303
1850 16.124037564204357
1852 16.257018698522803
1854 16.168942208592867
1856 15.528199442618918
1858 16.162108125567748
1860 16.32498207266676
1862 16.249742379080356
1864 15.747357039107104
1866 15.83612787757236
1868 16.484092136942827
1870 16.013228524020793
1872 15.413535283051864
1874 15.624887571861679
1876 15.966712368279353
1878 16.62025174094437
1880 15.622863154470638
1882 15.255678489798324
1884 15.348821981053227
1886 15.453815692312968
1888 15.329488156628592
1890 15.844398890343237
1892 15.498814250658143
1894 16.003040613030826
1896 15.983318793001278
1898 15.897613776266688
1900 15.107115512105324
1902 15.970487714857661
1904 15.43516010168045
1906 16.024291496623622
1908 16.22810459297247
1910 16.152144524732766
1912 15.903667699854704
1914 15.780769447259175
1916 16.153438663203694
1918 15.534641389664444
1920 15.860736297510863
1922 15.987422810049786
1924 16.01539296802416
1926 15.50512686482549
1928 16.284126788754737
1930 16.31116548884608
1932 15.955950600839566
1934 14.901899872568592
1936 15.948045536846761
1938 16.11413737574128
1940 16.270441065310294
1942 15.896330918100954
1944 15.374326107486096
1946 15.58359384360786
1948 15.778884171753182
1950 15.534308650383672
1952 16.409889309991943
1954 15.949887615322307
1956 15.529103906427215
1958 15.521185643636475
1960 16.31885249245657
1962 15.890816237826371
1964 16.20356972159078
1966 16.47100551609661
1968 16.27200128421542
1970 15.814528307762377
1972 15.642635586814025
1974 16.051632721851085
1976 16.114511043792945
1978 15.667491362360686
1980 16.435396474915727
1982 15.916323693562239
1984 16.08319247519422
1986 16.452319113006503
1988 16.479682477937203
1990 16.647357187021527
1992 16.043357433149044
1994 15.769074299797508
1996 15.558695200562607
1998 15.758031116599824
2000 16.169034541838005
2002 15.848696112590812
2004 16.00621697568302
2006 16.136759571253812
2008 16.43748740261839
2010 16.604699225914246
2012 15.544648805166664
2014 16.75922598788183
2016 16.320594653632632
2018 16.02854247189054
2020 16.641471839423208
2022 16.77480980828223
2024 16.285655509634925
2026 15.732527961701082
2028 15.83142691778714
2030 16.004391376777473
2032 16.423368130376872
2034 15.845233572061634
2036 16.418761186971413
2038 16.730543717731
2040 15.919818125889277
2042 16.212346386160643
2044 16.2579500372457
2046 16.38450070768239
2048 16.073381313433114
2050 15.797401069226805
2052 15.7789112300525
2054 16.12960399929296
2056 16.026310133014174
2058 16.15543860087779
2060 15.752390553831788
2062 15.290151580599037
2064 15.700841536596489
2066 15.882323168075855
2068 15.788234987283936
2070 15.84475621284964
2072 16.014020160448126
2074 15.850961516185684
2076 16.287342696044906
2078 15.695587508092432
2080 16.320603733863766
2082 16.12334008686365
2084 15.97408429100917
