0 9.916077885061066
2 14.42750337486024
4 14.855666273462766
6 15.924590490806912
8 15.267669159894956
10 15.266180156392071
12 15.754753976232427
14 15.36102633524439
16 15.232645409832642
18 16.146171931515138
20 15.683733807363142
22 16.025579540326834
24 15.732066232791208
26 16.20531253333308
28 15.869432006750422
30 15.851611985893264
32 15.55616734233985
34 15.200969618239263
36 15.19545697292397
38 15.031079849164117
40 14.577318122894507
42 15.528788509438147
44 15.541855667060636
46 16.00015372851021
48 15.198754357143835
50 15.14804767782931
52 15.842444831905805
54 15.506211228728498
56 15.171039296549253
58 15.140389073461332
60 15.310341363711512
62 15.890884399388423
64 15.737223189995028
66 15.46347708859355
68 15.86140961144663
70 15.980174636365653
72 15.899788842484584
74 15.507423544891264
76 15.260976606244284
78 15.412286831089371
80 14.780047557069437
82 15.158919307065288
84 16.093372277311694
86 16.0839133874431
88 15.539885799624049
90 15.464078940225615
92 15.333417454155136
94 15.796356906262398
96 15.43081749857619
98 15.896565735179514
100 15.382049474596059
102 15.449317897123647
104 15.880787498398629
106 15.341732380912497
108 15.832348036962715
110 15.727292788015804
112 15.799394203645008
114 15.312363925378337
116 15.314062064381172
118 15.692667478136846
120 15.434526755168681
122 14.866837109559501
124 15.32572708550954
126 16.0486472198726
128 15.557211851961803
130 14.920793970781919
132 15.92754491591244
134 16.356117906795507
136 16.78797558592846
138 16.21113360084744
140 15.607688709239044
142 15.802657762104571
144 16.178792526024573
146 15.89314747553534
148 15.556025930750566
150 16.002065792430468
152 15.997609938735128
154 15.772886134494504
156 15.9824083309113
158 15.890439569192367
160 16.5035823446399
162 15.404064756716432
164 15.686909299684224
166 15.110447602627701
168 16.090861787069073
170 15.988430634305926
172 15.890918599608467
174 15.781154303549005
176 15.801664139233973
178 15.50006774119733
180 15.558520100097596
182 15.438550307451436
184 15.843467420647487
186 15.694695250977738
188 15.511976305194379
190 15.171699736693727
192 15.426112577162613
194 15.787535958805465
196 14.97955047961831
198 15.717740089715758
200 15.293007648019739
202 15.671912007880133
204 15.534980861627055
206 15.51130216561684
208 15.513647078384258
210 15.686622808562523
212 15.841209849383503
214 16.03666753326936
216 16.1837521140533
218 16.12721150057662
220 15.810237006885279
222 15.277609966759012
224 15.579636497517765
226 14.870592135741793
228 15.31027408367259
230 15.931893430879992
232 16.20668997215536
234 15.316448465735258
236 15.452399735928012
238 15.249523210022012
240 15.419368665167589
242 16.30012402446434
244 15.685833364378036
246 16.015132969005165
248 15.64453863763912
250 15.649130453602487
252 15.76744788883936
254 15.899571009193657
256 15.411977677532807
258 15.835995231073225
260 16.02743079259285
262 15.830531039944075
264 15.167289367393076
266 16.279220045935116
268 15.726257710194439
270 16.075353094278224
272 16.073975846624666
274 16.270149916584742
276 15.929277515109694
278 15.833201541029316
280 15.948331864808752
282 15.619137837627333
284 15.951583741584132
286 15.963207262401118
288 15.053838256080766
290 15.350449380565886
292 16.3029073565176
294 15.840205391602321
296 15.585863464738031
298 16.42992722572501
300 16.236409952768316
302 15.95765341571395
304 16.217579081687827
306 16.187344939985397
308 15.477424075277288
310 15.91015494424088
312 15.79434324632736
314 15.653053045369626
316 15.980021812033133
318 16.11514978541169
320 16.203764124670812
322 15.800738894991328
324 15.304621139967415
326 16.062339635668142
328 15.576624173881568
330 15.718995760614543
332 16.493755089302226
334 16.12840241516028
336 16.0270098414565
338 15.807615751697062
340 15.828224379821798
342 16.567882317708264
344 15.780031713109803
346 16.279120050405712
348 15.747890902313396
350 15.540068472536214
352 15.627809496538509
354 16.29544077723993
356 16.383911254303975
358 15.829763093142107
360 15.697723449099819
362 16.521972756167532
364 15.911253717829169
366 15.958711087378914
368 16.151262039052657
370 17.07308861937471
372 16.344268941932068
374 16.103088640205357
376 16.015532234487665
378 16.03562929398985
380 16.59136793166493
382 16.838616775372596
384 16.109893632537748
386 15.926987351044755
388 17.035281981164356
390 16.149105172233867
392 16.057892764173197
394 16.68512833338124
396 15.853640798524422
398 16.151095737193877
400 16.904719268987844
402 15.347159860697555
404 15.698189995977506
406 15.77769832345731
408 15.74871990066379
410 15.897207904215135
412 16.03268897688397
414 15.104504078487556
416 15.517172304815915
418 15.380547872939236
420 15.324588492865184
422 16.145105524510452
424 16.375701081762777
426 15.699761193276078
428 16.173018604363808
430 16.06159403261935
432 15.949866376648279
434 15.809329691607351
436 15.67728081695457
438 15.938616924137202
440 15.618977403763276
442 15.879918943146185
444 15.84905523446042
446 15.353623607661973
448 15.56757244925852
450 15.619304741547067
452 16.06846534812449
454 16.145802230019736
456 16.288210000736402
458 15.601683830744612
460 16.130837881771974
462 15.615815834429077
464 16.000281050597955
466 15.36992663999518
468 15.486257937673486
470 15.999416680767089
472 15.90154427568619
474 15.834083367267574
476 16.112115229023523
478 15.891910213745838
480 16.052020729325026
482 16.08353660455658
484 16.116506315606298
486 16.264725372876665
488 16.05524017182956
490 15.951438839103568
492 15.797545681160408
494 15.416548959503103
496 15.616932448714266
498 15.823035068589753
500 15.584824816173406
502 15.731347842956186
504 16.072424066258275
506 15.57091759498679
508 15.926205746506476
510 15.613219812203251
512 16.393659605919783
514 15.68280339404213
516 16.50298607383146
518 15.394505909214146
520 15.817841040750446
522 16.338246600464355
524 16.21288683385765
526 16.55037011931885
528 16.193433225901735
530 16.08757867986423
532 16.230581755962337
534 15.91924925524495
536 15.982029351391146
538 15.833164858489914
540 16.21498295945744
542 16.03490414902066
544 15.557452014508787
546 15.675099768120258
548 15.746012183006448
550 15.947968002176678
552 16.34039290853557
554 16.045745622116694
556 15.619025483547153
558 16.152353170341986
560 15.697495465862383
562 15.408746133994168
564 16.077144456935294
566 15.496565793876643
568 16.20275893805233
570 15.582631726492039
572 16.305798249181038
574 16.4149433467108
576 16.219006392862347
578 15.822241891997866
580 15.83904374598423
582 15.87190402420681
584 15.820309565201313
586 16.064611805258316
588 15.928346630055685
590 16.589117320415287
592 15.608335892357788
594 16.409942407595313
596 15.788162152513413
598 16.14797564500663
600 16.199516274471957
602 15.43119638419472
604 15.398420201308989
606 15.96693823752589
608 16.176931775638288
610 15.428384265572149
612 16.285638675134596
614 16.303424727996504
616 16.363804169814237
618 15.946641437666086
620 16.063035439914785
622 16.61096771609054
624 15.905663402433566
626 16.237161867166968
628 16.51528989504579
630 15.69503039446875
632 16.46708719035263
634 16.24501271838088
636 16.31686967588952
638 16.49653440722886
640 16.46858152506348
642 16.35132212985582
644 16.35704458314885
646 16.27239226251532
648 16.45058564360523
650 16.288760206934743
652 15.86549884770699
654 15.815667549297823
656 16.057800641277037
658 16.15315014150898
660 16.564804667927156
662 16.52893170402739
664 16.39993406273424
666 16.48857445898078
668 16.639594815714474
670 16.340365783538584
672 15.949431636622577
674 15.871703150123885
676 16.081275174839227
678 15.905507963358774
680 17.040869612018714
682 16.636560421848284
684 16.495939044201688
686 16.025573596229073
688 16.547197371856008
690 16.488669413593545
692 16.789431681737277
694 16.07121594835838
696 16.137418266769924
698 16.20308497520528
700 15.639210883133899
702 16.135518282855205
704 15.891107874301502
706 15.848058892893343
708 16.34773341230329
710 16.0643322875419
712 16.289104172984338
714 16.467627184840353
716 15.928667325912365
718 15.645136313403944
720 15.120759332857027
722 16.148538821798375
724 16.54644974721832
726 16.620926200410178
728 16.6306723229721
730 16.42546134535658
732 16.103208992685257
734 16.12458491982909
736 16.13693817763499
738 16.392814881973134
740 16.098927412806425
742 15.568063234232632
744 16.633603263627652
746 16.36878848878566
748 16.614097298395702
750 16.328147643712203
752 16.43012697956817
754 16.271378636206645
756 16.335914879697842
758 16.49013123894779
760 15.593265240539546
762 16.883310078782515
764 16.746796920739907
766 16.42262372706142
768 16.296691614671026
770 16.45859153089181
772 16.090280031151757
774 17.072848283301806
776 16.34944375746891
778 16.31630147612814
780 16.2027427122404
782 16.167100791739998
784 16.51918737311195
786 17.079561068684203
788 16.86811199972635
790 16.578631906884816
792 16.796710480573303
794 15.918250854671319
796 16.16131433184362
798 15.809012710469043
800 16.43746535510942
802 17.089979766066442
804 16.341868652921946
806 16.31355623619627
808 16.52665255992757
810 16.44125501952114
812 16.303839274963384
814 17.614577304815967
816 15.49534565592098
818 15.757200814892549
820 15.301943827102226
822 15.93898649011666
824 16.117139850875375
826 15.354086946740768
828 15.710335618483146
830 16.55874063006457
832 16.157607567802685
834 16.599531773502413
836 15.703910664038402
838 15.888516451875413
840 15.463993572118994
842 16.056742521496357
844 16.634559003593246
846 16.052732918961677
848 15.637019172773257
850 15.944442605595132
852 16.26740786713924
854 16.019746645140835
856 15.445480654952116
858 15.681623804909972
860 15.786944574077944
862 15.513938528884717
864 16.57793797572262
866 15.688919700744055
868 16.00485891092322
870 16.203958549333525
872 15.92610486932165
874 16.06228358944379
876 15.734369106487911
878 15.52514002502643
880 15.82818428619978
882 15.685681620055554
884 15.647984722607802
886 15.798162053468026
888 15.592220796058893
890 16.00085650230706
892 15.662004808055999
894 15.906963572986065
896 16.179288835777037
898 15.69439255175207
900 16.19537198701052
902 15.747459838255972
904 15.975700552658013
906 16.249341123400512
908 15.187405193570601
910 16.6656343476592
912 15.875518110047743
914 15.988260162154388
916 16.298131368047546
918 15.893710734593169
920 16.432042104405575
922 16.308764945683976
924 15.789825535898645
926 16.238916263970655
928 15.948736517823756
930 15.492825935732313
932 15.858662679989989
934 16.08805390627645
936 15.778288208301518
938 15.906951902721564
940 16.028170248918784
942 16.11790454449769
944 16.358804527387726
946 15.801154008758456
948 16.900003694434254
950 15.990898447760442
952 15.975197881440016
954 16.033664404186887
956 16.247231863840117
958 15.386493133600418
960 15.405935885172902
962 15.867421810762934
964 15.454692848138516
966 15.494069852334441
968 16.074317970723218
970 16.298278592818733
972 15.623527506692763
974 15.66242137970449
976 15.216653969056907
978 15.7308197849707
980 16.25966062560426
982 15.748390635008343
984 15.972817604156877
986 16.03951918530638
988 16.071655282379623
990 16.52460455948155
992 16.481378969443007
994 16.176559546450274
996 15.525256437337758
998 15.391746203609829
1000 15.664134700387201
1002 16.21903305388872
1004 15.839452705177095
1006 16.460561845260443
1008 15.973516701000129
1010 16.061822358107587
1012 15.546405483941465
1014 16.175076999868807
1016 15.555310667806138
1018 15.55008419296271
1020 16.336467425497986
1022 15.943564560391144
1024 15.682614579491295
1026 15.66434165255543
1028 15.982757413913985
1030 15.680247106747535
1032 15.859346835817357
1034 16.34510422116525
1036 15.850731492742607
1038 15.185999208498812
1040 15.778366533257493
1042 15.732915972418494
1044 15.616323319208181
1046 15.294397308358066
1048 15.617441756701368
1050 16.104521371530133
1052 16.599520986057552
1054 15.663135587250538
1056 15.727083458988343
1058 15.800791187036067
1060 15.474278313150322
1062 15.776022085991508
1064 16.194781519049023
1066 15.732327067723599
1068 15.845488644764325
1070 15.85879171841564
1072 15.579066422470213
1074 16.0935859450087
1076 15.925691256721054
1078 16.26854074425638
1080 15.693756556794794
1082 15.822470286874896
1084 15.721746381670176
1086 15.925268192543282
1088 15.427709702554765
1090 15.72735794345676
1092 15.541975771915247
1094 15.824996934744997
1096 15.807288131009
1098 15.171992967288737
1100 15.45016223750965
1102 15.646673802842155
1104 16.212665308620192
1106 16.271043175924355
1108 14.891402275917473
1110 15.549023502220203
1112 15.298550822925923
1114 15.800238095000369
1116 15.016795555271912
1118 15.972653032908578
1120 15.673561095079139
1122 15.549304761454456
1124 15.203621752268484
1126 15.591401023332574
1128 15.652390576483626
1130 16.268546017401196
1132 15.426064665173488
1134 15.78110971646505
1136 16.11119452491964
1138 15.06813535782409
1140 14.95188781454609
1142 15.288439466379627
1144 15.209234437956736
1146 15.41291391754658
1148 16.03316219445489
1150 15.526232877519229
1152 15.989003624999345
1154 15.162352645221528
1156 15.585653558270579
1158 15.336025012488012
1160 15.496411652473064
1162 15.40776107267527
1164 15.560498757006085
1166 15.504032769565425
1168 15.53284516770558
1170 15.508247059205926
1172 15.102371261851586
1174 15.463491274000129
1176 15.66403630784151
1178 15.596256493981338
1180 16.10576918225762
1182 15.588167436029492
1184 15.720150805812919
1186 15.13575200239435
1188 16.145851027671846
1190 15.518181885576771
1192 15.664081735395978
1194 15.179833851185288
1196 16.106411042954992
1198 16.22148777320366
1200 15.65846483406119
1202 16.7101013184191
1204 16.667600510511683
1206 15.961581757450684
1208 16.316453126990247
1210 16.023848942830536
1212 15.588793214064438
1214 15.334097509258486
1216 15.78652489214693
1218 15.606027244973825
1220 15.561318406685787
1222 15.696125544369176
1224 15.048767313820907
1226 15.419758202305946
1228 15.417852244246317
1230 16.001746899990643
1232 15.281207834809347
1234 15.961161208683162
1236 15.504154598313454
1238 15.570160243804114
1240 15.199300544306876
1242 15.668467158538201
1244 15.835724517564659
1246 15.919496136845074
1248 15.674566276623532
1250 15.696911956715143
1252 15.488778555324542
1254 15.770192187583376
1256 15.145223803324372
1258 15.525555160352436
1260 15.376749125609251
1262 15.42465279419478
1264 15.96875396568585
1266 15.51502398996571
1268 16.00070433020554
1270 15.64365780684437
1272 15.536638031529021
1274 15.74351522859332
1276 15.576399602373016
1278 15.312999089643165
1280 15.675623189363733
1282 15.220911903083666
1284 15.816215861378517
1286 15.671760653169512
1288 15.977781185183188
1290 15.16561364265332
1292 16.330457479934182
1294 15.313567539517603
1296 15.752559021400005
1298 15.743061499661774
1300 15.29427587285845
1302 15.302979093451802
1304 15.451572105644601
1306 15.267746523275827
1308 15.963362816874785
1310 15.633299259001621
1312 15.697416829445128
1314 15.429849432598859
1316 15.591836610559774
1318 15.343799019879135
1320 15.700921067354345
1322 16.183227985100345
1324 16.01608904863225
1326 15.751659863301743
1328 15.800530191725773
1330 15.140286546968039
1332 15.420777780433772
1334 15.587022258813125
1336 15.474022753695596
1338 15.424786353715474
1340 15.523870627689808
1342 15.900288266240418
1344 15.599131875752057
1346 15.904818421389415
1348 15.458116890537395
1350 15.03405957553043
1352 15.713767808020446
1354 16.366155739220627
1356 16.109009771336538
1358 15.809199910970062
1360 15.676729331768616
1362 16.403908499299167
1364 15.79036184996864
1366 16.078717691525164
1368 15.559371774736327
1370 15.064662756427106
1372 15.316670625429438
1374 15.696615795562476
1376 15.832727639936543
1378 15.854810672859642
1380 15.891184217283616
1382 15.869702415538082
1384 15.647378566971144
1386 15.891693674695436
1388 15.561383718145342
1390 15.74870798058904
1392 15.609948821097667
1394 15.591863459417526
1396 16.284487494983658
1398 15.55228759120258
1400 16.162904632248395
1402 16.29658588643648
1404 16.234414086139772
1406 15.584362178965865
1408 15.593066061882372
1410 15.171283662385921
1412 16.352606556996808
1414 15.392048935757103
1416 15.40795266049382
1418 15.48139945690724
1420 15.977398893526761
1422 14.97618553499998
1424 16.34284599200548
1426 16.30486287040349
1428 16.301691353697993
1430 15.98785005030552
1432 15.743233393549227
1434 15.3119247365856
1436 15.557711801244377
1438 15.304837213128753
1440 15.533425615705905
1442 15.67425296143491
1444 15.805598675384907
1446 15.556970955964381
1448 15.033220978537775
1450 15.944912112866273
1452 15.560301481920837
1454 14.904590712607947
1456 16.179920490385754
1458 16.117985466343857
1460 16.06435154204486
1462 16.07937237345056
1464 16.061661094567903
1466 15.611006529847629
1468 16.03411818427724
1470 16.255993501170433
1472 16.33703100277144
1474 16.428742709680797
1476 16.1843926124358
1478 15.685558493745672
1480 16.124840125902047
1482 15.90380744404149
1484 15.6042696977569
1486 15.69183772307853
1488 15.552708627184975
1490 15.389306241289136
1492 15.90306344113619
1494 15.948434995686977
1496 15.875804544659069
1498 15.79075755528939
1500 16.12245993802401
1502 15.992312998714574
1504 16.25952656581091
1506 15.840824595481363
1508 15.533142598589334
1510 15.918775283920613
1512 15.747032050391221
1514 15.928629023962793
1516 15.400006017513537
1518 16.002479864203913
1520 15.498898667523633
1522 15.82855845940748
1524 15.760112642961504
1526 15.242378957106101
1528 16.145943589173736
1530 15.429619638698924
1532 15.55429749636662
1534 16.300081747307654
1536 15.398106450573513
1538 15.6800418384187
1540 15.672399313383481
1542 15.668586435835772
1544 15.803280534147296
1546 15.605399509976513
1548 16.038857203466737
1550 16.234344969125775
1552 15.208528302162705
1554 15.179682362971441
1556 14.93924290609172
1558 15.676433308319176
1560 15.429280117249974
1562 15.603409013008747
1564 15.137539282901608
1566 16.167233207160745
1568 15.069141829776505
1570 15.09793358756606
1572 15.807440022108496
1574 15.928911066668697
1576 15.540476053380674
1578 15.29283012658722
1580 15.827826522089294
1582 15.377045906418884
1584 15.79681828566968
1586 15.511968398190012
1588 15.967617947353542
1590 16.225525273031142
1592 15.820463872732839
1594 16.198125078566065
1596 16.006567409602784
1598 16.68904053963085
1600 15.91864602240432
1602 15.408740294977944
1604 14.972663851747896
1606 15.810646242740157
1608 16.298869069752183
1610 16.163042714365716
1612 15.678028676035586
1614 15.91160131513659
1616 15.673290948935776
1618 15.676855122038178
1620 16.614631455795692
1622 16.013213516815398
1624 16.69285709398572
1626 15.765357809561742
1628 15.927766503073457
1630 15.382528129116933
1632 15.599832658311822
1634 15.896921329731864
1636 15.607745221357245
1638 16.281774622292744
1640 16.06799245262314
1642 15.741748142134607
1644 15.961262634546209
1646 15.835991956057061
1648 15.97218809011316
1650 16.318163358339262
1652 16.017461403673703
1654 15.692461017575436
1656 16.107853170475764
1658 16.276877365754505
1660 16.000910192352123
1662 15.214005237247296
1664 15.84853559421105
1666 15.855137704416121
1668 15.954538802628571
1670 15.259008141480335
1672 15.613893668407208
1674 15.705952992592865
1676 15.711758850438153
1678 15.579800763993674
1680 15.744503665684896
1682 15.754796478116988
1684 15.488284650358644
1686 15.308655446000994
1688 15.479131913600446
1690 15.532627697636288
1692 14.894062567210547
1694 15.61817757968752
1696 15.936982132747534
1698 15.732975651916178
1700 15.296683034938388
1702 15.473129780252977
1704 15.630949996226379
1706 16.344654538302947
1708 15.93021542659116
1710 15.299219433392077
1712 15.838725226963883
1714 15.733541601990774
1716 15.613615484601661
1718 15.771428899189964
1720 15.795979867497557
1722 16.154331375213967
1724 15.876570114514202
1726 15.64921578994012
1728 15.440679552709243
1730 15.687105663776592
1732 15.481995204518245
1734 16.113494377381663
1736 15.360837021910607
1738 15.47883511677406
1740 16.070711418696668
1742 15.460714045294926
1744 15.758736510970973
1746 16.273362211592662
1748 15.977096515183087
1750 16.23930643677199
1752 15.482458674328303
1754 15.779944677125375
1756 16.01235511684473
1758 16.239595512281667
1760 16.1909519820934
1762 16.079738012715925
1764 15.39000179893113
1766 16.121846850217683
1768 15.386463810879913
1770 15.230760318566537
1772 15.32254007044039
1774 15.553608478438367
1776 16.341325335503026
1778 15.684148905084749
1780 15.881863150277242
1782 15.121290472759103
1784 15.35788195629887
1786 15.726733495213754
1788 15.139002212643042
1790 16.08035817805621
1792 15.008335340731097
1794 16.42003052600672
1796 16.045866486195393
1798 16.19847505706278
1800 15.883804825203425
1802 16.0749100637347
1804 16.107276601442784
1806 16.315075323719086
1808 16.443950663999434
1810 15.508197375186453
1812 15.961359999227007
1814 16.07597405930937
1816 15.68078846525603
1818 15.658651700300407
1820 16.16582410793668
1822 16.082221106007843
1824 16.26862452849464
1826 15.632717539967917
1828 15.495274397574367
1830 15.946149240819693
1832 15.79233716525206
1834 16.18944318241511
1836 16.498091760328887
1838 15.891160833978732
1840 15.72866925197421
1842 15.872719795795424
1844 15.762510184978865
1846 16.305349926088216
1848 15.747275110055662
1850 16.2762960156006
1852 15.162484506019425
1854 15.91016263311764
1856 16.119037334199913
1858 15.764182840421137
1860 15.306827236647104
1862 15.811999350173048
1864 16.07232878318053
1866 16.02422818719778
1868 15.681331158984763
1870 15.667817108466753
1872 15.920590557667593
1874 16.616201968343717
1876 16.000919439698762
1878 15.502822000663157
1880 16.489320565333173
1882 15.848408976225784
1884 15.868884590821631
1886 16.937602615327744
1888 16.774584564113542
1890 15.936404721671595
1892 15.696062607295834
1894 16.006338503259236
1896 15.807467114248817
1898 15.839043587026653
1900 15.902584520561538
1902 15.918505131592253
1904 15.91086572484487
1906 15.690319579002995
1908 15.768638828245953
1910 16.040540418392098
1912 15.813291881844338
1914 16.195607907604717
1916 15.220470871729573
1918 15.91731951513463
1920 15.880526129129553
1922 15.987323337990365
1924 16.153469311037902
1926 15.651298554291351
1928 15.423829134484293
1930 15.601534630242666
1932 15.800141290154402
1934 16.064381027387807
1936 16.448134346123812
1938 15.634131218781695
1940 15.828396409940245
1942 15.634684195018282
1944 16.08592580477162
1946 16.324310779832715
1948 15.52264893647034
1950 16.04212464414334
1952 15.663234353887841
1954 15.706874573720057
1956 15.685136578458295
1958 16.554834088066826
1960 15.914575470380681
1962 15.533720481884872
1964 15.395491872863763
1966 15.360153305760441
1968 16.24023946201012
1970 16.149396196824586
1972 15.547525340513179
1974 15.858248585306601
1976 14.784953502160697
1978 15.918607935978619
1980 15.926174568206138
1982 15.748761076916423
1984 16.131174943185883
1986 15.461084768280372
1988 15.41390622465812
1990 16.11966595419631
1992 16.002525383587116
1994 15.550361542353427
1996 15.885363402278154
1998 16.860525114633273
2000 16.102761710388492
2002 16.230482267970967
2004 15.45484916048239
2006 15.79980791521147
2008 16.31112625658935
2010 16.093235084680256
2012 15.865761180354621
2014 15.659193884710335
2016 15.892177151182228
2018 15.612518073432723
2020 15.549013270827404
2022 15.970642089166297
2024 16.274318572376046
2026 15.713441818723823
2028 16.267715305320205
2030 16.03332432345506
2032 15.951565962784052
2034 15.553644305960336
2036 15.677677712813553
2038 15.811138613466632
2040 15.83092185656342
2042 15.637369742336103
2044 16.33539582472752
2046 15.708627699389137
2048 15.938852784003656
2050 15.916113003598506
2052 16.036751722545944
2054 15.865781001101213
2056 16.270793011453932
2058 15.754354043816106
2060 16.173224280407567
2062 16.007712351560407
2064 16.13232276534482
2066 15.759169976318288
2068 15.677282506997768
2070 16.18603913854427
2072 16.320460612214017
2074 16.669192671515795
2076 16.175959189888275
2078 16.35649394989478
2080 15.152176816560011
2082 16.005825537831065
2084 16.08941817347023
