#! FIELDS time thetaA thetaB thetaC thetaD
 0.000000 0.261269 0.254435 0.274521 0.284640
 1.000000 0.212104 0.375571 0.349017 0.367816
 2.000000 0.293631 0.369207 0.110015 0.360240
 3.000000 0.255614 0.276423 0.264468 0.359104
 4.000000 0.295132 0.363710 0.267822 0.353137
 5.000000 0.234538 0.229461 0.293311 0.361316
 6.000000 0.360027 0.228460 0.385019 0.359711
 7.000000 0.351075 0.316580 0.343939 0.371695
 8.000000 0.322291 0.329987 0.301701 0.398231
 9.000000 0.317087 0.299212 0.323180 0.345206
 10.000000 0.375326 0.339605 0.263540 0.398702
 11.000000 0.279200 0.361068 0.263165 0.420290
 12.000000 0.307114 0.356941 0.297055 0.381334
 13.000000 0.358195 0.303515 0.329417 0.436047
 14.000000 0.397268 0.261668 0.300647 0.292161
 15.000000 0.384072 0.299784 0.319473 0.395111
 16.000000 0.306704 0.330327 0.271831 0.487769
 17.000000 0.341938 0.331059 0.235286 0.449965
 18.000000 0.311796 0.271967 0.313809 0.499829
 19.000000 0.335312 0.324052 0.304708 0.505238
 20.000000 0.317170 0.325134 0.363952 0.430428
 21.000000 0.303644 0.370151 0.402523 0.452872
 22.000000 0.282393 0.402600 0.406732 0.400450
 23.000000 0.291132 0.391973 0.325801 0.370445
 24.000000 0.227318 0.367566 0.340204 0.378113
 25.000000 0.337986 0.391199 0.337857 0.362921
 26.000000 0.233438 0.310340 0.337053 0.395536
 27.000000 0.293015 0.320093 0.360528 0.366257
 28.000000 0.305679 0.350541 0.380714 0.374408
 29.000000 0.278833 0.343758 0.321627 0.362826
 30.000000 0.266496 0.396101 0.321553 0.277932
 31.000000 0.193254 0.406272 0.326140 0.367884
 32.000000 0.221445 0.344724 0.303585 0.439836
 33.000000 0.241256 0.321611 0.289925 0.319995
 34.000000 0.226287 0.282187 0.295507 0.394617
 35.000000 0.271078 0.306484 0.318242 0.311778
 36.000000 0.255621 0.288354 0.269870 0.308517
 37.000000 0.324698 0.271845 0.239186 0.378980
 38.000000 0.319003 0.333159 0.294614 0.407289
 39.000000 0.355669 0.421481 0.318457 0.278013
 40.000000 0.322168 0.354301 0.277418 0.239238
 41.000000 0.317476 0.335719 0.280875 0.313419
 42.000000 0.351244 0.342153 0.314772 0.301010
 43.000000 0.356833 0.356495 0.317415 0.271549
 44.000000 0.374408 0.419142 0.294524 0.248373
 45.000000 0.283540 0.352030 0.280106 0.263229
 46.000000 0.277520 0.374229 0.280575 0.314982
 47.000000 0.359578 0.450943 0.336502 0.314582
 48.000000 0.292034 0.345950 0.352088 0.402476
 49.000000 0.355641 0.393106 0.410366 0.299772
 50.000000 0.286946 0.386063 0.373144 0.294183
 51.000000 0.305373 0.407046 0.258756 0.339259
 52.000000 0.318516 0.423167 0.265979 0.330311
 53.000000 0.322437 0.437307 0.293249 0.310121
 54.000000 0.347996 0.414515 0.224823 0.385249
 55.000000 0.386110 0.440215 0.335601 0.377219
 56.000000 0.348792 0.438424 0.265964 0.319330
 57.000000 0.325384 0.465736 0.255545 0.353896
 58.000000 0.361778 0.466409 0.301454 0.410933
 59.000000 0.371713 0.476808 0.229584 0.315732
 60.000000 0.329140 0.456009 0.293260 0.334084
 61.000000 0.342657 0.439487 0.274887 0.323308
 62.000000 0.363486 0.458184 0.322315 0.334429
 63.000000 0.430806 0.359177 0.372701 0.361755
 64.000000 0.428681 0.382422 0.416480 0.309164
 65.000000 0.285416 0.395437 0.381592 0.373573
 66.000000 0.309361 0.383225 0.378775 0.251205
 67.000000 0.402552 0.351742 0.373304 0.294288
 68.000000 0.387052 0.403849 0.397827 0.343488
 69.000000 0.355341 0.394073 0.330571 0.325831
 70.000000 0.389959 0.430914 0.384753 0.371169
 71.000000 0.414973 0.355291 0.377037 0.242849
 72.000000 0.378768 0.398193 0.375912 0.245827
 73.000000 0.340352 0.393636 0.373941 0.253753
 74.000000 0.382544 0.396488 0.357084 0.321972
 75.000000 0.333655 0.421424 0.386128 0.303412
 76.000000 0.305666 0.425036 0.439324 0.275260
 77.000000 0.369377 0.432920 0.376989 0.302543
 78.000000 0.442357 0.400994 0.459854 0.266897
 79.000000 0.370630 0.398690 0.360665 0.271798
 80.000000 0.362489 0.449707 0.386111 0.266063
 81.000000 0.333109 0.392642 0.383754 0.254969
 82.000000 0.431099 0.395715 0.353970 0.151403
 83.000000 0.393652 0.428464 0.343432 0.199023
 84.000000 0.356641 0.418657 0.351539 0.258108
 85.000000 0.353526 0.473462 0.379425 0.231009
 86.000000 0.303985 0.409226 0.323729 0.105710
 87.000000 0.352332 0.407850 0.328382 0.252914
 88.000000 0.387315 0.415430 0.357848 0.232013
 89.000000 0.353977 0.452663 0.398714 0.239912
 90.000000 0.345354 0.441324 0.361094 0.218027
 91.000000 0.371015 0.449673 0.367600 0.256246
 92.000000 0.326529 0.407202 0.350243 0.246212
 93.000000 0.330637 0.374637 0.344746 0.245188
 94.000000 0.408355 0.418693 0.398594 0.286951
 95.000000 0.340249 0.412454 0.363162 0.306857
 96.000000 0.314433 0.502798 0.320800 0.280810
 97.000000 0.342120 0.526476 0.368709 0.263767
 98.000000 0.368949 0.458340 0.360437 0.271170
 99.000000 0.324942 0.375042 0.358391 0.249467
 100.000000 0.339477 0.311788 0.388176 0.244008
 101.000000 0.355455 0.381738 0.410196 0.205665
 102.000000 0.252784 0.401086 0.331966 0.315615
 103.000000 0.253131 0.348742 0.379546 0.301212
 104.000000 0.310502 0.325809 0.371986 0.256291
 105.000000 0.255440 0.300365 0.372608 0.181726
 106.000000 0.287290 0.344879 0.365640 0.202026
 107.000000 0.187673 0.347790 0.378616 0.202632
 108.000000 0.271754 0.430469 0.362258 0.236189
 109.000000 0.286334 0.432358 0.346737 0.210282
 110.000000 0.242264 0.438338 0.342858 0.212906
 111.000000 0.263619 0.381715 0.403342 0.223995
 112.000000 0.296434 0.376062 0.405081 0.221658
 113.000000 0.335670 0.372702 0.348457 0.245104
 114.000000 0.267727 0.338472 0.366688 0.208474
 115.000000 0.265008 0.395140 0.445868 0.300725
 116.000000 0.201138 0.392484 0.412849 0.176020
 117.000000 0.231554 0.359798 0.415218 0.243798
 118.000000 0.226390 0.318387 0.345873 0.265121
 119.000000 0.223306 0.298419 0.369929 0.203118
 120.000000 0.228309 0.414551 0.356090 0.272001
 121.000000 0.323964 0.276425 0.378071 0.227364
 122.000000 0.201118 0.167318 0.398584 0.118922
 123.000000 0.228918 0.243124 0.383401 0.190093
 124.000000 0.242067 0.252695 0.417829 0.193763
 125.000000 0.236049 0.173340 0.398940 0.240090
 126.000000 0.196953 0.208641 0.450695 0.240258
 127.000000 0.212445 0.245890 0.428450 0.263212
 128.000000 0.240688 0.253590 0.400160 0.257223
 129.000000 0.272898 0.267819 0.442382 0.227287
 130.000000 0.253010 0.255883 0.413730 0.224571
 131.000000 0.286593 0.300299 0.451526 0.256571
 132.000000 0.315292 0.282507 0.436966 0.302957
 133.000000 0.244724 0.330591 0.395351 0.338416
 134.000000 0.314578 0.289051 0.422665 0.247863
 135.000000 0.305542 0.324932 0.339744 0.275465
 136.000000 0.334413 0.263235 0.358828 0.325801
 137.000000 0.321817 0.342547 0.389609 0.329564
 138.000000 0.292622 0.267460 0.323320 0.307929
 139.000000 0.272765 0.344498 0.376508 0.346225
 140.000000 0.323746 0.353558 0.297144 0.370782
 141.000000 0.317523 0.252799 0.424082 0.334426
 142.000000 0.334806 0.335386 0.341102 0.286288
 143.000000 0.315438 0.329591 0.423253 0.245383
 144.000000 0.292793 0.328006 0.442342 0.237036
 145.000000 0.241849 0.306030 0.363101 0.275841
 146.000000 0.239130 0.267392 0.397652 0.242116
 147.000000 0.316167 0.339334 0.322455 0.220777
 148.000000 0.248023 0.329786 0.390383 0.267595
 149.000000 0.278556 0.266129 0.249270 0.239985
 150.000000 0.271742 0.325302 0.320414 0.244774
 151.000000 0.337017 0.302964 0.360884 0.197389
 152.000000 0.224020 0.301770 0.428814 0.244936
 153.000000 0.283960 0.311458 0.426630 0.255291
 154.000000 0.300937 0.276234 0.373620 0.361975
 155.000000 0.321699 0.306270 0.364154 0.301805
 156.000000 0.316313 0.362416 0.337728 0.305166
 157.000000 0.341867 0.330154 0.431333 0.301226
 158.000000 0.268732 0.331555 0.403101 0.227094
 159.000000 0.323539 0.285047 0.394055 0.236369
 160.000000 0.314083 0.291722 0.380066 0.216093
 161.000000 0.319106 0.275506 0.358967 0.226658
 162.000000 0.244359 0.356632 0.390939 0.276954
 163.000000 0.283337 0.336317 0.267095 0.235453
 164.000000 0.290736 0.239754 0.352823 0.267437
 165.000000 0.228857 0.274829 0.333268 0.327572
 166.000000 0.299761 0.348000 0.438660 0.288923
 167.000000 0.178280 0.318195 0.400642 0.312562
 168.000000 0.308837 0.303452 0.367689 0.311308
 169.000000 0.231977 0.310571 0.359433 0.360737
 170.000000 0.229582 0.258709 0.383931 0.291374
 171.000000 0.242407 0.281386 0.411728 0.288058
 172.000000 0.252914 0.278123 0.375526 0.259091
 173.000000 0.275957 0.249899 0.364144 0.227663
 174.000000 0.318685 0.255122 0.363835 0.255145
 175.000000 0.288709 0.240123 0.408321 0.270393
 176.000000 0.303011 0.247872 0.371823 0.328185
 177.000000 0.240762 0.333806 0.339260 0.307205
 178.000000 0.299080 0.305165 0.357396 0.315191
 179.000000 0.293198 0.298591 0.333696 0.261255
 180.000000 0.195728 0.336763 0.366257 0.256764
 181.000000 0.239210 0.301891 0.378947 0.302552
 182.000000 0.301721 0.318813 0.381906 0.302339
 183.000000 0.244569 0.282526 0.352251 0.346724
 184.000000 0.187841 0.314067 0.386957 0.325087
 185.000000 0.235626 0.335255 0.367406 0.370567
 186.000000 0.293370 0.371095 0.337290 0.264889
 187.000000 0.181750 0.371877 0.388477 0.336344
 188.000000 0.254133 0.310170 0.392606 0.392999
 189.000000 0.297336 0.309868 0.316309 0.290735
 190.000000 0.306108 0.343246 0.346480 0.364529
 191.000000 0.330021 0.383331 0.412397 0.386588
 192.000000 0.266446 0.360613 0.386259 0.343590
 193.000000 0.306324 0.367106 0.306901 0.297977
 194.000000 0.285665 0.328378 0.294275 0.306682
 195.000000 0.231376 0.330684 0.306600 0.372009
 196.000000 0.205983 0.309014 0.304088 0.420862
 197.000000 0.228135 0.281018 0.292951 0.431196
 198.000000 0.265631 0.279779 0.317287 0.422984
 199.000000 0.275319 0.203293 0.341859 0.363017
 200.000000 0.280402 0.309478 0.370701 0.367825
 201.000000 0.213744 0.289605 0.296378 0.399720
 202.000000 0.263150 0.334295 0.337233 0.374928
 203.000000 0.292421 0.307454 0.321423 0.392428
 204.000000 0.213897 0.349693 0.340709 0.393820
 205.000000 0.259765 0.257369 0.405510 0.402340
 206.000000 0.212822 0.366193 0.407107 0.445182
 207.000000 0.211043 0.327184 0.343602 0.385678
 208.000000 0.220563 0.304227 0.351316 0.388380
 209.000000 0.322535 0.259286 0.301398 0.386371
 210.000000 0.290082 0.288144 0.323728 0.383676
 211.000000 0.277101 0.347911 0.353405 0.372704
 212.000000 0.278967 0.335123 0.350115 0.428283
 213.000000 0.299939 0.281113 0.348237 0.425139
 214.000000 0.326872 0.287445 0.240776 0.450386
 215.000000 0.381313 0.295194 0.330263 0.435790
 216.000000 0.325664 0.223413 0.312982 0.398137
 217.000000 0.284637 0.293952 0.400614 0.416529
 218.000000 0.238507 0.248142 0.372664 0.379971
 219.000000 0.357196 0.260255 0.337571 0.421885
 220.000000 0.352366 0.232709 0.413343 0.406055
 221.000000 0.255526 0.314264 0.425051 0.393454
 222.000000 0.336384 0.259374 0.318548 0.365490
 223.000000 0.371836 0.295210 0.373098 0.453204
 224.000000 0.381351 0.292267 0.374455 0.415346
 225.000000 0.347994 0.280745 0.371054 0.470132
 226.000000 0.331114 0.267883 0.356732 0.409114
 227.000000 0.295396 0.279046 0.338403 0.438733
 228.000000 0.276046 0.298005 0.289170 0.399799
 229.000000 0.250182 0.240099 0.326113 0.449184
 230.000000 0.305759 0.244292 0.297246 0.425273
 231.000000 0.324554 0.290742 0.370154 0.424784
 232.000000 0.268376 0.236824 0.393137 0.426465
 233.000000 0.218989 0.230665 0.431572 0.417688
 234.000000 0.209026 0.273980 0.389419 0.456739
 235.000000 0.211056 0.264688 0.401032 0.384018
 236.000000 0.246187 0.271713 0.355320 0.399039
 237.000000 0.264534 0.373591 0.379240 0.444286
 238.000000 0.257458 0.312905 0.363681 0.391942
 239.000000 0.284774 0.276026 0.322097 0.363889
 240.000000 0.305195 0.234453 0.352843 0.385435
 241.000000 0.303608 0.236766 0.376698 0.370462
 242.000000 0.248999 0.229145 0.416348 0.323914
 243.000000 0.297643 0.210765 0.387133 0.467569
 244.000000 0.301976 0.182114 0.426581 0.348591
 245.000000 0.263229 0.204363 0.315562 0.412366
 246.000000 0.301610 0.304993 0.288903 0.307811
 247.000000 0.283465 0.230285 0.435653 0.390762
 248.000000 0.277097 0.180388 0.372954 0.311667
 249.000000 0.221849 0.231997 0.454684 0.394084
 250.000000 0.200379 0.227809 0.416608 0.421658
 251.000000 0.261803 0.142556 0.403844 0.331803
 252.000000 0.307547 0.193594 0.404489 0.400720
 253.000000 0.366887 0.264186 0.362501 0.373430
 254.000000 0.387309 0.257254 0.344231 0.327417
 255.000000 0.331658 0.273100 0.405743 0.355381
 256.000000 0.371536 0.258898 0.405056 0.361658
 257.000000 0.291567 0.203463 0.375359 0.355185
 258.000000 0.331621 0.254098 0.343961 0.346805
 259.000000 0.341401 0.301585 0.382634 0.373962
 260.000000 0.262169 0.295493 0.370669 0.404794
 261.000000 0.232216 0.254472 0.326679 0.373876
 262.000000 0.334726 0.233699 0.306739 0.345639
 263.000000 0.312119 0.244685 0.398197 0.370175
 264.000000 0.320924 0.236753 0.421049 0.389811
 265.000000 0.296380 0.300226 0.405399 0.425091
 266.000000 0.295607 0.316661 0.360973 0.433367
 267.000000 0.329764 0.261546 0.351961 0.406768
 268.000000 0.292717 0.233540 0.305092 0.383279
 269.000000 0.299710 0.299146 0.345393 0.307486
 270.000000 0.261303 0.280528 0.393242 0.312559
 271.000000 0.294872 0.261759 0.386643 0.358515
 272.000000 0.338757 0.165383 0.328837 0.394226
 273.000000 0.303471 0.268483 0.360775 0.359802
 274.000000 0.313446 0.310327 0.362692 0.352540
 275.000000 0.263446 0.272533 0.365900 0.434762
 276.000000 0.263794 0.177673 0.448839 0.368599
 277.000000 0.347270 0.171003 0.378297 0.462133
 278.000000 0.356032 0.268753 0.314620 0.435012
 279.000000 0.299965 0.225863 0.306229 0.412558
 280.000000 0.311142 0.257285 0.361087 0.393259
 281.000000 0.344109 0.300474 0.400122 0.330745
 282.000000 0.383425 0.234837 0.359499 0.359759
 283.000000 0.314814 0.352856 0.347884 0.398703
 284.000000 0.341950 0.357823 0.363990 0.392775
 285.000000 0.337320 0.364613 0.323929 0.415678
 286.000000 0.298101 0.313173 0.364130 0.435839
 287.000000 0.352226 0.326818 0.364165 0.379307
 288.000000 0.366297 0.348834 0.394366 0.374285
 289.000000 0.345757 0.348963 0.407136 0.404710
 290.000000 0.395282 0.308486 0.384066 0.396443
 291.000000 0.295746 0.388900 0.363643 0.379633
 292.000000 0.364402 0.335111 0.441281 0.375804
 293.000000 0.325946 0.372623 0.438635 0.387305
 294.000000 0.341056 0.314402 0.407613 0.414788
 295.000000 0.323935 0.281842 0.420860 0.428047
 296.000000 0.339414 0.368280 0.340199 0.422210
 297.000000 0.377627 0.331175 0.332704 0.400467
 298.000000 0.392858 0.335652 0.328136 0.428167
 299.000000 0.343437 0.257141 0.349810 0.437797
 300.000000 0.371689 0.282006 0.340738 0.411128
 301.000000 0.438799 0.192375 0.304531 0.353215
 302.000000 0.364365 0.238329 0.329975 0.371052
 303.000000 0.326769 0.312866 0.299715 0.403353
 304.000000 0.398695 0.313944 0.309281 0.417401
 305.000000 0.382816 0.231571 0.359898 0.468974
 306.000000 0.356870 0.249259 0.316984 0.447661
 307.000000 0.329613 0.265303 0.306526 0.412624
 308.000000 0.405596 0.216783 0.432409 0.474810
 309.000000 0.383256 0.319039 0.355916 0.499497
 310.000000 0.400167 0.238628 0.386369 0.388409
 311.000000 0.377685 0.293742 0.428772 0.458593
 312.000000 0.374441 0.304227 0.397206 0.456935
 313.000000 0.434810 0.302501 0.337244 0.489512
 314.000000 0.376358 0.272090 0.332014 0.429918
 315.000000 0.338778 0.311797 0.418001 0.453044
 316.000000 0.387770 0.311635 0.410988 0.461276
 317.000000 0.397423 0.303729 0.420827 0.458955
 318.000000 0.325294 0.241786 0.427780 0.408770
 319.000000 0.322769 0.234703 0.389928 0.410742
 320.000000 0.370593 0.256479 0.396828 0.310792
 321.000000 0.290368 0.374961 0.372176 0.333063
 322.000000 0.280974 0.379734 0.453644 0.301768
 323.000000 0.321436 0.362460 0.404852 0.326002
 324.000000 0.327910 0.346688 0.464361 0.351419
 325.000000 0.303690 0.306751 0.471261 0.354500
 326.000000 0.376002 0.351360 0.458267 0.351178
 327.000000 0.368196 0.357564 0.407861 0.316723
 328.000000 0.338573 0.295036 0.383121 0.342138
 329.000000 0.341994 0.351380 0.483809 0.427089
 330.000000 0.369807 0.299556 0.305998 0.400572
 331.000000 0.297550 0.282206 0.409828 0.330869
 332.000000 0.319190 0.261012 0.393735 0.441287
 333.000000 0.246687 0.280684 0.432007 0.399051
 334.000000 0.364237 0.294404 0.422129 0.453706
 335.000000 0.351531 0.381101 0.411457 0.487805
 336.000000 0.411073 0.312934 0.401741 0.460554
 337.000000 0.357443 0.297476 0.435689 0.456964
 338.000000 0.345419 0.278518 0.426326 0.486309
 339.000000 0.317503 0.287383 0.445832 0.415233
 340.000000 0.293263 0.237518 0.456623 0.508413
 341.000000 0.336506 0.221690 0.448950 0.500787
 342.000000 0.386017 0.195262 0.449836 0.447035
 343.000000 0.374484 0.193968 0.420715 0.411243
 344.000000 0.400346 0.257856 0.445769 0.455111
 345.000000 0.363588 0.281761 0.478453 0.465799
 346.000000 0.381969 0.294906 0.465314 0.420158
 347.000000 0.346157 0.328876 0.446546 0.477225
 348.000000 0.367832 0.307871 0.436036 0.434577
 349.000000 0.352650 0.341015 0.426760 0.354881
 350.000000 0.348253 0.358519 0.414791 0.342060
 351.000000 0.329358 0.394428 0.438698 0.357903
 352.000000 0.367676 0.343514 0.454870 0.371869
 353.000000 0.367767 0.348220 0.440807 0.403543
 354.000000 0.313561 0.324171 0.403314 0.385684
 355.000000 0.340914 0.368471 0.480993 0.436777
 356.000000 0.347795 0.373090 0.528584 0.345964
 357.000000 0.352902 0.408522 0.439171 0.351619
 358.000000 0.362588 0.353398 0.454530 0.379942
 359.000000 0.446266 0.350406 0.389718 0.387240
 360.000000 0.369242 0.297691 0.500653 0.380399
 361.000000 0.373270 0.334868 0.550853 0.404896
 362.000000 0.311257 0.256242 0.553342 0.458701
 363.000000 0.358631 0.242767 0.520768 0.375145
 364.000000 0.399310 0.342681 0.549756 0.457002
 365.000000 0.351237 0.302342 0.488748 0.442161
 366.000000 0.367387 0.274181 0.507813 0.480913
 367.000000 0.420070 0.330360 0.502083 0.493251
 368.000000 0.365237 0.301063 0.518302 0.474520
 369.000000 0.369690 0.287626 0.471632 0.542350
 370.000000 0.349255 0.326628 0.560003 0.456716
 371.000000 0.316736 0.343887 0.518723 0.460682
 372.000000 0.352795 0.236964 0.445214 0.417063
 373.000000 0.403175 0.290067 0.400986 0.397209
 374.000000 0.355206 0.258288 0.325218 0.442569
 375.000000 0.342770 0.306744 0.323598 0.404792
 376.000000 0.339225 0.281607 0.383440 0.486881
 377.000000 0.406065 0.305148 0.405359 0.521701
 378.000000 0.400066 0.324989 0.452449 0.389159
 379.000000 0.352192 0.287531 0.428512 0.513457
 380.000000 0.407236 0.199052 0.480860 0.432539
 381.000000 0.377675 0.275583 0.446031 0.444665
 382.000000 0.451080 0.333240 0.398028 0.395140
 383.000000 0.348531 0.268990 0.397739 0.407394
 384.000000 0.410825 0.284569 0.502890 0.417440
 385.000000 0.354386 0.278644 0.495594 0.462660
 386.000000 0.374983 0.276166 0.525625 0.376333
 387.000000 0.380521 0.266430 0.463382 0.378528
 388.000000 0.337907 0.281124 0.453435 0.417713
 389.000000 0.336436 0.265963 0.434378 0.378571
 390.000000 0.414779 0.259130 0.434428 0.327451
 391.000000 0.352268 0.245406 0.433224 0.313136
 392.000000 0.415670 0.267577 0.379271 0.397608
 393.000000 0.314757 0.294856 0.430285 0.332745
 394.000000 0.335532 0.303765 0.457358 0.433922
 395.000000 0.372755 0.354119 0.406442 0.446102
 396.000000 0.355270 0.344652 0.493497 0.396223
 397.000000 0.342266 0.323142 0.404364 0.308977
 398.000000 0.376676 0.361508 0.478017 0.361083
 399.000000 0.331952 0.333140 0.448666 0.382699
 400.000000 0.290767 0.376501 0.377039 0.386929
 401.000000 0.272910 0.411141 0.449537 0.378447
 402.000000 0.323773 0.326328 0.467684 0.404923
 403.000000 0.297436 0.338868 0.479870 0.366024
 404.000000 0.336965 0.299907 0.432363 0.365756
 405.000000 0.280639 0.305043 0.386352 0.309157
 406.000000 0.285287 0.382787 0.477458 0.339341
 407.000000 0.269609 0.392657 0.423604 0.379653
 408.000000 0.246672 0.383505 0.470445 0.368702
 409.000000 0.300382 0.333663 0.443719 0.433262
 410.000000 0.324859 0.379362 0.429891 0.417767
 411.000000 0.360482 0.358471 0.437845 0.448273
 412.000000 0.358365 0.366779 0.495428 0.432031
 413.000000 0.375436 0.372170 0.447619 0.382873
 414.000000 0.251593 0.355234 0.431235 0.415009
 415.000000 0.328008 0.350221 0.410293 0.385745
 416.000000 0.273498 0.337481 0.428651 0.353422
 417.000000 0.328051 0.354246 0.482215 0.396391
 418.000000 0.350706 0.305587 0.416581 0.388165
 419.000000 0.323900 0.325610 0.472158 0.413132
 420.000000 0.326846 0.424402 0.410074 0.405398
 421.000000 0.374756 0.411722 0.489452 0.470224
 422.000000 0.380785 0.370594 0.489495 0.492725
 423.000000 0.379207 0.360942 0.401534 0.471460
 424.000000 0.264786 0.297001 0.444062 0.521974
 425.000000 0.276090 0.393796 0.381519 0.437477
 426.000000 0.224058 0.381069 0.398197 0.504512
 427.000000 0.293381 0.392229 0.413419 0.431446
 428.000000 0.203331 0.402833 0.404887 0.440459
 429.000000 0.221232 0.358533 0.435818 0.435866
 430.000000 0.263372 0.310647 0.461596 0.511764
 431.000000 0.246792 0.358835 0.447965 0.495607
 432.000000 0.316621 0.348831 0.472395 0.434095
 433.000000 0.327312 0.406592 0.448744 0.402051
 434.000000 0.298415 0.437179 0.476382 0.354647
 435.000000 0.263081 0.334630 0.416105 0.403711
 436.000000 0.293532 0.368050 0.379832 0.427796
 437.000000 0.217392 0.373846 0.401724 0.469982
 438.000000 0.267225 0.404789 0.469902 0.442917
 439.000000 0.290598 0.367427 0.422882 0.528169
 440.000000 0.249131 0.331112 0.456635 0.462823
 441.000000 0.239718 0.396684 0.450567 0.492961
 442.000000 0.127253 0.345691 0.347266 0.540454
 443.000000 0.269024 0.387658 0.407178 0.549232
 444.000000 0.250915 0.364952 0.409416 0.507537
 445.000000 0.262718 0.362566 0.432572 0.510748
 446.000000 0.325873 0.440807 0.333567 0.513695
 447.000000 0.319839 0.408931 0.385871 0.550347
 448.000000 0.297614 0.428142 0.376492 0.529426
 449.000000 0.341514 0.432007 0.425201 0.626154
 450.000000 0.316616 0.376966 0.354533 0.562973
 451.000000 0.364669 0.374314 0.359983 0.586013
 452.000000 0.290828 0.369735 0.336912 0.498053
 453.000000 0.344477 0.298906 0.345183 0.546636
 454.000000 0.318764 0.358004 0.338885 0.436674
 455.000000 0.354479 0.369603 0.299931 0.369793
 456.000000 0.364479 0.347691 0.314508 0.469357
 457.000000 0.336991 0.454559 0.310254 0.410486
 458.000000 0.319000 0.389478 0.342775 0.479808
 459.000000 0.401597 0.320559 0.341919 0.517086
 460.000000 0.381713 0.360476 0.353853 0.512046
 461.000000 0.391344 0.395636 0.412508 0.443895
 462.000000 0.429662 0.378279 0.473644 0.496341
 463.000000 0.369524 0.347115 0.368023 0.427900
 464.000000 0.338181 0.321073 0.392744 0.454564
 465.000000 0.408861 0.351619 0.432985 0.364232
 466.000000 0.424429 0.395182 0.410281 0.425101
 467.000000 0.454230 0.336998 0.420469 0.507956
 468.000000 0.518736 0.383057 0.394313 0.485027
 469.000000 0.501953 0.326802 0.389114 0.388527
 470.000000 0.425636 0.336961 0.369932 0.362047
 471.000000 0.472548 0.309446 0.380120 0.383656
 472.000000 0.403535 0.366445 0.336104 0.431283
 473.000000 0.444676 0.324457 0.333756 0.473225
 474.000000 0.404411 0.340651 0.382674 0.474083
 475.000000 0.328748 0.330523 0.416048 0.533275
 476.000000 0.377479 0.360526 0.368474 0.470475
 477.000000 0.360171 0.398811 0.382974 0.499406
 478.000000 0.411431 0.380764 0.405920 0.508385
 479.000000 0.392208 0.322500 0.351653 0.472463
 480.000000 0.353025 0.395572 0.442311 0.496585
 481.000000 0.374635 0.358756 0.425850 0.412938
 482.000000 0.358274 0.400707 0.467724 0.456833
 483.000000 0.359368 0.376014 0.357935 0.420338
 484.000000 0.343059 0.334753 0.406883 0.482209
 485.000000 0.417469 0.332041 0.448833 0.470054
 486.000000 0.347173 0.391686 0.453941 0.505765
 487.000000 0.347579 0.378021 0.430769 0.489896
 488.000000 0.367286 0.402961 0.438723 0.611572
 489.000000 0.393166 0.391995 0.351730 0.577874
 490.000000 0.367896 0.375914 0.382149 0.525101
 491.000000 0.391482 0.353389 0.334323 0.540192
 492.000000 0.362254 0.362682 0.385010 0.584511
 493.000000 0.398231 0.330763 0.291555 0.536384
 494.000000 0.387368 0.385055 0.324911 0.507061
 495.000000 0.299356 0.376790 0.389543 0.532902
 496.000000 0.369361 0.349331 0.339621 0.596571
 497.000000 0.343017 0.347153 0.399941 0.544172
 498.000000 0.407943 0.372616 0.394657 0.559260
 499.000000 0.348001 0.379675 0.375702 0.533813
 500.000000 0.330627 0.357651 0.344516 0.499826
 501.000000 0.378435 0.348229 0.353673 0.550895
 502.000000 0.382738 0.379964 0.360686 0.545719
 503.000000 0.370354 0.400983 0.362877 0.611978
 504.000000 0.378236 0.426178 0.345414 0.551674
 505.000000 0.348394 0.399698 0.335565 0.569638
 506.000000 0.396194 0.391970 0.326242 0.530099
 507.000000 0.369555 0.394958 0.311855 0.537152
 508.000000 0.380842 0.352761 0.286208 0.449123
 509.000000 0.381344 0.411596 0.331253 0.499623
 510.000000 0.355609 0.381892 0.387478 0.487117
 511.000000 0.391742 0.361470 0.360520 0.521491
 512.000000 0.365596 0.432531 0.338218 0.578002
 513.000000 0.348794 0.343661 0.356100 0.480102
 514.000000 0.379766 0.393703 0.327706 0.522460
 515.000000 0.419756 0.391430 0.396191 0.544697
 516.000000 0.393504 0.394599 0.389094 0.516372
 517.000000 0.422115 0.447888 0.343539 0.529490
 518.000000 0.395202 0.410638 0.358609 0.500476
 519.000000 0.391655 0.408269 0.356619 0.474703
 520.000000 0.395024 0.349312 0.313965 0.412447
 521.000000 0.334533 0.404407 0.295900 0.482667
 522.000000 0.323877 0.410963 0.380470 0.531712
 523.000000 0.332410 0.389449 0.325081 0.528350
 524.000000 0.394197 0.398774 0.365004 0.410064
 525.000000 0.349062 0.433767 0.287411 0.520601
 526.000000 0.410301 0.412139 0.226153 0.516445
 527.000000 0.337821 0.378172 0.274358 0.540601
 528.000000 0.391605 0.427700 0.242692 0.562708
 529.000000 0.437111 0.409650 0.327314 0.529534
 530.000000 0.450577 0.438281 0.252202 0.547075
 531.000000 0.387981 0.449701 0.285510 0.554503
 532.000000 0.411754 0.419980 0.286570 0.621939
 533.000000 0.425280 0.368523 0.301720 0.569333
 534.000000 0.395774 0.400689 0.279539 0.613346
 535.000000 0.403517 0.374969 0.333726 0.662603
 536.000000 0.398827 0.393372 0.309657 0.588366
 537.000000 0.408850 0.314874 0.345973 0.578211
 538.000000 0.462858 0.291368 0.329356 0.557256
 539.000000 0.399954 0.321701 0.348808 0.540964
 540.000000 0.487004 0.312505 0.320791 0.565518
 541.000000 0.473063 0.349783 0.325313 0.576600
 542.000000 0.471364 0.335330 0.309046 0.526869
 543.000000 0.499721 0.356000 0.363233 0.568314
 544.000000 0.368322 0.364356 0.308323 0.651143
 545.000000 0.404553 0.367587 0.338743 0.582925
 546.000000 0.357862 0.384716 0.392890 0.514880
 547.000000 0.368904 0.432877 0.399519 0.510499
 548.000000 0.332784 0.427670 0.299394 0.615414
 549.000000 0.335889 0.461741 0.372918 0.577842
 550.000000 0.343463 0.423480 0.387081 0.525291
 551.000000 0.429699 0.451273 0.321901 0.590187
 552.000000 0.397799 0.485507 0.339533 0.574560
 553.000000 0.408076 0.464044 0.347697 0.516890
 554.000000 0.411886 0.432082 0.403719 0.569297
 555.000000 0.366162 0.504256 0.382190 0.604174
 556.000000 0.401384 0.458029 0.373756 0.460691
 557.000000 0.351332 0.485982 0.393103 0.468101
 558.000000 0.374857 0.455723 0.292709 0.541408
 559.000000 0.435362 0.449972 0.289680 0.563135
 560.000000 0.377800 0.499939 0.331681 0.577915
 561.000000 0.394337 0.431083 0.299675 0.589309
 562.000000 0.360113 0.438723 0.263974 0.561421
 563.000000 0.364430 0.456466 0.297840 0.630622
 564.000000 0.380488 0.488488 0.277745 0.629808
 565.000000 0.361003 0.430202 0.368562 0.603426
 566.000000 0.353935 0.387603 0.325632 0.558035
 567.000000 0.403142 0.460787 0.347782 0.594110
 568.000000 0.375043 0.351996 0.300400 0.651893
 569.000000 0.403798 0.346779 0.346522 0.583541
 570.000000 0.396418 0.437826 0.366333 0.596489
 571.000000 0.313963 0.338297 0.358298 0.602981
 572.000000 0.346236 0.390172 0.390171 0.547273
 573.000000 0.324229 0.330954 0.325340 0.528666
 574.000000 0.467987 0.392601 0.336740 0.576970
 575.000000 0.402990 0.337691 0.355313 0.532287
 576.000000 0.379015 0.425120 0.281284 0.519952
 577.000000 0.398118 0.371599 0.273316 0.444277
 578.000000 0.310735 0.374495 0.348421 0.486807
 579.000000 0.365654 0.393466 0.352476 0.558746
 580.000000 0.327667 0.365989 0.333555 0.580140
 581.000000 0.295425 0.373925 0.324358 0.554641
 582.000000 0.286508 0.358956 0.401415 0.567151
 583.000000 0.293286 0.416044 0.346062 0.581594
 584.000000 0.312379 0.377635 0.389160 0.620421
 585.000000 0.286805 0.353680 0.368306 0.539113
 586.000000 0.336139 0.398322 0.363583 0.508137
 587.000000 0.299907 0.387735 0.380906 0.454596
 588.000000 0.330833 0.384324 0.291437 0.560613
 589.000000 0.306675 0.439822 0.328230 0.523601
 590.000000 0.294898 0.402673 0.346035 0.526070
 591.000000 0.292137 0.395616 0.402757 0.591625
 592.000000 0.245290 0.391136 0.325386 0.598628
 593.000000 0.275374 0.386327 0.421156 0.518077
 594.000000 0.249822 0.403258 0.353871 0.551001
 595.000000 0.333472 0.389165 0.312380 0.514604
 596.000000 0.252931 0.474829 0.281112 0.529048
 597.000000 0.346810 0.372108 0.261721 0.572558
 598.000000 0.290267 0.405023 0.246340 0.556830
 599.000000 0.250822 0.376936 0.362349 0.519272
 600.000000 0.298549 0.408638 0.344939 0.549264
 601.000000 0.308203 0.453977 0.331635 0.604528
 602.000000 0.386899 0.455453 0.337399 0.533258
 603.000000 0.298756 0.441047 0.416993 0.575378
 604.000000 0.329538 0.403454 0.364181 0.529533
 605.000000 0.381390 0.426432 0.402598 0.518872
 606.000000 0.347998 0.385455 0.392196 0.594292
 607.000000 0.350783 0.308329 0.371424 0.628951
 608.000000 0.302109 0.366126 0.401520 0.591538
 609.000000 0.252998 0.410597 0.467334 0.509009
 610.000000 0.377478 0.415423 0.306334 0.547260
 611.000000 0.365997 0.425109 0.309449 0.538894
 612.000000 0.378447 0.446377 0.301221 0.581858
 613.000000 0.390838 0.339569 0.318615 0.654909
 614.000000 0.393700 0.403763 0.366557 0.643792
 615.000000 0.364982 0.363492 0.384666 0.508607
 616.000000 0.298265 0.354813 0.368463 0.636993
 617.000000 0.302107 0.325741 0.406200 0.506367
 618.000000 0.320167 0.308731 0.387536 0.472452
 619.000000 0.287317 0.223108 0.412839 0.423171
 620.000000 0.383590 0.271543 0.426982 0.473170
 621.000000 0.382917 0.241069 0.454105 0.441095
 622.000000 0.383790 0.299000 0.415328 0.476139
 623.000000 0.383818 0.251185 0.439401 0.541937
 624.000000 0.372690 0.328167 0.388888 0.477598
 625.000000 0.317789 0.335961 0.443826 0.507948
 626.000000 0.312640 0.392780 0.435577 0.427804
 627.000000 0.336823 0.399982 0.399097 0.462930
 628.000000 0.381845 0.340653 0.440598 0.498293
 629.000000 0.355436 0.406201 0.373291 0.486879
 630.000000 0.383139 0.346451 0.428505 0.540452
 631.000000 0.375576 0.293662 0.360115 0.572565
 632.000000 0.419815 0.253216 0.438010 0.484881
 633.000000 0.395864 0.274325 0.393987 0.607592
 634.000000 0.441764 0.343957 0.425175 0.506508
 635.000000 0.392050 0.394467 0.466056 0.482205
 636.000000 0.351943 0.369802 0.457819 0.585382
 637.000000 0.378859 0.347081 0.495956 0.592203
 638.000000 0.409266 0.366202 0.557332 0.483264
 639.000000 0.384756 0.376214 0.516175 0.487045
 640.000000 0.379100 0.371580 0.394958 0.377413
 641.000000 0.419086 0.388658 0.372367 0.509600
 642.000000 0.365276 0.327045 0.401191 0.444664
 643.000000 0.400207 0.421952 0.312151 0.503712
 644.000000 0.378752 0.423277 0.406845 0.538454
 645.000000 0.314263 0.346473 0.409484 0.536327
 646.000000 0.292082 0.374212 0.401012 0.504833
 647.000000 0.394669 0.373773 0.413393 0.397847
 648.000000 0.412690 0.362838 0.410356 0.592945
 649.000000 0.394072 0.356481 0.421651 0.594699
 650.000000 0.383283 0.347150 0.362165 0.542398
 651.000000 0.379299 0.356750 0.367782 0.551945
 652.000000 0.413491 0.315099 0.428470 0.672378
 653.000000 0.386689 0.379705 0.423968 0.646416
 654.000000 0.371237 0.363892 0.427306 0.572773
 655.000000 0.418565 0.390268 0.402056 0.637934
 656.000000 0.445344 0.402055 0.444368 0.563360
 657.000000 0.407997 0.359390 0.353713 0.633962
 658.000000 0.456848 0.377393 0.505405 0.534998
 659.000000 0.365113 0.406531 0.490017 0.591950
 660.000000 0.442819 0.351707 0.412393 0.605795
 661.000000 0.411587 0.340938 0.448057 0.637038
 662.000000 0.366459 0.369597 0.423053 0.605830
 663.000000 0.310165 0.334083 0.389657 0.614024
 664.000000 0.324170 0.385187 0.428865 0.677000
 665.000000 0.411864 0.358181 0.383614 0.581778
 666.000000 0.255136 0.346232 0.374070 0.559799
 667.000000 0.367095 0.335154 0.375666 0.544674
 668.000000 0.310739 0.387918 0.408128 0.644578
 669.000000 0.319485 0.343530 0.384242 0.705527
 670.000000 0.366220 0.370588 0.417934 0.690184
 671.000000 0.350294 0.399689 0.359360 0.649187
 672.000000 0.390013 0.342646 0.393648 0.640839
 673.000000 0.328398 0.351601 0.393367 0.524384
 674.000000 0.353787 0.373664 0.385581 0.493131
 675.000000 0.266806 0.341337 0.394543 0.418383
 676.000000 0.340054 0.339385 0.338710 0.432846
 677.000000 0.368227 0.368167 0.358010 0.548657
 678.000000 0.356807 0.437401 0.374359 0.484313
 679.000000 0.358345 0.337867 0.343252 0.572633
 680.000000 0.317004 0.337293 0.328128 0.540360
 681.000000 0.332867 0.289922 0.409455 0.494075
 682.000000 0.354924 0.314110 0.466818 0.532029
 683.000000 0.257790 0.343619 0.436558 0.365492
 684.000000 0.270125 0.351646 0.474834 0.388976
 685.000000 0.342185 0.400458 0.485661 0.312769
 686.000000 0.357457 0.412855 0.350217 0.327518
 687.000000 0.351515 0.371520 0.393173 0.321224
 688.000000 0.403614 0.383077 0.449929 0.321132
 689.000000 0.287093 0.448852 0.388835 0.294059
 690.000000 0.329805 0.450356 0.451149 0.403683
 691.000000 0.328048 0.420899 0.461791 0.432406
 692.000000 0.260152 0.438669 0.434920 0.427989
 693.000000 0.358256 0.437629 0.504243 0.505296
 694.000000 0.316354 0.377981 0.397269 0.504399
 695.000000 0.324070 0.376951 0.436714 0.522815
 696.000000 0.334074 0.400883 0.420836 0.519613
 697.000000 0.342249 0.358035 0.429833 0.516546
 698.000000 0.275666 0.356943 0.433896 0.478663
 699.000000 0.291122 0.381654 0.435864 0.446848
 700.000000 0.178186 0.371027 0.471222 0.499700
 701.000000 0.298895 0.375848 0.422538 0.490346
 702.000000 0.304660 0.343160 0.455020 0.468324
 703.000000 0.289651 0.411220 0.423131 0.431955
 704.000000 0.389043 0.378873 0.445181 0.410235
 705.000000 0.348610 0.379662 0.463768 0.444452
 706.000000 0.324021 0.305921 0.437473 0.445104
 707.000000 0.306730 0.434122 0.485777 0.434632
 708.000000 0.369205 0.468491 0.490166 0.447792
 709.000000 0.329854 0.419270 0.499711 0.360096
 710.000000 0.291880 0.335765 0.432881 0.540741
 711.000000 0.315550 0.353691 0.458239 0.519963
 712.000000 0.346702 0.434518 0.446690 0.561894
 713.000000 0.313310 0.397600 0.398293 0.536217
 714.000000 0.323705 0.365356 0.424490 0.602867
 715.000000 0.339914 0.381302 0.439906 0.592650
 716.000000 0.354077 0.413379 0.448644 0.507720
 717.000000 0.329855 0.427334 0.494247 0.605807
 718.000000 0.344609 0.379508 0.492121 0.602238
 719.000000 0.340188 0.414920 0.464223 0.625386
 720.000000 0.322578 0.460159 0.417899 0.608242
 721.000000 0.333970 0.357407 0.475360 0.690878
 722.000000 0.359794 0.444781 0.416164 0.573399
 723.000000 0.391431 0.421632 0.480817 0.671651
 724.000000 0.301257 0.448697 0.449855 0.685722
 725.000000 0.282490 0.392467 0.426531 0.661097
 726.000000 0.383499 0.360991 0.471278 0.693310
 727.000000 0.377894 0.398191 0.434162 0.688812
 728.000000 0.306255 0.417062 0.432179 0.665916
 729.000000 0.363462 0.333400 0.313380 0.654158
 730.000000 0.337131 0.404449 0.392725 0.743104
 731.000000 0.343028 0.418377 0.383629 0.690130
 732.000000 0.354275 0.431981 0.410136 0.672599
 733.000000 0.319700 0.417269 0.396279 0.632546
 734.000000 0.374411 0.376598 0.450380 0.571122
 735.000000 0.287606 0.347806 0.436528 0.633230
 736.000000 0.356921 0.388278 0.317609 0.672316
 737.000000 0.307763 0.415285 0.374896 0.692277
 738.000000 0.301295 0.364844 0.446451 0.598500
 739.000000 0.308233 0.373034 0.430833 0.501052
 740.000000 0.276725 0.375951 0.393430 0.481556
 741.000000 0.290169 0.399088 0.373131 0.557291
 742.000000 0.241056 0.408871 0.334293 0.618104
 743.000000 0.360361 0.425424 0.404025 0.658654
 744.000000 0.360375 0.382229 0.374096 0.608238
 745.000000 0.250862 0.433475 0.353129 0.567148
 746.000000 0.267160 0.401084 0.333875 0.556073
 747.000000 0.291537 0.383918 0.396764 0.585418
 748.000000 0.351262 0.361223 0.386069 0.672572
 749.000000 0.372075 0.391118 0.360041 0.590181
 750.000000 0.243166 0.332187 0.375293 0.611198
 751.000000 0.301631 0.391434 0.346032 0.635255
 752.000000 0.220339 0.304711 0.356475 0.576380
 753.000000 0.349379 0.374715 0.402911 0.605611
 754.000000 0.340512 0.353644 0.399859 0.595351
 755.000000 0.295815 0.356843 0.420296 0.576984
 756.000000 0.348234 0.318778 0.385517 0.633692
 757.000000 0.378363 0.372939 0.433674 0.739725
 758.000000 0.296574 0.372849 0.412199 0.735827
 759.000000 0.295811 0.310372 0.331378 0.716264
 760.000000 0.339944 0.422490 0.362060 0.693451
 761.000000 0.332595 0.355478 0.352475 0.587506
 762.000000 0.286219 0.377575 0.329061 0.763478
 763.000000 0.304870 0.411489 0.302234 0.660476
 764.000000 0.282183 0.344832 0.351527 0.735438
 765.000000 0.319203 0.327890 0.341746 0.639594
 766.000000 0.324476 0.319137 0.362635 0.661834
 767.000000 0.356783 0.285138 0.420471 0.670439
 768.000000 0.390719 0.302548 0.365192 0.698102
 769.000000 0.326803 0.256768 0.321712 0.615928
 770.000000 0.344345 0.265928 0.351142 0.661192
 771.000000 0.316834 0.330952 0.346738 0.607687
 772.000000 0.331342 0.325517 0.344493 0.702108
 773.000000 0.327564 0.364195 0.280166 0.663852
 774.000000 0.351456 0.367152 0.287630 0.697922
 775.000000 0.339935 0.354338 0.329119 0.705699
 776.000000 0.265954 0.408252 0.253465 0.711389
 777.000000 0.349866 0.374331 0.275123 0.731814
 778.000000 0.354419 0.394331 0.266948 0.745881
 779.000000 0.317471 0.406565 0.262524 0.783393
 780.000000 0.275807 0.370184 0.267755 0.744344
 781.000000 0.330447 0.345583 0.249548 0.697705
 782.000000 0.286778 0.350057 0.244235 0.683345
 783.000000 0.327110 0.301955 0.207821 0.772410
 784.000000 0.322514 0.311423 0.208773 0.721722
 785.000000 0.281510 0.374853 0.183434 0.666702
 786.000000 0.342087 0.285663 0.188491 0.693500
 787.000000 0.350444 0.317702 0.188282 0.740359
 788.000000 0.267430 0.332968 0.316617 0.718039
 789.000000 0.345647 0.427455 0.265380 0.711456
 790.000000 0.382291 0.363595 0.250432 0.745194
 791.000000 0.346877 0.301481 0.312512 0.828207
 792.000000 0.325123 0.405024 0.285071 0.734838
 793.000000 0.328783 0.348906 0.300124 0.742601
 794.000000 0.386552 0.390543 0.333807 0.814490
 795.000000 0.356330 0.406202 0.341711 0.741959
 796.000000 0.442403 0.414864 0.231650 0.785399
 797.000000 0.289076 0.359788 0.364713 0.866324
 798.000000 0.338898 0.380971 0.257576 0.853863
 799.000000 0.347735 0.350428 0.240173 0.828016
 800.000000 0.354228 0.330882 0.270935 0.772060
 801.000000 0.323492 0.319181 0.330666 0.813120
 802.000000 0.321916 0.316991 0.324424 0.801779
 803.000000 0.367045 0.348608 0.275708 0.859090
 804.000000 0.332088 0.384205 0.390329 0.770821
 805.000000 0.353606 0.357760 0.335317 0.792527
 806.000000 0.303579 0.390718 0.324988 0.777389
 807.000000 0.330710 0.352151 0.278162 0.737678
 808.000000 0.389106 0.354337 0.364828 0.819505
 809.000000 0.369322 0.375367 0.391450 0.801987
 810.000000 0.341716 0.319976 0.400831 0.844449
 811.000000 0.340417 0.349982 0.390834 0.827094
 812.000000 0.355001 0.307994 0.305559 0.800336
 813.000000 0.402522 0.366050 0.277902 0.907244
 814.000000 0.395226 0.400288 0.278726 0.746084
 815.000000 0.393476 0.439328 0.336458 0.815788
 816.000000 0.329405 0.437950 0.357915 0.847913
 817.000000 0.430818 0.381901 0.281682 0.774470
 818.000000 0.391892 0.399170 0.302596 0.783117
 819.000000 0.335040 0.356489 0.313496 0.705120
 820.000000 0.338596 0.309020 0.193125 0.839314
 821.000000 0.351890 0.343605 0.250449 0.782212
 822.000000 0.334941 0.374339 0.324119 0.754826
 823.000000 0.435177 0.404426 0.358809 0.787715
 824.000000 0.341889 0.393149 0.312021 0.796109
 825.000000 0.422102 0.418870 0.321031 0.805551
 826.000000 0.438816 0.397517 0.311573 0.812318
 827.000000 0.420209 0.348027 0.345207 0.831046
 828.000000 0.373724 0.361607 0.392732 0.739605
 829.000000 0.418628 0.344560 0.353807 0.688597
 830.000000 0.405412 0.380633 0.324028 0.706069
 831.000000 0.407855 0.359113 0.369071 0.782926
 832.000000 0.308391 0.371937 0.330258 0.718247
 833.000000 0.447468 0.371228 0.423830 0.662590
 834.000000 0.431326 0.378379 0.318396 0.659595
 835.000000 0.358741 0.377914 0.335991 0.682672
 836.000000 0.300071 0.379557 0.363496 0.641174
 837.000000 0.375150 0.351145 0.410223 0.647627
 838.000000 0.337760 0.377223 0.436700 0.586274
 839.000000 0.332082 0.373740 0.402902 0.637423
 840.000000 0.302580 0.345422 0.455596 0.623236
 841.000000 0.328011 0.353890 0.453833 0.608187
 842.000000 0.406662 0.305669 0.460804 0.650810
 843.000000 0.361385 0.316738 0.448056 0.551788
 844.000000 0.385284 0.334127 0.413518 0.629699
 845.000000 0.318929 0.363113 0.390476 0.643157
 846.000000 0.324158 0.335221 0.455397 0.585220
 847.000000 0.310927 0.311858 0.425217 0.618374
 848.000000 0.280326 0.313648 0.470980 0.660463
 849.000000 0.310038 0.335198 0.431798 0.647528
 850.000000 0.293953 0.279869 0.507261 0.600020
 851.000000 0.349012 0.345756 0.441066 0.626595
 852.000000 0.305036 0.336937 0.427417 0.672544
 853.000000 0.281292 0.309062 0.438694 0.628130
 854.000000 0.319818 0.353846 0.473868 0.694174
 855.000000 0.271311 0.324277 0.470684 0.585799
 856.000000 0.293626 0.340077 0.423815 0.664264
 857.000000 0.322980 0.203431 0.394808 0.707046
 858.000000 0.352342 0.287745 0.398336 0.696120
 859.000000 0.301842 0.322697 0.486069 0.666413
 860.000000 0.416636 0.285911 0.425135 0.689397
 861.000000 0.327393 0.293638 0.478628 0.622805
 862.000000 0.405473 0.296180 0.449761 0.566566
 863.000000 0.279609 0.301158 0.470541 0.587310
 864.000000 0.286124 0.344122 0.468740 0.556775
 865.000000 0.273810 0.330245 0.476337 0.598825
 866.000000 0.253633 0.316967 0.507795 0.617891
 867.000000 0.320515 0.325482 0.520905 0.646547
 868.000000 0.350415 0.282782 0.521802 0.602426
 869.000000 0.360507 0.236218 0.437259 0.631327
 870.000000 0.307902 0.310361 0.351283 0.589214
 871.000000 0.372717 0.284738 0.435949 0.538817
 872.000000 0.383589 0.275891 0.242079 0.572087
 873.000000 0.299426 0.333139 0.334453 0.550796
 874.000000 0.286067 0.309535 0.418335 0.629112
 875.000000 0.322514 0.282596 0.432824 0.609134
 876.000000 0.332106 0.316125 0.377485 0.623448
 877.000000 0.390863 0.276156 0.425382 0.594662
 878.000000 0.363586 0.357429 0.467289 0.597179
 879.000000 0.421897 0.344929 0.421395 0.651615
 880.000000 0.426986 0.346346 0.379632 0.615753
 881.000000 0.445199 0.339563 0.371826 0.716989
 882.000000 0.381790 0.362802 0.345304 0.679150
 883.000000 0.378699 0.356520 0.384203 0.619264
 884.000000 0.470391 0.321162 0.362050 0.628306
 885.000000 0.423241 0.322037 0.422410 0.628886
 886.000000 0.343183 0.352799 0.363888 0.653462
 887.000000 0.389539 0.289185 0.346782 0.658358
 888.000000 0.461846 0.403335 0.340357 0.703467
 889.000000 0.393122 0.393924 0.377497 0.644327
 890.000000 0.379258 0.329303 0.345271 0.671404
 891.000000 0.352544 0.333453 0.340112 0.641685
 892.000000 0.420058 0.360656 0.359035 0.719566
 893.000000 0.390053 0.362484 0.448774 0.666719
 894.000000 0.436379 0.339099 0.434327 0.692074
 895.000000 0.420519 0.337881 0.419193 0.650888
 896.000000 0.423498 0.365222 0.464701 0.707911
 897.000000 0.401688 0.360331 0.398257 0.740245
 898.000000 0.476661 0.406412 0.398881 0.725791
 899.000000 0.477885 0.359328 0.443256 0.745868
 900.000000 0.481801 0.444934 0.377559 0.703294
 901.000000 0.433898 0.427030 0.373793 0.715912
 902.000000 0.417595 0.422232 0.404401 0.635157
 903.000000 0.406658 0.427463 0.436243 0.666029
 904.000000 0.456442 0.411756 0.402766 0.680246
 905.000000 0.500181 0.422062 0.407341 0.590620
 906.000000 0.471732 0.416784 0.332418 0.577149
 907.000000 0.522096 0.386613 0.314419 0.682408
 908.000000 0.495682 0.375156 0.404727 0.566475
 909.000000 0.419524 0.428387 0.407010 0.645142
 910.000000 0.465461 0.451148 0.416559 0.700864
 911.000000 0.473573 0.402367 0.420279 0.670502
 912.000000 0.416768 0.432086 0.478428 0.625774
 913.000000 0.430860 0.383348 0.505356 0.547008
 914.000000 0.375867 0.402030 0.542951 0.540510
 915.000000 0.413757 0.453722 0.510316 0.606593
 916.000000 0.459012 0.406032 0.466352 0.589176
 917.000000 0.520009 0.374789 0.489008 0.623568
 918.000000 0.439253 0.398453 0.455680 0.622547
 919.000000 0.462603 0.413845 0.462110 0.598951
 920.000000 0.437362 0.393884 0.381579 0.696400
 921.000000 0.373874 0.377743 0.422256 0.597307
 922.000000 0.460405 0.393432 0.400035 0.518149
 923.000000 0.451143 0.390856 0.436480 0.562119
 924.000000 0.460315 0.350270 0.407317 0.613144
 925.000000 0.477555 0.378823 0.430069 0.599060
 926.000000 0.485455 0.340135 0.366154 0.559174
 927.000000 0.458335 0.414103 0.336954 0.545358
 928.000000 0.470870 0.414533 0.408712 0.530291
 929.000000 0.429700 0.416104 0.378567 0.565107
 930.000000 0.406699 0.389629 0.404286 0.601843
 931.000000 0.444445 0.340041 0.352783 0.536821
 932.000000 0.429910 0.404966 0.364038 0.631814
 933.000000 0.435890 0.329200 0.397427 0.577767
 934.000000 0.403147 0.369609 0.336733 0.608919
 935.000000 0.424725 0.358148 0.424796 0.586083
 936.000000 0.517097 0.369084 0.448663 0.544014
 937.000000 0.465002 0.394761 0.453052 0.529619
 938.000000 0.462205 0.394152 0.377052 0.598550
 939.000000 0.311883 0.433095 0.378670 0.663700
 940.000000 0.464563 0.391971 0.414810 0.636877
 941.000000 0.391036 0.432867 0.444728 0.633480
 942.000000 0.421374 0.414526 0.469032 0.605864
 943.000000 0.489628 0.369486 0.551447 0.658401
 944.000000 0.413612 0.378444 0.394517 0.671344
 945.000000 0.407284 0.404658 0.410633 0.719941
 946.000000 0.368201 0.419613 0.317302 0.673670
 947.000000 0.364658 0.330653 0.429384 0.583747
 948.000000 0.339849 0.384502 0.431743 0.597412
 949.000000 0.346972 0.339477 0.382819 0.686395
 950.000000 0.344964 0.279811 0.408643 0.567956
 951.000000 0.335568 0.434594 0.400525 0.530037
 952.000000 0.405557 0.436595 0.370579 0.498227
 953.000000 0.348663 0.371905 0.436065 0.551103
 954.000000 0.416739 0.519448 0.446437 0.596579
 955.000000 0.342318 0.486090 0.361168 0.562701
 956.000000 0.437405 0.449096 0.406557 0.576030
 957.000000 0.371337 0.418025 0.367439 0.516913
 958.000000 0.349421 0.430289 0.445570 0.530503
 959.000000 0.434094 0.465465 0.419836 0.550415
 960.000000 0.463504 0.431662 0.452985 0.543817
 961.000000 0.387811 0.444653 0.464635 0.562016
 962.000000 0.451248 0.479862 0.449796 0.535133
 963.000000 0.496771 0.461773 0.410923 0.607343
 964.000000 0.423373 0.429234 0.440104 0.567340
 965.000000 0.370974 0.478549 0.452800 0.580001
 966.000000 0.299431 0.427901 0.457052 0.651483
 967.000000 0.275790 0.421956 0.477020 0.702941
 968.000000 0.351283 0.429043 0.498142 0.669602
 969.000000 0.372352 0.421801 0.470127 0.541483
 970.000000 0.435558 0.424018 0.451314 0.523237
 971.000000 0.385375 0.462122 0.470054 0.611417
 972.000000 0.397258 0.452449 0.463523 0.678198
 973.000000 0.327218 0.411268 0.489631 0.669128
 974.000000 0.343358 0.417334 0.458186 0.639583
 975.000000 0.370058 0.470207 0.491009 0.616069
 976.000000 0.272278 0.459131 0.453539 0.716257
 977.000000 0.283009 0.457694 0.450855 0.748485
 978.000000 0.249438 0.385976 0.529304 0.671510
 979.000000 0.217643 0.431538 0.510596 0.641048
 980.000000 0.200134 0.419619 0.514609 0.658651
 981.000000 0.239292 0.509705 0.547692 0.576803
 982.000000 0.098596 0.461933 0.506978 0.668968
 983.000000 0.228166 0.442904 0.451060 0.666855
 984.000000 0.205520 0.415108 0.488484 0.648516
 985.000000 0.182018 0.475196 0.469877 0.700169
 986.000000 0.181598 0.460943 0.491051 0.723798
 987.000000 0.184319 0.455875 0.438309 0.786979
 988.000000 0.266221 0.444986 0.351082 0.623298
 989.000000 0.290433 0.522041 0.457214 0.680426
 990.000000 0.318471 0.441044 0.424277 0.704681
 991.000000 0.319714 0.432908 0.454652 0.678010
 992.000000 0.382983 0.529904 0.447177 0.640516
 993.000000 0.306575 0.510031 0.379983 0.611881
 994.000000 0.228722 0.409000 0.439816 0.644197
 995.000000 0.226858 0.465169 0.452626 0.634003
 996.000000 0.205882 0.472250 0.428985 0.577863
 997.000000 0.152107 0.428302 0.460026 0.608142
 998.000000 0.273602 0.436286 0.457900 0.583472
 999.000000 0.268267 0.451763 0.422269 0.633947
 1000.000000 0.169541 0.463058 0.384314 0.660873
 1001.000000 0.172749 0.456657 0.391729 0.613673
 1002.000000 0.188584 0.422049 0.387562 0.690326
 1003.000000 0.187850 0.389858 0.375658 0.612986
 1004.000000 0.119886 0.386270 0.411354 0.662489
 1005.000000 0.084396 0.370914 0.409606 0.653779
 1006.000000 0.161568 0.374738 0.408943 0.591032
 1007.000000 0.172207 0.414805 0.419006 0.583103
 1008.000000 0.040457 0.409769 0.477487 0.618276
 1009.000000 0.045068 0.448802 0.482596 0.617770
 1010.000000 0.053152 0.422705 0.425730 0.592831
 1011.000000 0.095722 0.377784 0.471995 0.627321
 1012.000000 0.211327 0.424183 0.466389 0.554895
 1013.000000 0.071986 0.387628 0.396338 0.532194
 1014.000000 0.096270 0.425528 0.418030 0.602071
 1015.000000 0.166065 0.396420 0.504736 0.663317
 1016.000000 0.128568 0.409786 0.456795 0.666685
 1017.000000 0.164786 0.395617 0.433032 0.565425
 1018.000000 0.262301 0.410250 0.451280 0.459321
 1019.000000 0.132656 0.402714 0.394655 0.538289
 1020.000000 0.219895 0.439979 0.444771 0.547718
 1021.000000 0.178694 0.369071 0.417436 0.571566
 1022.000000 0.141030 0.348841 0.415327 0.643887
 1023.000000 0.187256 0.360829 0.399803 0.625280
 1024.000000 0.215613 0.430897 0.406208 0.577742
 1025.000000 0.225734 0.406213 0.397138 0.577771
 1026.000000 0.247892 0.365136 0.392821 0.618910
 1027.000000 0.265533 0.404858 0.359437 0.634057
 1028.000000 0.331852 0.414749 0.450315 0.577623
 1029.000000 0.364647 0.424886 0.511232 0.551332
 1030.000000 0.278017 0.433729 0.433334 0.617592
 1031.000000 0.246723 0.434462 0.451661 0.577766
 1032.000000 0.221531 0.409077 0.434893 0.592760
 1033.000000 0.248544 0.415631 0.444482 0.591372
 1034.000000 0.277784 0.477909 0.383875 0.597186
 1035.000000 0.259817 0.382142 0.427832 0.609495
 1036.000000 0.215070 0.363322 0.401726 0.576874
 1037.000000 0.260037 0.394708 0.401352 0.527967
 1038.000000 0.248379 0.432503 0.488745 0.489124
 1039.000000 0.238668 0.412755 0.506275 0.626947
 1040.000000 0.130901 0.395114 0.441867 0.634441
 1041.000000 0.258998 0.454692 0.448796 0.651020
 1042.000000 0.157189 0.375034 0.427768 0.620930
 1043.000000 0.235476 0.384307 0.456143 0.617120
 1044.000000 0.287259 0.382254 0.446674 0.672518
 1045.000000 0.316678 0.477586 0.506405 0.656145
 1046.000000 0.352888 0.427194 0.460189 0.582833
 1047.000000 0.278614 0.439827 0.451261 0.544231
 1048.000000 0.221083 0.376419 0.416566 0.579958
 1049.000000 0.276740 0.416807 0.479707 0.604298
 1050.000000 0.336211 0.412302 0.450820 0.626040
 1051.000000 0.377348 0.505205 0.433004 0.591470
 1052.000000 0.291616 0.439777 0.495279 0.603498
 1053.000000 0.317224 0.474916 0.441682 0.634811
 1054.000000 0.347794 0.436985 0.382622 0.594328
 1055.000000 0.362431 0.436075 0.462720 0.624172
 1056.000000 0.301382 0.440802 0.389456 0.627866
 1057.000000 0.279754 0.377527 0.443333 0.647798
 1058.000000 0.219830 0.442911 0.484633 0.626712
 1059.000000 0.175883 0.462511 0.444611 0.579411
 1060.000000 0.247335 0.475988 0.476275 0.606684
 1061.000000 0.249459 0.458416 0.388233 0.658927
 1062.000000 0.227260 0.449013 0.435130 0.675230
 1063.000000 0.310590 0.507065 0.421423 0.708992
 1064.000000 0.303591 0.452534 0.413844 0.661619
 1065.000000 0.291596 0.431555 0.377004 0.596284
 1066.000000 0.316745 0.443333 0.372400 0.631667
 1067.000000 0.309850 0.464573 0.408880 0.579421
 1068.000000 0.218888 0.433344 0.393240 0.618372
 1069.000000 0.180604 0.411848 0.444546 0.594892
 1070.000000 0.261273 0.415288 0.405484 0.577845
 1071.000000 0.222717 0.426622 0.414949 0.556541
 1072.000000 0.317017 0.404666 0.476666 0.559678
 1073.000000 0.277667 0.424110 0.546458 0.584589
 1074.000000 0.204907 0.491336 0.480063 0.586225
 1075.000000 0.331548 0.509723 0.482804 0.567925
 1076.000000 0.315672 0.449779 0.418819 0.516658
 1077.000000 0.317173 0.445668 0.459196 0.570712
 1078.000000 0.195180 0.474719 0.492400 0.547244
 1079.000000 0.251635 0.462050 0.457264 0.585397
 1080.000000 0.249130 0.404100 0.358493 0.618172
 1081.000000 0.185342 0.346978 0.463874 0.626925
 1082.000000 0.222316 0.413519 0.560219 0.605425
 1083.000000 0.282072 0.335910 0.475008 0.564912
 1084.000000 0.282831 0.380091 0.408998 0.547877
 1085.000000 0.292263 0.352464 0.505895 0.624860
 1086.000000 0.196189 0.376187 0.411678 0.584204
 1087.000000 0.225733 0.358998 0.462015 0.602505
 1088.000000 0.295772 0.380494 0.439336 0.622592
 1089.000000 0.174338 0.328601 0.400658 0.612910
 1090.000000 0.218000 0.371074 0.413028 0.687825
 1091.000000 0.308067 0.397421 0.471696 0.700281
 1092.000000 0.277208 0.366629 0.429494 0.672737
 1093.000000 0.174822 0.357969 0.472001 0.746866
 1094.000000 0.279585 0.383990 0.439820 0.625784
 1095.000000 0.267017 0.419089 0.448767 0.684184
 1096.000000 0.320355 0.415000 0.475839 0.776569
 1097.000000 0.389256 0.421590 0.474089 0.663269
 1098.000000 0.449904 0.401874 0.479649 0.687073
 1099.000000 0.283981 0.452926 0.498950 0.622377
 1100.000000 0.378206 0.442813 0.448773 0.627926
 1101.000000 0.324953 0.428169 0.589273 0.660302
 1102.000000 0.336808 0.423257 0.559324 0.725038
 1103.000000 0.329581 0.411155 0.451168 0.766573
 1104.000000 0.383919 0.360165 0.367505 0.870986
 1105.000000 0.332284 0.378798 0.368912 0.773450
 1106.000000 0.303067 0.378422 0.396783 0.726017
 1107.000000 0.285514 0.406670 0.406828 0.793066
 1108.000000 0.338166 0.374016 0.371579 0.763809
 1109.000000 0.436679 0.414468 0.414959 0.823174
 1110.000000 0.468554 0.346987 0.448202 0.804211
 1111.000000 0.441339 0.449709 0.389273 0.945055
 1112.000000 0.407391 0.435668 0.396483 0.935094
 1113.000000 0.348816 0.339030 0.464350 0.853684
 1114.000000 0.439297 0.363030 0.420552 0.885288
 1115.000000 0.493096 0.462915 0.544705 0.816702
 1116.000000 0.425101 0.471747 0.527246 0.848572
 1117.000000 0.433841 0.392286 0.512787 0.928225
 1118.000000 0.381925 0.423180 0.486052 0.878081
 1119.000000 0.329315 0.384626 0.590800 0.891171
 1120.000000 0.336041 0.412056 0.525350 0.848620
 1121.000000 0.301527 0.365691 0.604269 0.864526
 1122.000000 0.367108 0.361424 0.546146 0.871091
 1123.000000 0.264019 0.418720 0.567163 0.866073
 1124.000000 0.370547 0.357021 0.611729 0.824271
 1125.000000 0.384863 0.390758 0.528426 0.814598
 1126.000000 0.356336 0.405310 0.535939 0.829964
 1127.000000 0.371463 0.437795 0.571553 0.798493
 1128.000000 0.374037 0.441596 0.580264 0.794670
 1129.000000 0.330771 0.433918 0.513211 0.792993
 1130.000000 0.359249 0.441759 0.597564 0.861078
 1131.000000 0.278732 0.414031 0.574168 0.839187
 1132.000000 0.355358 0.412003 0.598709 0.794849
 1133.000000 0.402489 0.420050 0.553721 0.813494
 1134.000000 0.382382 0.424115 0.581547 0.836745
 1135.000000 0.296849 0.379021 0.672622 0.894194
 1136.000000 0.218136 0.486885 0.687184 0.793499
 1137.000000 0.327678 0.377448 0.656228 0.788712
 1138.000000 0.388871 0.377973 0.698620 0.763579
 1139.000000 0.335105 0.388303 0.675231 0.802743
 1140.000000 0.465795 0.422952 0.636953 0.796971
 1141.000000 0.411660 0.458793 0.687023 0.790237
 1142.000000 0.431214 0.395305 0.673710 0.768802
 1143.000000 0.425656 0.390066 0.700341 0.829905
 1144.000000 0.410706 0.460736 0.658923 0.773990
 1145.000000 0.440199 0.442692 0.677381 0.784546
 1146.000000 0.441808 0.387683 0.689102 0.774727
 1147.000000 0.450292 0.393023 0.685243 0.826744
 1148.000000 0.483745 0.349930 0.720919 0.789804
 1149.000000 0.417566 0.329096 0.684183 0.823852
 1150.000000 0.519866 0.362124 0.655667 0.742575
 1151.000000 0.381141 0.333157 0.710247 0.728579
 1152.000000 0.342275 0.336419 0.675686 0.794503
 1153.000000 0.446598 0.349455 0.762945 0.777214
 1154.000000 0.414186 0.351342 0.771450 0.778201
 1155.000000 0.354795 0.313130 0.761510 0.727703
 1156.000000 0.431048 0.322166 0.703376 0.776837
 1157.000000 0.414332 0.382078 0.777546 0.782379
 1158.000000 0.450491 0.315226 0.753827 0.819453
 1159.000000 0.414419 0.306192 0.757911 0.792694
 1160.000000 0.400693 0.294200 0.746670 0.812750
 1161.000000 0.408260 0.319307 0.722823 0.822455
 1162.000000 0.509506 0.350329 0.697856 0.826298
 1163.000000 0.426032 0.390204 0.726077 0.823038
 1164.000000 0.521298 0.397612 0.741259 0.849851
 1165.000000 0.519565 0.354699 0.768186 0.792288
 1166.000000 0.465200 0.317135 0.752677 0.828607
 1167.000000 0.466585 0.418545 0.725063 0.915036
 1168.000000 0.487200 0.369806 0.725968 0.912839
 1169.000000 0.425261 0.271156 0.709322 0.870534
 1170.000000 0.498956 0.315627 0.730395 0.929827
 1171.000000 0.386026 0.389562 0.691494 0.949565
 1172.000000 0.366744 0.360161 0.701808 0.844779
 1173.000000 0.415401 0.286920 0.662175 0.859262
 1174.000000 0.440910 0.318849 0.642914 0.814435
 1175.000000 0.503657 0.338106 0.654120 0.805666
 1176.000000 0.516124 0.296919 0.721575 0.868788
 1177.000000 0.377900 0.273035 0.702511 0.852618
 1178.000000 0.359002 0.279369 0.686637 0.875411
 1179.000000 0.428249 0.305076 0.673021 0.965482
 1180.000000 0.497998 0.273677 0.738282 0.902270
 1181.000000 0.487344 0.304149 0.722134 0.887163
 1182.000000 0.484996 0.348295 0.727424 0.814125
 1183.000000 0.470563 0.355604 0.734327 0.787257
 1184.000000 0.432404 0.340169 0.716224 0.831785
 1185.000000 0.493652 0.308649 0.673305 0.857882
 1186.000000 0.486546 0.273874 0.575926 0.880837
 1187.000000 0.419210 0.312617 0.640112 0.822445
 1188.000000 0.455787 0.329328 0.634043 0.807169
 1189.000000 0.420583 0.303309 0.598446 0.851364
 1190.000000 0.408097 0.326761 0.638383 0.804845
 1191.000000 0.346964 0.329252 0.651159 0.710176
 1192.000000 0.363204 0.335514 0.633773 0.885968
 1193.000000 0.326599 0.400075 0.697746 0.882756
 1194.000000 0.377941 0.378791 0.694920 0.747550
 1195.000000 0.401596 0.422450 0.669143 0.833152
 1196.000000 0.371348 0.365038 0.678959 0.810331
 1197.000000 0.319689 0.379027 0.657340 0.831119
 1198.000000 0.454307 0.428786 0.666906 0.823615
 1199.000000 0.301854 0.349175 0.670999 0.739213
 1200.000000 0.325453 0.420127 0.622565 0.766601
 1201.000000 0.382169 0.391913 0.596696 0.744515
 1202.000000 0.420992 0.381096 0.686906 0.812336
 1203.000000 0.418913 0.406852 0.673490 0.754685
 1204.000000 0.465123 0.383150 0.653721 0.894875
 1205.000000 0.393562 0.445020 0.621749 0.762278
 1206.000000 0.363790 0.380915 0.657599 0.787082
 1207.000000 0.319210 0.472329 0.646006 0.770227
 1208.000000 0.344109 0.479096 0.586018 0.812420
 1209.000000 0.377851 0.393614 0.647098 0.757304
 1210.000000 0.359121 0.406661 0.654346 0.805096
 1211.000000 0.372052 0.419555 0.635896 0.768808
 1212.000000 0.435272 0.425508 0.660709 0.729735
 1213.000000 0.426340 0.458243 0.667443 0.682136
 1214.000000 0.351122 0.483571 0.584620 0.650706
 1215.000000 0.398637 0.436140 0.627269 0.680037
 1216.000000 0.391103 0.346643 0.620658 0.695227
 1217.000000 0.364207 0.383358 0.638236 0.672573
 1218.000000 0.385557 0.435623 0.613835 0.618557
 1219.000000 0.358321 0.453180 0.678195 0.627083
 1220.000000 0.413302 0.396120 0.636636 0.661591
 1221.000000 0.370228 0.369310 0.579578 0.700336
 1222.000000 0.339292 0.433419 0.596778 0.637692
 1223.000000 0.337801 0.408219 0.544898 0.738517
 1224.000000 0.337801 0.373449 0.618718 0.648904
 1225.000000 0.352292 0.356055 0.519927 0.659450
 1226.000000 0.381728 0.423299 0.586842 0.705080
 1227.000000 0.237614 0.382128 0.539029 0.751712
 1228.000000 0.243450 0.385171 0.510292 0.714891
 1229.000000 0.373170 0.396890 0.599237 0.655444
 1230.000000 0.340621 0.404578 0.686514 0.627583
 1231.000000 0.336744 0.426087 0.753692 0.707675
 1232.000000 0.320270 0.358800 0.658140 0.674385
 1233.000000 0.377740 0.399535 0.624271 0.717426
 1234.000000 0.342173 0.277950 0.623329 0.647782
 1235.000000 0.370694 0.300993 0.588947 0.690181
 1236.000000 0.347507 0.290773 0.631917 0.755003
 1237.000000 0.286800 0.413395 0.605567 0.675867
 1238.000000 0.438844 0.334714 0.661366 0.732904
 1239.000000 0.415267 0.299835 0.604410 0.747176
 1240.000000 0.347132 0.337132 0.583887 0.664794
 1241.000000 0.373462 0.390902 0.561711 0.686030
 1242.000000 0.371063 0.308802 0.602910 0.711980
 1243.000000 0.391681 0.361513 0.588122 0.687213
 1244.000000 0.422692 0.368291 0.568823 0.765265
 1245.000000 0.362359 0.390223 0.672354 0.777764
 1246.000000 0.415154 0.393918 0.643979 0.639862
 1247.000000 0.406591 0.368140 0.657608 0.722412
 1248.000000 0.347226 0.318678 0.634728 0.692191
 1249.000000 0.487724 0.351556 0.603101 0.786079
 1250.000000 0.420055 0.418974 0.560366 0.719541
 1251.000000 0.379788 0.295269 0.578943 0.710481
 1252.000000 0.404511 0.361731 0.672316 0.681679
 1253.000000 0.385543 0.363600 0.684982 0.635330
 1254.000000 0.429668 0.416129 0.664749 0.600621
 1255.000000 0.383692 0.404832 0.668714 0.618360
 1256.000000 0.401285 0.418908 0.628886 0.593126
 1257.000000 0.420049 0.301045 0.609719 0.610174
 1258.000000 0.413431 0.361396 0.624532 0.691478
 1259.000000 0.395256 0.326745 0.576624 0.664923
 1260.000000 0.488618 0.336098 0.591067 0.692678
 1261.000000 0.423237 0.394523 0.626692 0.667591
 1262.000000 0.400506 0.417960 0.607380 0.666422
 1263.000000 0.446840 0.407794 0.611425 0.695023
 1264.000000 0.451845 0.387142 0.696770 0.671311
 1265.000000 0.437661 0.370443 0.686672 0.696632
 1266.000000 0.406998 0.363424 0.714322 0.716489
 1267.000000 0.487823 0.319182 0.643467 0.717212
 1268.000000 0.381091 0.442495 0.711783 0.700685
 1269.000000 0.409819 0.401099 0.679421 0.722964
 1270.000000 0.385056 0.398228 0.664353 0.699633
 1271.000000 0.460602 0.375764 0.605757 0.734101
 1272.000000 0.462176 0.421458 0.634814 0.732371
 1273.000000 0.515195 0.378711 0.622128 0.731080
 1274.000000 0.473874 0.302151 0.609478 0.780451
 1275.000000 0.368464 0.374419 0.638829 0.805979
 1276.000000 0.246223 0.373211 0.645106 0.824260
 1277.000000 0.418641 0.244159 0.694779 0.845138
 1278.000000 0.390359 0.354805 0.655607 0.875661
 1279.000000 0.357189 0.342235 0.637312 0.783033
 1280.000000 0.334921 0.399056 0.707154 0.760552
 1281.000000 0.345640 0.374060 0.621338 0.699891
 1282.000000 0.382301 0.330821 0.585066 0.736305
 1283.000000 0.439853 0.368144 0.642383 0.620182
 1284.000000 0.398671 0.369383 0.677393 0.678540
 1285.000000 0.343492 0.368782 0.682290 0.862906
 1286.000000 0.367633 0.312998 0.685555 0.785064
 1287.000000 0.320637 0.385569 0.628873 0.818773
 1288.000000 0.336645 0.368710 0.660310 0.867109
 1289.000000 0.340089 0.358148 0.666712 0.768297
 1290.000000 0.332649 0.280364 0.650800 0.777697
 1291.000000 0.375585 0.345164 0.717691 0.764795
 1292.000000 0.320488 0.435336 0.687791 0.773028
 1293.000000 0.309225 0.345229 0.733951 0.845226
 1294.000000 0.312365 0.361568 0.664906 0.775388
 1295.000000 0.348032 0.344814 0.646970 0.904734
 1296.000000 0.320772 0.372723 0.690612 0.796922
 1297.000000 0.320829 0.340907 0.696520 0.767388
 1298.000000 0.305513 0.371730 0.704766 0.713414
 1299.000000 0.288243 0.399263 0.667070 0.808058
 1300.000000 0.334819 0.407378 0.732354 0.760024
 1301.000000 0.330371 0.431344 0.776129 0.766564
 1302.000000 0.278502 0.405137 0.689311 0.739977
 1303.000000 0.324975 0.330807 0.684999 0.798885
 1304.000000 0.339609 0.460706 0.678168 0.794695
 1305.000000 0.310666 0.438663 0.713906 0.774149
 1306.000000 0.375760 0.409673 0.726627 0.727615
 1307.000000 0.377555 0.454110 0.742233 0.688234
 1308.000000 0.457456 0.458077 0.664646 0.635023
 1309.000000 0.391945 0.411145 0.674815 0.672796
 1310.000000 0.400015 0.364263 0.670555 0.655858
 1311.000000 0.381075 0.378071 0.669229 0.708654
 1312.000000 0.385786 0.367235 0.624411 0.696039
 1313.000000 0.437584 0.388978 0.636362 0.753880
 1314.000000 0.361522 0.404512 0.590202 0.755502
 1315.000000 0.370738 0.460330 0.680767 0.732525
 1316.000000 0.350662 0.366610 0.646490 0.747456
 1317.000000 0.355835 0.361692 0.676801 0.710895
 1318.000000 0.412597 0.370976 0.652094 0.822965
 1319.000000 0.371474 0.386717 0.682569 0.789658
 1320.000000 0.373456 0.419722 0.663858 0.848539
 1321.000000 0.423369 0.361660 0.692073 0.733668
 1322.000000 0.431715 0.421314 0.650418 0.730061
 1323.000000 0.422011 0.372671 0.650819 0.729965
 1324.000000 0.427720 0.389060 0.660037 0.608349
 1325.000000 0.392885 0.419726 0.707401 0.626338
 1326.000000 0.337727 0.454448 0.664483 0.682534
 1327.000000 0.446914 0.486262 0.659025 0.669276
 1328.000000 0.378979 0.410526 0.677984 0.741742
 1329.000000 0.394068 0.408581 0.728724 0.767539
 1330.000000 0.356550 0.414447 0.658879 0.761942
 1331.000000 0.427903 0.393024 0.684520 0.799638
 1332.000000 0.422656 0.407763 0.646888 0.714162
 1333.000000 0.383483 0.438737 0.682501 0.720927
 1334.000000 0.387943 0.358847 0.688048 0.738196
 1335.000000 0.465222 0.359444 0.648741 0.761233
 1336.000000 0.460512 0.367592 0.624432 0.716227
 1337.000000 0.467976 0.392307 0.704370 0.716938
 1338.000000 0.418794 0.428913 0.679455 0.693294
 1339.000000 0.442540 0.450835 0.700054 0.652350
 1340.000000 0.411942 0.459482 0.687779 0.755888
 1341.000000 0.427276 0.414862 0.665230 0.692254
 1342.000000 0.455944 0.428313 0.638355 0.763761
 1343.000000 0.446651 0.423392 0.631024 0.720715
 1344.000000 0.446747 0.416396 0.669488 0.688189
 1345.000000 0.467632 0.382841 0.633545 0.728105
 1346.000000 0.422288 0.361567 0.689363 0.729829
 1347.000000 0.418004 0.435903 0.681254 0.694575
 1348.000000 0.431624 0.409115 0.725508 0.682312
 1349.000000 0.436099 0.395738 0.628539 0.709344
 1350.000000 0.489634 0.424164 0.681310 0.692635
 1351.000000 0.533263 0.443935 0.585466 0.664868
 1352.000000 0.566458 0.366115 0.595805 0.678615
 1353.000000 0.489298 0.326391 0.630886 0.685540
 1354.000000 0.431408 0.377834 0.674195 0.718737
 1355.000000 0.502548 0.387886 0.652009 0.652616
 1356.000000 0.515616 0.423207 0.595681 0.689666
 1357.000000 0.442075 0.388016 0.640391 0.716453
 1358.000000 0.493600 0.335119 0.608428 0.605764
 1359.000000 0.494945 0.440970 0.582497 0.668755
 1360.000000 0.496548 0.406010 0.624083 0.743974
 1361.000000 0.446624 0.437552 0.661282 0.609752
 1362.000000 0.471124 0.410166 0.639103 0.713394
 1363.000000 0.436656 0.403178 0.708819 0.717629
 1364.000000 0.417516 0.397067 0.635988 0.670530
 1365.000000 0.424493 0.416825 0.568963 0.696996
 1366.000000 0.457199 0.444544 0.643814 0.732247
 1367.000000 0.388581 0.358237 0.693629 0.676495
 1368.000000 0.399240 0.336395 0.695181 0.723435
 1369.000000 0.351688 0.404697 0.697418 0.633509
 1370.000000 0.363726 0.372425 0.684802 0.590244
 1371.000000 0.384462 0.404066 0.651237 0.649520
 1372.000000 0.425376 0.373125 0.667589 0.638593
 1373.000000 0.469390 0.407378 0.717050 0.585406
 1374.000000 0.445115 0.464384 0.705362 0.569662
 1375.000000 0.419239 0.398659 0.685985 0.557603
 1376.000000 0.391749 0.394737 0.702645 0.688275
 1377.000000 0.376197 0.433857 0.700327 0.597408
 1378.000000 0.461462 0.420198 0.672117 0.649612
 1379.000000 0.367985 0.410004 0.671035 0.655647
 1380.000000 0.414027 0.367429 0.656976 0.614914
 1381.000000 0.427749 0.406464 0.667421 0.584932
 1382.000000 0.455527 0.417712 0.723299 0.591930
 1383.000000 0.428216 0.361330 0.653858 0.650669
 1384.000000 0.364945 0.424440 0.698295 0.552601
 1385.000000 0.472482 0.410491 0.627905 0.578862
 1386.000000 0.419892 0.356726 0.688991 0.627437
 1387.000000 0.364848 0.363962 0.673792 0.630770
 1388.000000 0.349062 0.404042 0.692953 0.610678
 1389.000000 0.378761 0.390926 0.699305 0.601264
 1390.000000 0.388914 0.408658 0.720329 0.648849
 1391.000000 0.397603 0.406016 0.707343 0.690448
 1392.000000 0.345432 0.424529 0.702123 0.712606
 1393.000000 0.328796 0.401516 0.645859 0.721525
 1394.000000 0.393133 0.356265 0.687594 0.726845
 1395.000000 0.380483 0.366668 0.751492 0.722416
 1396.000000 0.429589 0.395990 0.714564 0.755635
 1397.000000 0.345228 0.415585 0.711066 0.737795
 1398.000000 0.426557 0.347249 0.735260 0.613703
 1399.000000 0.469012 0.328643 0.762129 0.724378
 1400.000000 0.462687 0.344627 0.727078 0.707528
 1401.000000 0.470531 0.381432 0.682361 0.692183
 1402.000000 0.459704 0.375719 0.693187 0.746920
 1403.000000 0.442803 0.382189 0.670541 0.747807
 1404.000000 0.472533 0.330003 0.691917 0.604324
 1405.000000 0.464562 0.361553 0.689234 0.617638
 1406.000000 0.418118 0.337106 0.696750 0.640826
 1407.000000 0.535302 0.359299 0.628183 0.638999
 1408.000000 0.430759 0.363305 0.686158 0.717586
 1409.000000 0.445820 0.316604 0.660015 0.598907
 1410.000000 0.488469 0.386245 0.750713 0.607927
 1411.000000 0.446360 0.431301 0.702756 0.663941
 1412.000000 0.460423 0.398367 0.725396 0.678722
 1413.000000 0.430577 0.424910 0.615913 0.723713
 1414.000000 0.436461 0.408363 0.665262 0.724769
 1415.000000 0.473703 0.421459 0.637054 0.660431
 1416.000000 0.447020 0.420036 0.640609 0.625543
 1417.000000 0.421978 0.388622 0.639487 0.599256
 1418.000000 0.394766 0.386864 0.685888 0.522888
 1419.000000 0.436173 0.427290 0.619128 0.677669
 1420.000000 0.428144 0.396232 0.697933 0.679052
 1421.000000 0.467360 0.472588 0.699649 0.558721
 1422.000000 0.437869 0.368869 0.705199 0.644861
 1423.000000 0.377966 0.452333 0.670920 0.650550
 1424.000000 0.473418 0.417552 0.654957 0.620464
 1425.000000 0.431830 0.451816 0.756827 0.569375
 1426.000000 0.493948 0.390187 0.700374 0.644088
 1427.000000 0.408994 0.442084 0.730109 0.553282
 1428.000000 0.395926 0.425072 0.680377 0.666736
 1429.000000 0.424236 0.352504 0.776618 0.653361
 1430.000000 0.400127 0.431895 0.647075 0.620956
 1431.000000 0.481774 0.382984 0.700131 0.681712
 1432.000000 0.437334 0.378280 0.700015 0.701118
 1433.000000 0.457152 0.398553 0.740869 0.717001
 1434.000000 0.475037 0.431969 0.731173 0.738306
 1435.000000 0.499171 0.376812 0.616615 0.799828
 1436.000000 0.458047 0.400724 0.637689 0.762168
 1437.000000 0.388834 0.384103 0.604742 0.784675
 1438.000000 0.470513 0.458800 0.592334 0.765989
 1439.000000 0.417967 0.382422 0.707738 0.801817
 1440.000000 0.420357 0.404348 0.645207 0.719556
 1441.000000 0.377751 0.426615 0.651529 0.820062
 1442.000000 0.434447 0.380975 0.716820 0.834330
 1443.000000 0.393237 0.372661 0.721007 0.828031
 1444.000000 0.415848 0.324538 0.699105 0.762268
 1445.000000 0.376303 0.308287 0.696359 0.788038
 1446.000000 0.400062 0.336856 0.724542 0.770951
 1447.000000 0.304620 0.326967 0.719069 0.739156
 1448.000000 0.394307 0.336172 0.711205 0.750777
 1449.000000 0.396645 0.284245 0.684090 0.798460
 1450.000000 0.369502 0.340894 0.713691 0.790504
 1451.000000 0.354017 0.355706 0.620232 0.731792
 1452.000000 0.333545 0.321020 0.713313 0.726410
 1453.000000 0.351272 0.341517 0.701636 0.755802
 1454.000000 0.271644 0.354653 0.668670 0.800395
 1455.000000 0.282912 0.342457 0.746673 0.820769
 1456.000000 0.373724 0.343461 0.700947 0.789826
 1457.000000 0.253316 0.334362 0.690193 0.766881
 1458.000000 0.312542 0.368071 0.677663 0.795607
 1459.000000 0.345492 0.384614 0.685002 0.776788
 1460.000000 0.283408 0.364512 0.703483 0.764376
 1461.000000 0.271298 0.355819 0.640098 0.750605
 1462.000000 0.344254 0.406090 0.661553 0.840479
 1463.000000 0.266737 0.417314 0.634787 0.776515
 1464.000000 0.233143 0.388067 0.693745 0.792288
 1465.000000 0.359015 0.411838 0.655673 0.734270
 1466.000000 0.279599 0.386351 0.708777 0.801387
 1467.000000 0.343624 0.319168 0.678591 0.767055
 1468.000000 0.263576 0.378684 0.679126 0.736024
 1469.000000 0.241811 0.402581 0.635401 0.767594
 1470.000000 0.266396 0.311185 0.617825 0.733716
 1471.000000 0.335265 0.320996 0.694479 0.800544
 1472.000000 0.290630 0.361520 0.630159 0.731523
 1473.000000 0.372224 0.407359 0.653304 0.714913
 1474.000000 0.347569 0.356297 0.668184 0.738202
 1475.000000 0.351818 0.355819 0.672718 0.767945
 1476.000000 0.337340 0.363758 0.699143 0.742698
 1477.000000 0.292269 0.361030 0.652148 0.748249
 1478.000000 0.330821 0.327238 0.652093 0.744529
 1479.000000 0.358388 0.375603 0.644556 0.729494
 1480.000000 0.346337 0.397490 0.626025 0.695995
 1481.000000 0.405641 0.364849 0.716878 0.686354
 1482.000000 0.347985 0.361072 0.649863 0.720343
 1483.000000 0.311451 0.383725 0.730565 0.704460
 1484.000000 0.280234 0.341118 0.672307 0.830337
 1485.000000 0.284627 0.379312 0.656312 0.781795
 1486.000000 0.346885 0.392283 0.713131 0.739030
 1487.000000 0.389007 0.344759 0.765621 0.751957
 1488.000000 0.388324 0.323517 0.700971 0.835593
 1489.000000 0.405801 0.374406 0.722989 0.781556
 1490.000000 0.381683 0.370978 0.659320 0.839038
 1491.000000 0.305482 0.361886 0.700018 0.688097
 1492.000000 0.343874 0.361394 0.719902 0.656901
 1493.000000 0.335609 0.369693 0.760161 0.709831
 1494.000000 0.394486 0.353280 0.729607 0.753198
 1495.000000 0.411138 0.335769 0.662662 0.758288
 1496.000000 0.366360 0.390137 0.659624 0.691665
 1497.000000 0.440593 0.411336 0.717660 0.724209
 1498.000000 0.448911 0.404445 0.694538 0.743795
 1499.000000 0.369269 0.382865 0.679554 0.766044
 1500.000000 0.382362 0.390206 0.672357 0.701341
 1501.000000 0.393458 0.402963 0.600750 0.761825
 1502.000000 0.336349 0.367286 0.700438 0.761087
 1503.000000 0.384903 0.357833 0.694246 0.770368
 1504.000000 0.384250 0.379689 0.694621 0.711667
 1505.000000 0.307606 0.401474 0.679242 0.700126
 1506.000000 0.349590 0.395398 0.711708 0.705261
 1507.000000 0.298100 0.398404 0.686306 0.672135
 1508.000000 0.309407 0.423119 0.733438 0.709067
 1509.000000 0.300441 0.403988 0.752011 0.718138
 1510.000000 0.289007 0.315130 0.701778 0.757107
 1511.000000 0.256075 0.362582 0.702346 0.734261
 1512.000000 0.280147 0.294223 0.670100 0.755350
 1513.000000 0.360738 0.346908 0.643121 0.693763
 1514.000000 0.372049 0.281229 0.670205 0.752761
 1515.000000 0.301671 0.284645 0.688051 0.712048
 1516.000000 0.267923 0.306828 0.703353 0.766047
 1517.000000 0.284032 0.315676 0.703403 0.777107
 1518.000000 0.241641 0.316382 0.670713 0.750589
 1519.000000 0.215679 0.327504 0.699216 0.795761
 1520.000000 0.231250 0.351639 0.644551 0.745570
 1521.000000 0.246672 0.317410 0.682970 0.774440
 1522.000000 0.267705 0.313209 0.695399 0.817592
 1523.000000 0.318635 0.316381 0.715796 0.784116
 1524.000000 0.210370 0.347200 0.749118 0.758150
 1525.000000 0.283289 0.357480 0.752223 0.795330
 1526.000000 0.263116 0.432534 0.703613 0.767861
 1527.000000 0.278100 0.330374 0.701910 0.822473
 1528.000000 0.273242 0.354060 0.624905 0.835433
 1529.000000 0.371727 0.359323 0.696858 0.781991
 1530.000000 0.264849 0.347779 0.715834 0.865131
 1531.000000 0.342213 0.435557 0.686966 0.839522
 1532.000000 0.417869 0.452469 0.687857 0.823149
 1533.000000 0.375158 0.366536 0.648744 0.810197
 1534.000000 0.364300 0.423042 0.704820 0.821866
 1535.000000 0.397832 0.397207 0.712665 0.885350
 1536.000000 0.435775 0.370913 0.635857 0.821040
 1537.000000 0.366393 0.407169 0.656434 0.819599
 1538.000000 0.373835 0.401949 0.647488 0.834175
 1539.000000 0.331026 0.398717 0.672782 0.758549
 1540.000000 0.384622 0.445690 0.650882 0.850341
 1541.000000 0.407630 0.346331 0.653932 0.898787
 1542.000000 0.361013 0.415472 0.645854 0.831128
 1543.000000 0.337778 0.430088 0.612377 0.827693
 1544.000000 0.427805 0.350994 0.636842 0.863370
 1545.000000 0.381602 0.450016 0.625607 0.902440
 1546.000000 0.372425 0.418046 0.666293 0.871955
 1547.000000 0.434759 0.442613 0.626655 0.878746
 1548.000000 0.408264 0.426358 0.650301 0.883830
 1549.000000 0.423663 0.373245 0.620111 0.819425
 1550.000000 0.390392 0.378261 0.620821 0.787845
 1551.000000 0.350007 0.345437 0.601745 0.857118
 1552.000000 0.329491 0.326424 0.571233 0.870434
 1553.000000 0.392138 0.382607 0.609321 0.863584
 1554.000000 0.475166 0.396901 0.618468 0.918702
 1555.000000 0.348363 0.361992 0.565163 0.791892
 1556.000000 0.313008 0.360596 0.585397 0.783386
 1557.000000 0.292722 0.475826 0.608194 0.649790
 1558.000000 0.316538 0.400466 0.584524 0.757878
 1559.000000 0.310860 0.463932 0.649021 0.809689
 1560.000000 0.275823 0.404796 0.609944 0.805917
 1561.000000 0.306426 0.401796 0.581079 0.790135
 1562.000000 0.255715 0.477532 0.577237 0.800683
 1563.000000 0.320752 0.461109 0.589737 0.736859
 1564.000000 0.331062 0.467506 0.636448 0.817238
 1565.000000 0.328725 0.485874 0.644997 0.708808
 1566.000000 0.290618 0.530381 0.644910 0.811368
 1567.000000 0.339212 0.478065 0.699017 0.799344
 1568.000000 0.347536 0.465138 0.682207 0.761794
 1569.000000 0.307025 0.396267 0.655629 0.776125
 1570.000000 0.356536 0.437698 0.695377 0.767930
 1571.000000 0.261269 0.421112 0.689151 0.772193
 1572.000000 0.414731 0.440966 0.686518 0.733594
 1573.000000 0.286266 0.366695 0.681948 0.735555
 1574.000000 0.346470 0.460264 0.692858 0.766277
 1575.000000 0.305066 0.376436 0.666728 0.693464
 1576.000000 0.301622 0.411424 0.622060 0.796678
 1577.000000 0.316412 0.372682 0.680162 0.798230
 1578.000000 0.300786 0.365777 0.666211 0.783607
 1579.000000 0.410639 0.352932 0.609894 0.761206
 1580.000000 0.418004 0.286076 0.621741 0.773004
 1581.000000 0.386861 0.395896 0.670341 0.774754
 1582.000000 0.366800 0.402180 0.636275 0.673266
 1583.000000 0.345607 0.399466 0.616834 0.676228
 1584.000000 0.347434 0.376603 0.623217 0.735197
 1585.000000 0.325434 0.420536 0.610133 0.773388
 1586.000000 0.279098 0.434517 0.643592 0.762396
 1587.000000 0.340012 0.356772 0.617486 0.718052
 1588.000000 0.414134 0.380722 0.604953 0.802866
 1589.000000 0.416313 0.386620 0.603789 0.869153
 1590.000000 0.296715 0.441861 0.583047 0.819421
 1591.000000 0.288495 0.408238 0.625183 0.781341
 1592.000000 0.489313 0.370118 0.632897 0.808329
 1593.000000 0.439603 0.464364 0.594082 0.780909
 1594.000000 0.450378 0.397545 0.625264 0.801224
 1595.000000 0.484422 0.425424 0.640987 0.765180
 1596.000000 0.442805 0.369152 0.615480 0.820228
 1597.000000 0.424026 0.454331 0.583564 0.801182
 1598.000000 0.471113 0.441368 0.586665 0.819517
 1599.000000 0.385252 0.335466 0.599824 0.800570
 1600.000000 0.332857 0.343900 0.677358 0.801589
 1601.000000 0.327678 0.374990 0.627818 0.802950
 1602.000000 0.387965 0.369674 0.686548 0.825966
 1603.000000 0.438492 0.373039 0.612361 0.766962
 1604.000000 0.401660 0.370280 0.635173 0.840530
 1605.000000 0.356647 0.341644 0.644877 0.873526
 1606.000000 0.367552 0.415135 0.623502 0.867188
 1607.000000 0.408408 0.353780 0.622291 0.843677
 1608.000000 0.257741 0.432672 0.664618 0.849414
 1609.000000 0.311394 0.432954 0.617896 0.854420
 1610.000000 0.330329 0.381501 0.632027 0.779332
 1611.000000 0.374566 0.375282 0.644462 0.858252
 1612.000000 0.358530 0.379988 0.700087 0.879781
 1613.000000 0.428012 0.375426 0.654064 0.821146
 1614.000000 0.355868 0.389661 0.661604 0.850791
 1615.000000 0.315102 0.357471 0.661531 0.812784
 1616.000000 0.358546 0.367727 0.715781 0.767708
 1617.000000 0.397172 0.369449 0.700873 0.820731
 1618.000000 0.337608 0.362147 0.652766 0.790676
 1619.000000 0.249301 0.393094 0.682984 0.816054
 1620.000000 0.351385 0.452012 0.706716 0.830969
 1621.000000 0.307158 0.339256 0.657489 0.944250
 1622.000000 0.278430 0.431762 0.623998 0.797656
 1623.000000 0.324583 0.409077 0.603247 0.800573
 1624.000000 0.229586 0.434475 0.648121 0.821156
 1625.000000 0.304570 0.400465 0.682774 0.865068
 1626.000000 0.295377 0.404136 0.646456 0.831408
 1627.000000 0.293651 0.457808 0.637341 0.850445
 1628.000000 0.187632 0.463747 0.658774 0.861209
 1629.000000 0.341636 0.463152 0.729610 0.814940
 1630.000000 0.304816 0.512461 0.651110 0.843089
 1631.000000 0.243983 0.472927 0.594193 0.814121
 1632.000000 0.240800 0.463262 0.596105 0.805973
 1633.000000 0.271262 0.510342 0.617105 0.791900
 1634.000000 0.313422 0.438137 0.715734 0.840921
 1635.000000 0.358998 0.423590 0.655193 0.786897
 1636.000000 0.294866 0.443597 0.660349 0.866007
 1637.000000 0.298755 0.472735 0.679409 0.789360
 1638.000000 0.310080 0.428947 0.679838 0.825773
 1639.000000 0.342956 0.399480 0.667551 0.783950
 1640.000000 0.293997 0.362260 0.637722 0.843238
 1641.000000 0.302438 0.342551 0.681904 0.863626
 1642.000000 0.342555 0.419963 0.654195 0.911465
 1643.000000 0.295429 0.400233 0.680363 0.809397
 1644.000000 0.276879 0.411158 0.646544 0.821081
 1645.000000 0.271729 0.345951 0.753791 0.893205
 1646.000000 0.356148 0.324973 0.673275 0.876822
 1647.000000 0.386607 0.390370 0.615112 0.922320
 1648.000000 0.431124 0.400130 0.667764 0.891983
 1649.000000 0.365679 0.420894 0.668159 0.961398
 1650.000000 0.438426 0.395294 0.736444 0.932699
 1651.000000 0.422369 0.404277 0.693659 0.886845
 1652.000000 0.376304 0.398439 0.728905 0.877939
 1653.000000 0.323101 0.423838 0.655957 0.821325
 1654.000000 0.430038 0.451657 0.693366 0.765633
 1655.000000 0.389003 0.372216 0.679981 0.833070
 1656.000000 0.328189 0.455296 0.646143 0.897648
 1657.000000 0.398261 0.396604 0.620817 0.918229
 1658.000000 0.385726 0.424807 0.634097 0.797180
 1659.000000 0.405125 0.385168 0.644247 0.829994
 1660.000000 0.372938 0.406793 0.637753 0.786453
 1661.000000 0.415290 0.351233 0.632133 0.802478
 1662.000000 0.375079 0.398643 0.651245 0.819599
 1663.000000 0.372472 0.368261 0.658017 0.845302
 1664.000000 0.371468 0.466263 0.656401 0.809587
 1665.000000 0.384110 0.429113 0.660952 0.823987
 1666.000000 0.362990 0.357033 0.618040 0.865711
 1667.000000 0.428318 0.301989 0.624559 0.796623
 1668.000000 0.408417 0.343379 0.646368 0.873247
 1669.000000 0.332357 0.296555 0.642360 0.772837
 1670.000000 0.459838 0.363219 0.646921 0.786744
 1671.000000 0.385108 0.373888 0.635896 0.821873
 1672.000000 0.399168 0.361930 0.671431 0.874631
 1673.000000 0.413904 0.361349 0.695520 0.907060
 1674.000000 0.358163 0.332891 0.640284 0.887911
 1675.000000 0.423910 0.353923 0.651922 0.796604
 1676.000000 0.357802 0.304470 0.628897 0.881777
 1677.000000 0.444835 0.318512 0.670972 0.852414
 1678.000000 0.415095 0.299417 0.682126 0.832976
 1679.000000 0.364202 0.337605 0.716558 0.827985
 1680.000000 0.353706 0.301801 0.657526 0.855449
 1681.000000 0.363596 0.390458 0.674022 0.938685
 1682.000000 0.373819 0.413770 0.660369 0.776648
 1683.000000 0.440224 0.334564 0.707705 0.877832
 1684.000000 0.443269 0.328943 0.653139 0.738834
 1685.000000 0.486204 0.304520 0.676701 0.848239
 1686.000000 0.458535 0.326734 0.680364 0.827732
 1687.000000 0.407093 0.285049 0.620001 0.828083
 1688.000000 0.471247 0.385311 0.651685 0.826372
 1689.000000 0.353804 0.330496 0.684906 0.782682
 1690.000000 0.433598 0.291565 0.636979 0.830086
 1691.000000 0.457124 0.314209 0.674151 0.819855
 1692.000000 0.477071 0.293424 0.697479 0.840226
 1693.000000 0.500487 0.322558 0.665549 0.762875
 1694.000000 0.391068 0.291480 0.622524 0.932682
 1695.000000 0.498455 0.373290 0.609518 0.865845
 1696.000000 0.444806 0.385894 0.651691 0.810597
 1697.000000 0.441251 0.331052 0.594035 0.815294
 1698.000000 0.399897 0.309241 0.593066 0.820282
 1699.000000 0.388562 0.346059 0.622411 0.811046
 1700.000000 0.390883 0.403406 0.639016 0.834930
 1701.000000 0.470326 0.359917 0.685447 0.860847
 1702.000000 0.449238 0.353450 0.691391 0.835987
 1703.000000 0.440464 0.337018 0.519169 0.832783
 1704.000000 0.434557 0.386637 0.615586 0.825595
 1705.000000 0.447204 0.361684 0.632120 0.821212
 1706.000000 0.486408 0.386220 0.560205 0.772183
 1707.000000 0.437529 0.355386 0.635946 0.853415
 1708.000000 0.421472 0.431275 0.580253 0.892641
 1709.000000 0.330498 0.422992 0.646419 0.822600
 1710.000000 0.348835 0.331965 0.604703 0.864835
 1711.000000 0.386838 0.385201 0.641899 0.861529
 1712.000000 0.446315 0.334400 0.580616 0.842577
 1713.000000 0.458357 0.372959 0.591641 0.825559
 1714.000000 0.424713 0.328756 0.620964 0.846426
 1715.000000 0.434998 0.323254 0.584472 0.904320
 1716.000000 0.432721 0.270862 0.620214 0.928872
 1717.000000 0.354416 0.275764 0.697063 0.877548
 1718.000000 0.352093 0.325001 0.617198 0.797227
 1719.000000 0.375141 0.309477 0.645886 0.850007
 1720.000000 0.379614 0.331848 0.616804 0.830997
 1721.000000 0.391179 0.298346 0.586785 0.915744
 1722.000000 0.385008 0.318809 0.620210 0.908798
 1723.000000 0.413189 0.301674 0.566345 0.904822
 1724.000000 0.456375 0.321439 0.643462 0.917548
 1725.000000 0.416103 0.297493 0.562139 0.994784
 1726.000000 0.425149 0.317409 0.605675 0.930967
 1727.000000 0.399301 0.343678 0.612914 0.868904
 1728.000000 0.387985 0.362226 0.576686 0.885300
 1729.000000 0.362497 0.344798 0.714935 0.898544
 1730.000000 0.409677 0.342477 0.632842 0.876741
 1731.000000 0.454419 0.328030 0.757394 0.913389
 1732.000000 0.390022 0.263843 0.664812 0.863197
 1733.000000 0.467437 0.373519 0.618715 0.888554
 1734.000000 0.328826 0.344426 0.661909 0.894736
 1735.000000 0.334009 0.343733 0.654086 0.798455
 1736.000000 0.328540 0.351274 0.633474 0.793125
 1737.000000 0.282698 0.287536 0.543842 0.881972
 1738.000000 0.314344 0.333299 0.621024 0.829793
 1739.000000 0.335908 0.348377 0.590016 0.848588
 1740.000000 0.367111 0.395543 0.521474 0.847431
 1741.000000 0.341178 0.378939 0.644686 0.789907
 1742.000000 0.321163 0.333525 0.581636 0.753621
 1743.000000 0.285770 0.328865 0.639527 0.799035
 1744.000000 0.262830 0.438776 0.673343 0.739035
 1745.000000 0.295549 0.403804 0.685566 0.834582
 1746.000000 0.374535 0.358685 0.664588 0.766792
 1747.000000 0.295281 0.403638 0.692257 0.738945
 1748.000000 0.304721 0.391540 0.694236 0.849284
 1749.000000 0.265938 0.413887 0.689317 0.888661
 1750.000000 0.230699 0.367812 0.629227 0.898049
 1751.000000 0.301431 0.388623 0.645996 0.901720
 1752.000000 0.263898 0.340447 0.587945 0.835032
 1753.000000 0.344123 0.412231 0.620522 0.948889
 1754.000000 0.252679 0.411911 0.576522 0.947393
 1755.000000 0.280837 0.409292 0.568651 0.985571
 1756.000000 0.375841 0.454324 0.576903 0.912998
 1757.000000 0.279538 0.386214 0.606107 0.880375
 1758.000000 0.324866 0.465138 0.628477 0.811530
 1759.000000 0.234031 0.407180 0.600674 0.824039
 1760.000000 0.241340 0.414599 0.590270 0.967943
 1761.000000 0.315114 0.439111 0.620574 0.893780
 1762.000000 0.290244 0.430903 0.626688 0.874291
 1763.000000 0.285525 0.451582 0.638977 0.870231
 1764.000000 0.300846 0.440378 0.624895 0.854854
 1765.000000 0.303861 0.467359 0.596353 0.816564
 1766.000000 0.289567 0.472740 0.596400 0.850966
 1767.000000 0.294861 0.476230 0.589458 0.814035
 1768.000000 0.346972 0.411841 0.600885 0.796008
 1769.000000 0.269112 0.446365 0.533829 0.885840
 1770.000000 0.317949 0.453618 0.518084 0.822098
 1771.000000 0.319998 0.390368 0.556142 0.767039
 1772.000000 0.315043 0.438424 0.556327 0.831834
 1773.000000 0.222177 0.428755 0.543542 0.844981
 1774.000000 0.259533 0.411309 0.553229 0.856027
 1775.000000 0.306983 0.450108 0.567399 0.867210
 1776.000000 0.230027 0.463292 0.544597 0.766911
 1777.000000 0.265660 0.406134 0.531516 0.851480
 1778.000000 0.243874 0.373792 0.542948 0.806364
 1779.000000 0.244330 0.384097 0.549312 0.833636
 1780.000000 0.263298 0.349283 0.602548 0.831300
 1781.000000 0.304908 0.381837 0.552958 0.816247
 1782.000000 0.226143 0.427019 0.619679 0.741798
 1783.000000 0.271121 0.366926 0.573725 0.691448
 1784.000000 0.306447 0.373108 0.628680 0.692571
 1785.000000 0.320391 0.397617 0.564803 0.713358
 1786.000000 0.222958 0.446416 0.606083 0.775531
 1787.000000 0.289234 0.444678 0.670629 0.781618
 1788.000000 0.215627 0.392746 0.652660 0.765544
 1789.000000 0.390987 0.479870 0.701259 0.865527
 1790.000000 0.446686 0.376225 0.696540 0.917467
 1791.000000 0.352575 0.339088 0.678718 0.933030
 1792.000000 0.275165 0.414623 0.661519 0.890753
 1793.000000 0.282915 0.436304 0.653913 0.855117
 1794.000000 0.320557 0.422025 0.648462 0.846131
 1795.000000 0.325202 0.361235 0.552297 0.856765
 1796.000000 0.289335 0.378220 0.534037 0.964384
 1797.000000 0.380774 0.488079 0.561043 0.894569
 1798.000000 0.367406 0.490133 0.551548 0.837193
 1799.000000 0.363098 0.503977 0.635560 0.822386
 1800.000000 0.398501 0.450373 0.572282 0.907026
 1801.000000 0.354356 0.442578 0.663130 0.989835
 1802.000000 0.385385 0.419195 0.582680 0.963133
 1803.000000 0.354848 0.342570 0.580415 0.892981
 1804.000000 0.278669 0.337911 0.553510 0.893189
 1805.000000 0.242740 0.392183 0.600458 0.914992
 1806.000000 0.274200 0.416282 0.545857 0.915317
 1807.000000 0.202459 0.470858 0.596029 0.982363
 1808.000000 0.203648 0.496515 0.501287 1.015315
 1809.000000 0.281443 0.435329 0.523815 0.998936
 1810.000000 0.285356 0.523725 0.567217 0.951688
 1811.000000 0.256014 0.450240 0.581077 0.929599
 1812.000000 0.148750 0.521926 0.580095 0.968877
 1813.000000 0.276530 0.507580 0.563800 0.921358
 1814.000000 0.185188 0.471509 0.585733 0.904418
 1815.000000 0.229113 0.438531 0.525995 0.904674
 1816.000000 0.226428 0.411881 0.598377 0.925708
 1817.000000 0.250125 0.435303 0.556618 0.864864
 1818.000000 0.268233 0.506657 0.615924 0.884218
 1819.000000 0.251945 0.472136 0.599572 0.892586
 1820.000000 0.292533 0.423781 0.652550 0.955197
 1821.000000 0.236539 0.401198 0.572046 0.848399
 1822.000000 0.255494 0.446430 0.599289 0.907958
 1823.000000 0.266311 0.416150 0.548563 0.839688
 1824.000000 0.250911 0.488261 0.568876 0.805393
 1825.000000 0.304168 0.403204 0.597619 0.826199
 1826.000000 0.252295 0.413152 0.506981 0.897701
 1827.000000 0.347460 0.463584 0.594327 0.861009
 1828.000000 0.381882 0.453362 0.511763 0.831690
 1829.000000 0.303342 0.389018 0.569408 0.828927
 1830.000000 0.323520 0.386125 0.577322 0.813609
 1831.000000 0.298843 0.444810 0.512589 0.868620
 1832.000000 0.313651 0.413105 0.560215 0.857547
 1833.000000 0.372667 0.391184 0.580382 0.841847
 1834.000000 0.296016 0.416151 0.642247 0.862271
 1835.000000 0.242409 0.338358 0.541259 0.767518
 1836.000000 0.277089 0.317982 0.579824 0.823563
 1837.000000 0.261496 0.398404 0.638343 0.929807
 1838.000000 0.242509 0.355323 0.604419 0.854200
 1839.000000 0.174021 0.414143 0.609493 0.870947
 1840.000000 0.244336 0.423358 0.542613 0.840853
 1841.000000 0.265591 0.359592 0.550553 0.861378
 1842.000000 0.260158 0.324370 0.530713 0.882945
 1843.000000 0.252380 0.379836 0.595969 0.832276
 1844.000000 0.251956 0.386700 0.570741 0.912929
 1845.000000 0.271714 0.394844 0.524538 0.854312
 1846.000000 0.231536 0.462216 0.591778 0.927142
 1847.000000 0.306810 0.402184 0.545181 0.874813
 1848.000000 0.274485 0.390702 0.607268 0.800236
 1849.000000 0.275326 0.335701 0.562483 0.748738
 1850.000000 0.278985 0.431751 0.523436 0.796412
 1851.000000 0.301975 0.458409 0.566645 0.862951
 1852.000000 0.322756 0.396997 0.563581 0.811357
 1853.000000 0.320907 0.487445 0.545787 0.805738
 1854.000000 0.329106 0.406370 0.589301 0.779461
 1855.000000 0.311560 0.428029 0.613895 0.803085
 1856.000000 0.294358 0.437275 0.640580 0.834710
 1857.000000 0.348757 0.444329 0.619799 0.861543
 1858.000000 0.297740 0.435359 0.614221 0.841630
 1859.000000 0.429187 0.444824 0.601243 0.852078
 1860.000000 0.374451 0.431581 0.549065 0.851066
 1861.000000 0.325989 0.393604 0.524835 0.820939
 1862.000000 0.415787 0.376380 0.573539 0.822745
 1863.000000 0.349573 0.379880 0.641014 0.829671
 1864.000000 0.347445 0.429720 0.637077 0.843164
 1865.000000 0.299206 0.401472 0.560782 0.764487
 1866.000000 0.248549 0.380788 0.543961 0.729530
 1867.000000 0.273951 0.358327 0.646768 0.749400
 1868.000000 0.321363 0.412196 0.633489 0.827814
 1869.000000 0.354490 0.408197 0.636590 0.933439
 1870.000000 0.304930 0.397373 0.552956 0.840066
 1871.000000 0.419715 0.427575 0.603109 0.867866
 1872.000000 0.262340 0.401837 0.638380 0.871748
 1873.000000 0.336116 0.465383 0.619833 0.885476
 1874.000000 0.370003 0.434736 0.674605 0.857261
 1875.000000 0.291632 0.444757 0.668762 0.862087
 1876.000000 0.312773 0.484876 0.663463 0.854559
 1877.000000 0.300709 0.429046 0.630893 0.858546
 1878.000000 0.290248 0.454297 0.679105 0.805050
 1879.000000 0.284196 0.462309 0.658321 0.884677
 1880.000000 0.305692 0.408430 0.667504 0.790755
 1881.000000 0.317066 0.425959 0.712053 0.880951
 1882.000000 0.337578 0.419382 0.738507 0.866107
 1883.000000 0.331315 0.427462 0.672106 0.808161
 1884.000000 0.322323 0.428096 0.749001 0.854011
 1885.000000 0.331476 0.480671 0.682623 0.876885
 1886.000000 0.326150 0.461323 0.694082 0.831366
 1887.000000 0.345547 0.415525 0.720198 0.765037
 1888.000000 0.277210 0.469201 0.708119 0.801980
 1889.000000 0.278059 0.447664 0.680013 0.794122
 1890.000000 0.337688 0.403786 0.687746 0.842766
 1891.000000 0.372715 0.428867 0.678169 0.854980
 1892.000000 0.457412 0.571044 0.683111 0.860836
 1893.000000 0.501111 0.491276 0.652363 0.831830
 1894.000000 0.404403 0.452880 0.678817 0.845231
 1895.000000 0.312239 0.404536 0.688401 0.849002
 1896.000000 0.319790 0.473325 0.661895 0.827190
 1897.000000 0.325650 0.401595 0.696340 0.860087
 1898.000000 0.295043 0.456656 0.677337 0.871117
 1899.000000 0.297453 0.415954 0.639333 0.892197
 1900.000000 0.328383 0.429630 0.641817 0.865812
 1901.000000 0.366586 0.436929 0.674774 0.861876
 1902.000000 0.340384 0.438079 0.699133 0.856275
 1903.000000 0.370029 0.444946 0.652877 0.826086
 1904.000000 0.270621 0.429988 0.669235 0.822791
 1905.000000 0.243113 0.481342 0.685804 0.785815
 1906.000000 0.279204 0.449701 0.695039 0.813821
 1907.000000 0.297331 0.440295 0.717892 0.839769
 1908.000000 0.238507 0.433254 0.677999 0.827364
 1909.000000 0.242057 0.358983 0.637716 0.844932
 1910.000000 0.226176 0.448555 0.644427 0.785714
 1911.000000 0.244913 0.373701 0.694196 0.809443
 1912.000000 0.268914 0.409939 0.691485 0.895135
 1913.000000 0.249928 0.432523 0.693872 0.784763
 1914.000000 0.220268 0.390002 0.625342 0.814672
 1915.000000 0.218857 0.408647 0.657881 0.853897
 1916.000000 0.258188 0.423132 0.656013 0.872489
 1917.000000 0.243376 0.401327 0.661594 0.834822
 1918.000000 0.252860 0.471909 0.596150 0.901078
 1919.000000 0.195655 0.436076 0.687532 0.860470
 1920.000000 0.299347 0.465290 0.622301 0.893611
 1921.000000 0.229197 0.454905 0.672842 0.909645
 1922.000000 0.236963 0.462279 0.667578 0.875987
 1923.000000 0.206044 0.426042 0.661468 0.867746
 1924.000000 0.283709 0.391770 0.719736 0.847329
 1925.000000 0.187220 0.397698 0.699236 0.866372
 1926.000000 0.255392 0.375149 0.641007 0.756992
 1927.000000 0.341618 0.396015 0.696854 0.783168
 1928.000000 0.361014 0.460290 0.657970 0.756418
 1929.000000 0.366565 0.468338 0.701819 0.777477
 1930.000000 0.420256 0.443168 0.661440 0.735902
 1931.000000 0.375669 0.422976 0.670482 0.761313
 1932.000000 0.350923 0.391324 0.701519 0.806208
 1933.000000 0.361072 0.467607 0.687119 0.804370
 1934.000000 0.334437 0.441698 0.698066 0.855228
 1935.000000 0.362223 0.416502 0.666896 0.818222
 1936.000000 0.372657 0.425523 0.670772 0.779093
 1937.000000 0.320198 0.374785 0.681728 0.701897
 1938.000000 0.281965 0.388176 0.719015 0.762648
 1939.000000 0.362104 0.477428 0.670188 0.820693
 1940.000000 0.309667 0.459436 0.695565 0.794235
 1941.000000 0.326937 0.444593 0.703523 0.730308
 1942.000000 0.350879 0.390026 0.600776 0.809737
 1943.000000 0.319753 0.394328 0.650489 0.709191
 1944.000000 0.321224 0.487122 0.715000 0.732141
 1945.000000 0.289183 0.472581 0.686497 0.801423
 1946.000000 0.309326 0.481166 0.652745 0.785800
 1947.000000 0.261618 0.494467 0.737386 0.798469
 1948.000000 0.354325 0.487359 0.758719 0.839096
 1949.000000 0.357103 0.470911 0.766090 0.826154
 1950.000000 0.296307 0.484740 0.722836 0.773803
 1951.000000 0.290698 0.464201 0.728849 0.820002
 1952.000000 0.307257 0.464118 0.736471 0.731932
 1953.000000 0.288446 0.465175 0.706737 0.750924
 1954.000000 0.403634 0.407630 0.763381 0.785462
 1955.000000 0.379721 0.417300 0.667308 0.766026
 1956.000000 0.411300 0.339687 0.663174 0.827457
 1957.000000 0.396586 0.426619 0.667573 0.754932
 1958.000000 0.309201 0.429016 0.696210 0.819975
 1959.000000 0.380585 0.445147 0.754070 0.789258
 1960.000000 0.418140 0.442879 0.691910 0.786221
 1961.000000 0.419412 0.429722 0.707168 0.886110
 1962.000000 0.364128 0.383336 0.644582 0.790574
 1963.000000 0.371751 0.398080 0.706745 0.883212
 1964.000000 0.370171 0.410705 0.747999 0.911573
 1965.000000 0.332661 0.440848 0.700958 0.906574
 1966.000000 0.290018 0.447547 0.651704 0.870647
 1967.000000 0.285891 0.454077 0.622902 0.869850
 1968.000000 0.275874 0.404966 0.715220 0.942496
 1969.000000 0.267180 0.392131 0.669812 0.817134
 1970.000000 0.342884 0.399877 0.639087 0.888489
 1971.000000 0.295657 0.427547 0.577013 0.843169
 1972.000000 0.321755 0.402589 0.604439 0.901092
 1973.000000 0.282089 0.451929 0.575849 0.953007
 1974.000000 0.340804 0.414543 0.555860 0.918211
 1975.000000 0.401005 0.442050 0.473702 0.899492
 1976.000000 0.294914 0.437771 0.461771 0.887920
 1977.000000 0.293269 0.392512 0.552780 0.902558
 1978.000000 0.344993 0.409919 0.564995 0.880518
 1979.000000 0.254038 0.457007 0.600792 0.910805
 1980.000000 0.276536 0.362132 0.597879 0.914156
 1981.000000 0.341494 0.422561 0.605139 0.903640
 1982.000000 0.249004 0.371000 0.569636 0.902842
 1983.000000 0.253972 0.367431 0.640033 0.842932
 1984.000000 0.222760 0.445810 0.619498 0.861591
 1985.000000 0.223647 0.407584 0.591121 0.875364
 1986.000000 0.254975 0.447252 0.576854 0.948079
 1987.000000 0.162242 0.451851 0.566587 0.967670
 1988.000000 0.346079 0.396642 0.664454 0.940199
 1989.000000 0.314866 0.404297 0.683283 0.939633
 1990.000000 0.337417 0.428096 0.671383 0.975570
 1991.000000 0.315285 0.379203 0.663068 0.927044
 1992.000000 0.278093 0.406230 0.712915 0.922121
 1993.000000 0.338764 0.494499 0.627691 0.962163
 1994.000000 0.366874 0.415647 0.689943 0.870218
 1995.000000 0.278466 0.424564 0.659537 0.952431
 1996.000000 0.258781 0.405481 0.657130 0.974672
 1997.000000 0.312671 0.425981 0.640462 0.901754
 1998.000000 0.269243 0.391832 0.664984 0.967270
 1999.000000 0.282904 0.391084 0.792981 0.922108
 2000.000000 0.286513 0.431974 0.762914 1.015502
