#! FIELDS time thetaA thetaB thetaC thetaD
 0.000000 2.684238 2.692981 2.545933 2.418358
 1.000000 2.303480 2.408918 2.314647 2.469175
 2.000000 2.216087 2.411345 2.468617 2.674383
 3.000000 2.336931 2.512601 2.378267 2.627447
 4.000000 2.235049 2.577748 2.143827 2.634104
 5.000000 2.350467 2.429416 2.339547 2.452185
 6.000000 2.365067 2.424584 2.497242 2.512800
 7.000000 2.656677 2.352110 2.283659 2.592306
 8.000000 2.350733 2.418833 2.180575 2.481231
 9.000000 2.395112 2.339465 2.346975 2.501591
 10.000000 2.496129 2.437976 2.476805 2.585792
 11.000000 2.358319 2.533415 2.445116 2.429095
 12.000000 2.514145 2.447107 2.447024 2.400052
 13.000000 2.338994 2.439228 2.379932 2.336603
 14.000000 2.447736 2.342936 2.437885 2.495134
 15.000000 2.399559 2.451961 2.410386 2.368625
 16.000000 2.433987 2.263264 2.409943 2.531123
 17.000000 2.468316 2.345199 2.437728 2.631494
 18.000000 2.306502 2.489861 2.414326 2.536026
 19.000000 2.454187 2.566172 2.355883 2.607526
 20.000000 2.214838 2.605357 2.356157 2.507353
 21.000000 2.460685 2.342965 2.417541 2.434546
 22.000000 2.302618 2.465789 2.494189 2.481033
 23.000000 2.403743 2.470470 2.482594 2.678589
 24.000000 2.589674 2.441741 2.371758 2.509265
 25.000000 2.287342 2.322853 2.382571 2.514352
 26.000000 2.326245 2.467147 2.337590 2.472388
 27.000000 2.415391 2.539131 2.349703 2.506243
 28.000000 2.535623 2.669381 2.499390 2.559375
 29.000000 2.492500 2.516514 2.454184 2.587975
 30.000000 2.414118 2.438506 2.544151 2.496224
 31.000000 2.346214 2.550500 2.379719 2.540411
 32.000000 2.374969 2.434833 2.399770 2.593269
 33.000000 2.386562 2.456263 2.444919 2.541123
 34.000000 2.404841 2.491214 2.436695 2.529651
 35.000000 2.318557 2.593171 2.392432 2.503324
 36.000000 2.415637 2.500744 2.304823 2.481794
 37.000000 2.295365 2.437292 2.341039 2.534106
 38.000000 2.396437 2.513651 2.426084 2.409620
 39.000000 2.373091 2.550112 2.411008 2.555732
 40.000000 2.591394 2.553709 2.190042 2.341762
 41.000000 2.489871 2.571339 2.173886 2.551193
 42.000000 2.435122 2.482960 2.519822 2.429576
 43.000000 2.394101 2.492394 2.423253 2.409533
 44.000000 2.288147 2.463497 2.328741 2.425183
 45.000000 2.182087 2.521187 2.325736 2.521859
 46.000000 2.406652 2.483086 2.375018 2.627096
 47.000000 2.390839 2.477404 2.299041 2.344811
 48.000000 2.536295 2.499635 2.342680 2.500119
 49.000000 2.405979 2.586819 2.459566 2.361031
 50.000000 2.415453 2.588957 2.365722 2.404074
 51.000000 2.264090 2.516179 2.310284 2.564243
 52.000000 2.320692 2.772473 2.492082 2.496440
 53.000000 2.305927 2.538628 2.322874 2.487759
 54.000000 2.404422 2.559337 2.331770 2.473269
 55.000000 2.393283 2.759273 2.368661 2.465861
 56.000000 2.424626 2.775057 2.382310 2.583587
 57.000000 2.283656 2.710363 2.510045 2.469151
 58.000000 2.363939 2.644840 2.412678 2.544975
 59.000000 2.321264 2.691970 2.283367 2.630940
 60.000000 2.329816 2.655399 2.487218 2.568205
 61.000000 2.262718 2.592099 2.440278 2.664246
 62.000000 2.475626 2.698249 2.423973 2.519466
 63.000000 2.316930 2.536455 2.339915 2.622133
 64.000000 2.531784 2.650795 2.555026 2.594395
 65.000000 2.485711 2.622396 2.278361 2.633461
 66.000000 2.511521 2.654127 2.496260 2.609867
 67.000000 2.495882 2.709388 2.481221 2.584619
 68.000000 2.407683 2.456555 2.418284 2.497407
 69.000000 2.320368 2.572234 2.423503 2.578398
 70.000000 2.388222 2.592302 2.356301 2.719414
 71.000000 2.420862 2.555165 2.458707 2.463976
 72.000000 2.437622 2.595631 2.408903 2.502997
 73.000000 2.406337 2.698839 2.417065 2.505126
 74.000000 2.469590 2.650015 2.459674 2.510026
 75.000000 2.578722 2.568924 2.289772 2.423464
 76.000000 2.435137 2.493386 2.521989 2.585695
 77.000000 2.439147 2.582646 2.372669 2.580948
 78.000000 2.361134 2.485137 2.401896 2.562126
 79.000000 2.344631 2.614531 2.449411 2.623303
 80.000000 2.363104 2.567236 2.534060 2.671006
 81.000000 2.348060 2.675720 2.426041 2.419896
 82.000000 2.487507 2.627999 2.460122 2.546066
 83.000000 2.510949 2.702502 2.389606 2.560923
 84.000000 2.300491 2.638058 2.461289 2.510959
 85.000000 2.497314 2.678853 2.433665 2.522284
 86.000000 2.410953 2.764746 2.443873 2.413626
 87.000000 2.357325 2.673446 2.471553 2.468230
 88.000000 2.429130 2.682706 2.362722 2.524787
 89.000000 2.504929 2.612808 2.509327 2.570966
 90.000000 2.353635 2.727619 2.464519 2.534636
 91.000000 2.313415 2.727915 2.314184 2.537368
 92.000000 2.302107 2.781099 2.232256 2.626973
 93.000000 2.321467 2.631224 2.543359 2.582075
 94.000000 2.342528 2.567215 2.435477 2.612099
 95.000000 2.347860 2.741784 2.458259 2.443015
 96.000000 2.317262 2.588745 2.332981 2.713379
 97.000000 2.441493 2.590599 2.412126 2.572277
 98.000000 2.331309 2.560232 2.318534 2.498122
 99.000000 2.422009 2.686896 2.233173 2.438019
 100.000000 2.401308 2.439780 2.356008 2.533045
 101.000000 2.501215 2.482476 2.267222 2.302779
 102.000000 2.447538 2.538560 2.425856 2.547872
 103.000000 2.421387 2.312293 2.456300 2.464532
 104.000000 2.421406 2.422059 2.437281 2.455273
 105.000000 2.377946 2.371164 2.395374 2.444206
 106.000000 2.419097 2.324676 2.381145 2.457943
 107.000000 2.503650 2.356446 2.435934 2.527367
 108.000000 2.340073 2.450570 2.439586 2.587771
 109.000000 2.390118 2.517783 2.445166 2.534451
 110.000000 2.395665 2.566403 2.383479 2.492520
 111.000000 2.334675 2.468104 2.508027 2.520697
 112.000000 2.277195 2.407460 2.459563 2.318458
 113.000000 2.398502 2.563270 2.380856 2.455850
 114.000000 2.417540 2.397771 2.402502 2.496192
 115.000000 2.324449 2.389025 2.382940 2.356021
 116.000000 2.356025 2.563211 2.393265 2.397469
 117.000000 2.408293 2.480819 2.256645 2.498050
 118.000000 2.316178 2.536110 2.383124 2.588972
 119.000000 2.311121 2.412928 2.435631 2.538100
 120.000000 2.329067 2.710965 2.491750 2.524426
 121.000000 2.392098 2.606244 2.385967 2.468882
 122.000000 2.237755 2.537716 2.502405 2.371138
 123.000000 2.387084 2.332127 2.401856 2.501522
 124.000000 2.207717 2.329932 2.374334 2.549350
 125.000000 2.409382 2.311070 2.417413 2.461260
 126.000000 2.274981 2.324856 2.498821 2.522924
 127.000000 2.360170 2.281377 2.434694 2.464991
 128.000000 2.390322 2.322638 2.550797 2.354766
 129.000000 2.432047 2.354460 2.546750 2.397024
 130.000000 2.315185 2.264139 2.547859 2.493759
 131.000000 2.328331 2.173267 2.546144 2.490974
 132.000000 2.438708 2.308475 2.474623 2.561884
 133.000000 2.305544 2.224612 2.426333 2.577604
 134.000000 2.475236 2.236217 2.531663 2.522632
 135.000000 2.296551 2.281988 2.501642 2.640675
 136.000000 2.406661 2.251706 2.514522 2.488168
 137.000000 2.340700 2.302249 2.502160 2.422283
 138.000000 2.231579 2.187744 2.461833 2.434623
 139.000000 2.345828 2.187338 2.483195 2.552080
 140.000000 2.480458 2.376994 2.429313 2.570241
 141.000000 2.358987 2.310615 2.618116 2.653032
 142.000000 2.577153 2.376022 2.382077 2.384181
 143.000000 2.317219 2.518400 2.596005 2.466077
 144.000000 2.415073 2.468551 2.546274 2.394923
 145.000000 2.499261 2.252951 2.674912 2.528927
 146.000000 2.396276 2.094774 2.644278 2.508133
 147.000000 2.530358 2.330382 2.430529 2.396655
 148.000000 2.378290 2.465509 2.316748 2.602343
 149.000000 2.473825 2.170225 2.406784 2.476915
 150.000000 2.402903 2.211733 2.418568 2.506706
 151.000000 2.326237 2.249879 2.454286 2.464989
 152.000000 2.360886 2.413040 2.431372 2.366626
 153.000000 2.475151 2.269037 2.583376 2.495741
 154.000000 2.338499 2.373131 2.519887 2.486818
 155.000000 2.395413 2.438385 2.686898 2.447598
 156.000000 2.334115 2.416305 2.429394 2.527992
 157.000000 2.366267 2.183615 2.440236 2.475324
 158.000000 2.342707 2.358987 2.500344 2.608191
 159.000000 2.454399 2.334837 2.473182 2.588392
 160.000000 2.332014 2.369087 2.560729 2.561631
 161.000000 2.501977 2.307606 2.351057 2.591004
 162.000000 2.279363 2.484370 2.451968 2.646576
 163.000000 2.399370 2.318166 2.396785 2.474995
 164.000000 2.454489 2.262352 2.484378 2.535948
 165.000000 2.446830 2.241596 2.475773 2.559827
 166.000000 2.327073 2.307018 2.639330 2.513305
 167.000000 2.371582 2.202079 2.505722 2.451148
 168.000000 2.423976 2.410953 2.469375 2.386845
 169.000000 2.452278 2.309975 2.430980 2.536782
 170.000000 2.400289 2.240639 2.449765 2.559466
 171.000000 2.362700 2.248578 2.467555 2.574921
 172.000000 2.424032 2.256826 2.394258 2.501710
 173.000000 2.455074 2.241263 2.554440 2.355805
 174.000000 2.501939 2.442952 2.458491 2.464184
 175.000000 2.415669 2.326740 2.442464 2.422729
 176.000000 2.417423 2.164199 2.380651 2.567042
 177.000000 2.440603 2.368197 2.383017 2.434863
 178.000000 2.344853 2.346859 2.626309 2.558825
 179.000000 2.509585 2.334600 2.400502 2.538804
 180.000000 2.433215 2.397513 2.377993 2.341215
 181.000000 2.459015 2.354359 2.419990 2.411431
 182.000000 2.481710 2.359177 2.579514 2.458469
 183.000000 2.521706 2.338682 2.562448 2.690178
 184.000000 2.443685 2.309804 2.516766 2.658541
 185.000000 2.417586 2.364640 2.465109 2.625054
 186.000000 2.581312 2.427337 2.446384 2.667260
 187.000000 2.430732 2.346728 2.390685 2.655473
 188.000000 2.435795 2.467205 2.567201 2.702975
 189.000000 2.479060 2.295053 2.461642 2.650396
 190.000000 2.490687 2.384000 2.506608 2.596456
 191.000000 2.473224 2.375133 2.452749 2.586060
 192.000000 2.402739 2.236067 2.526767 2.644721
 193.000000 2.485414 2.306220 2.316857 2.597815
 194.000000 2.404794 2.467777 2.684621 2.636257
 195.000000 2.507081 2.377729 2.681931 2.631488
 196.000000 2.371234 2.300866 2.687324 2.587479
 197.000000 2.384856 2.197901 2.481843 2.597150
 198.000000 2.431044 2.329598 2.477187 2.444844
 199.000000 2.334985 2.482942 2.390084 2.450851
 200.000000 2.512899 2.509357 2.504992 2.576260
 201.000000 2.421720 2.367983 2.512417 2.587113
 202.000000 2.441284 2.200759 2.517982 2.544687
 203.000000 2.528338 2.281459 2.431854 2.702142
 204.000000 2.442672 2.257868 2.490495 2.645535
 205.000000 2.450835 2.295111 2.389457 2.608033
 206.000000 2.513090 2.241623 2.416651 2.455489
 207.000000 2.557453 2.315489 2.604511 2.607666
 208.000000 2.399320 2.387393 2.569925 2.517068
 209.000000 2.476997 2.174664 2.488181 2.495190
 210.000000 2.435883 2.307044 2.547298 2.551127
 211.000000 2.489550 2.216246 2.655743 2.555435
 212.000000 2.576535 2.483688 2.572888 2.568473
 213.000000 2.478815 2.428100 2.668388 2.495930
 214.000000 2.492092 2.305709 2.491859 2.537169
 215.000000 2.411024 2.208505 2.672531 2.556130
 216.000000 2.392015 2.282454 2.650868 2.662971
 217.000000 2.356461 2.327345 2.593459 2.522995
 218.000000 2.388092 2.249448 2.545225 2.528321
 219.000000 2.698744 2.306618 2.585925 2.469044
 220.000000 2.537194 2.161919 2.418290 2.421760
 221.000000 2.493869 2.338140 2.581703 2.522123
 222.000000 2.431533 2.437766 2.363364 2.489430
 223.000000 2.467675 2.240282 2.508218 2.763052
 224.000000 2.476095 2.402835 2.568993 2.564119
 225.000000 2.590959 2.227710 2.672639 2.639247
 226.000000 2.471898 2.284427 2.534065 2.494908
 227.000000 2.357290 2.131387 2.562367 2.469175
 228.000000 2.484576 2.110496 2.583173 2.467302
 229.000000 2.475496 2.139628 2.420566 2.651254
 230.000000 2.398991 2.050007 2.475656 2.625909
 231.000000 2.469633 2.069839 2.485373 2.605304
 232.000000 2.505877 2.049018 2.630352 2.440190
 233.000000 2.622011 2.259343 2.736677 2.673766
 234.000000 2.449517 2.339615 2.509031 2.662937
 235.000000 2.307671 2.189989 2.566470 2.667403
 236.000000 2.589099 2.449272 2.560880 2.543375
 237.000000 2.681009 2.348964 2.543235 2.607213
 238.000000 2.450136 2.435547 2.472421 2.584787
 239.000000 2.630337 2.280772 2.491875 2.614328
 240.000000 2.612186 2.306199 2.542381 2.604305
 241.000000 2.579114 2.407376 2.398938 2.493510
 242.000000 2.651666 2.247562 2.605555 2.619377
 243.000000 2.429375 2.296753 2.564370 2.624708
 244.000000 2.479621 2.393813 2.528690 2.464766
 245.000000 2.558370 2.279957 2.412916 2.564840
 246.000000 2.396051 2.325809 2.484487 2.418221
 247.000000 2.483438 2.387611 2.332623 2.418188
 248.000000 2.203182 2.321410 2.416656 2.589492
 249.000000 2.350802 2.329385 2.637056 2.386161
 250.000000 2.412316 2.376076 2.435063 2.596120
 251.000000 2.312169 2.231518 2.514973 2.349336
 252.000000 2.505650 2.239300 2.436706 2.510164
 253.000000 2.391010 2.547064 2.358129 2.485768
 254.000000 2.472400 2.440629 2.425596 2.347514
 255.000000 2.453351 2.421419 2.636942 2.314863
 256.000000 2.436026 2.318116 2.616047 2.423547
 257.000000 2.447098 2.202172 2.317262 2.438041
 258.000000 2.445345 2.368300 2.458410 2.434983
 259.000000 2.306964 2.299101 2.489775 2.665191
 260.000000 2.407002 2.179439 2.472124 2.570358
 261.000000 2.393187 2.280708 2.334663 2.584114
 262.000000 2.534753 2.204306 2.511883 2.592295
 263.000000 2.453277 2.302358 2.490698 2.536166
 264.000000 2.414935 2.259090 2.569044 2.538152
 265.000000 2.442522 2.161757 2.388253 2.593838
 266.000000 2.493524 2.235951 2.442644 2.599834
 267.000000 2.427899 2.248328 2.568976 2.432264
 268.000000 2.312800 2.192550 2.501704 2.490761
 269.000000 2.275792 2.305818 2.547049 2.398102
 270.000000 2.414123 2.326729 2.490217 2.576464
 271.000000 2.577475 2.261645 2.667491 2.654468
 272.000000 2.442071 2.058297 2.553880 2.627073
 273.000000 2.506770 2.394396 2.478319 2.632051
 274.000000 2.376244 2.339696 2.506661 2.387430
 275.000000 2.226147 2.260725 2.489886 2.552639
 276.000000 2.414062 2.318489 2.595878 2.510230
 277.000000 2.327128 2.395020 2.584682 2.602638
 278.000000 2.352224 2.501889 2.388365 2.381666
 279.000000 2.260062 2.496902 2.536063 2.395342
 280.000000 2.321152 2.526663 2.362188 2.467326
 281.000000 2.399583 2.449921 2.327551 2.621553
 282.000000 2.503578 2.355292 2.455217 2.431566
 283.000000 2.356757 2.635098 2.370750 2.569732
 284.000000 2.515777 2.427145 2.472606 2.535276
 285.000000 2.331833 2.446196 2.586594 2.600290
 286.000000 2.344254 2.528194 2.451867 2.518183
 287.000000 2.393794 2.419420 2.302956 2.486453
 288.000000 2.537772 2.527115 2.274554 2.510735
 289.000000 2.470112 2.506779 2.713355 2.535260
 290.000000 2.567147 2.564375 2.525449 2.484831
 291.000000 2.394103 2.562510 2.517734 2.522098
 292.000000 2.504630 2.367833 2.581990 2.425618
 293.000000 2.384719 2.350782 2.684651 2.506868
 294.000000 2.377902 2.267671 2.552533 2.467763
 295.000000 2.467696 2.283639 2.510905 2.416942
 296.000000 2.481900 2.284517 2.421314 2.729784
 297.000000 2.318477 2.229029 2.571653 2.741274
 298.000000 2.269625 2.401492 2.528227 2.646895
 299.000000 2.258672 2.257582 2.555524 2.559060
 300.000000 2.381552 2.207748 2.468013 2.759320
 301.000000 2.347235 2.298003 2.593731 2.558231
 302.000000 2.327072 2.224184 2.625852 2.602030
 303.000000 2.304522 2.310003 2.550104 2.571035
 304.000000 2.322338 2.338839 2.389413 2.740307
 305.000000 2.308180 2.199379 2.422825 2.633976
 306.000000 2.260224 2.100963 2.434477 2.757870
 307.000000 2.392670 2.402028 2.400047 2.440437
 308.000000 2.354147 2.397845 2.487320 2.743481
 309.000000 2.423781 2.408309 2.430719 2.588390
 310.000000 2.452077 2.190651 2.482428 2.737551
 311.000000 2.378688 2.330301 2.395749 2.673751
 312.000000 2.477278 2.325221 2.489697 2.626809
 313.000000 2.382844 2.235263 2.480878 2.607006
 314.000000 2.263809 2.343187 2.509904 2.630356
 315.000000 2.540146 2.243388 2.489164 2.510273
 316.000000 2.495329 2.327824 2.432019 2.580189
 317.000000 2.479220 2.166344 2.552042 2.560763
 318.000000 2.446433 2.169620 2.648735 2.585253
 319.000000 2.389455 2.158859 2.570432 2.647219
 320.000000 2.361343 2.251973 2.688720 2.456745
 321.000000 2.528891 2.267500 2.520298 2.688451
 322.000000 2.611881 2.295228 2.499176 2.572737
 323.000000 2.434847 2.454322 2.679339 2.540771
 324.000000 2.408410 2.369265 2.428830 2.557096
 325.000000 2.310217 2.256442 2.556511 2.559145
 326.000000 2.445147 2.459848 2.532042 2.538203
 327.000000 2.424062 2.488885 2.584594 2.535511
 328.000000 2.395419 2.423618 2.540533 2.492605
 329.000000 2.429413 2.371840 2.625301 2.488732
 330.000000 2.544000 2.403799 2.480605 2.578926
 331.000000 2.360390 2.232705 2.552176 2.654008
 332.000000 2.388892 2.379268 2.556189 2.412867
 333.000000 2.408696 2.225758 2.370666 2.602151
 334.000000 2.495096 2.429064 2.429152 2.507667
 335.000000 2.508528 2.406605 2.544380 2.592779
 336.000000 2.437159 2.328604 2.498638 2.576681
 337.000000 2.277032 2.331851 2.590970 2.585048
 338.000000 2.241305 2.226252 2.440018 2.569966
 339.000000 2.290195 2.266013 2.537681 2.529544
 340.000000 2.313304 2.119082 2.389275 2.535356
 341.000000 2.322027 2.318537 2.518288 2.487404
 342.000000 2.372005 2.409991 2.543279 2.683147
 343.000000 2.457269 2.117815 2.455059 2.630333
 344.000000 2.412751 2.373163 2.459748 2.428112
 345.000000 2.373401 2.565833 2.422173 2.470473
 346.000000 2.429125 2.236564 2.612534 2.544798
 347.000000 2.227182 2.444690 2.550863 2.473510
 348.000000 2.318760 2.347053 2.585652 2.640105
 349.000000 2.224832 2.386723 2.387633 2.488770
 350.000000 2.301254 2.392586 2.503493 2.529951
 351.000000 2.324365 2.387540 2.621352 2.640983
 352.000000 2.325540 2.382638 2.581399 2.527538
 353.000000 2.463821 2.202963 2.549224 2.538851
 354.000000 2.471688 2.068412 2.586154 2.542338
 355.000000 2.304162 2.218017 2.548730 2.705732
 356.000000 2.206138 2.373068 2.370270 2.546212
 357.000000 2.336237 2.370339 2.460858 2.650685
 358.000000 2.212820 2.319916 2.456948 2.387011
 359.000000 2.242979 2.287472 2.595014 2.592400
 360.000000 2.270323 2.382852 2.565811 2.604417
 361.000000 2.388692 2.492490 2.550159 2.639327
 362.000000 2.137973 2.309965 2.616155 2.530094
 363.000000 2.242327 2.480821 2.523659 2.648696
 364.000000 2.213792 2.330231 2.490450 2.691644
 365.000000 2.218668 2.400477 2.640216 2.620706
 366.000000 2.279764 2.354019 2.568715 2.588236
 367.000000 2.288999 2.500729 2.504487 2.735081
 368.000000 2.240128 2.379076 2.484075 2.555727
 369.000000 2.229936 2.348968 2.596886 2.701548
 370.000000 2.178439 2.359899 2.432367 2.697404
 371.000000 2.401223 2.410301 2.659985 2.665452
 372.000000 2.284501 2.238993 2.587481 2.630802
 373.000000 2.316936 2.529214 2.544517 2.606631
 374.000000 2.346948 2.325188 2.398488 2.638187
 375.000000 2.260928 2.242945 2.520568 2.645031
 376.000000 2.342706 2.203123 2.583461 2.538926
 377.000000 2.209369 2.293272 2.527835 2.682626
 378.000000 2.196617 2.354956 2.536878 2.611982
 379.000000 2.285368 2.345917 2.644425 2.475577
 380.000000 2.264358 2.239814 2.530138 2.494785
 381.000000 2.175108 2.112456 2.391656 2.485091
 382.000000 2.234326 2.368645 2.456047 2.571988
 383.000000 2.230242 2.172064 2.452975 2.516094
 384.000000 2.288367 2.362487 2.686860 2.452813
 385.000000 2.483747 2.409001 2.574856 2.557816
 386.000000 2.379984 2.237180 2.653490 2.516134
 387.000000 2.485798 2.216249 2.562538 2.577310
 388.000000 2.294242 2.390346 2.380916 2.591026
 389.000000 2.229358 2.347945 2.522014 2.600385
 390.000000 2.296884 2.251251 2.564635 2.566280
 391.000000 2.330946 2.382909 2.437131 2.472299
 392.000000 2.322018 2.286500 2.646248 2.467034
 393.000000 2.428170 2.317809 2.573862 2.475091
 394.000000 2.293565 2.292710 2.493497 2.549285
 395.000000 2.284422 2.501824 2.561561 2.490375
 396.000000 2.427884 2.336643 2.560365 2.634369
 397.000000 2.470781 2.376431 2.535881 2.459444
 398.000000 2.354082 2.431217 2.631693 2.421329
 399.000000 2.453472 2.403008 2.709283 2.534680
 400.000000 2.334880 2.440860 2.535233 2.444469
 401.000000 2.418153 2.478713 2.452370 2.500628
 402.000000 2.402845 2.282278 2.476240 2.436838
 403.000000 2.319435 2.385400 2.541999 2.641984
 404.000000 2.283390 2.355253 2.307787 2.536336
 405.000000 2.364254 2.351553 2.297200 2.463269
 406.000000 2.269675 2.257211 2.593813 2.480969
 407.000000 2.343468 2.493160 2.403608 2.476118
 408.000000 2.405119 2.407011 2.614453 2.582446
 409.000000 2.451520 2.186352 2.543175 2.588301
 410.000000 2.397938 2.196627 2.465793 2.348026
 411.000000 2.433829 2.226189 2.484510 2.461785
 412.000000 2.289709 2.267505 2.537032 2.587679
 413.000000 2.375467 2.174689 2.455119 2.609142
 414.000000 2.422171 2.061375 2.536799 2.544846
 415.000000 2.482499 2.199399 2.539974 2.379200
 416.000000 2.445952 2.357544 2.428622 2.413033
 417.000000 2.368095 2.340977 2.304865 2.625471
 418.000000 2.304840 2.226273 2.496566 2.464234
 419.000000 2.429698 2.203110 2.473985 2.515556
 420.000000 2.242296 2.353742 2.520346 2.663124
 421.000000 2.397715 2.215566 2.446741 2.528924
 422.000000 2.416515 2.235447 2.662045 2.399600
 423.000000 2.377317 2.172917 2.485634 2.363462
 424.000000 2.394498 2.139190 2.435717 2.502601
 425.000000 2.351207 2.304994 2.584914 2.445115
 426.000000 2.386919 2.372083 2.624944 2.551053
 427.000000 2.241089 2.266828 2.613067 2.654384
 428.000000 2.235605 2.312787 2.590065 2.516435
 429.000000 2.408965 2.200364 2.580160 2.618249
 430.000000 2.386665 2.208588 2.655318 2.706588
 431.000000 2.406614 2.410481 2.591397 2.476811
 432.000000 2.437980 2.256444 2.404344 2.390446
 433.000000 2.484624 2.285581 2.457964 2.556092
 434.000000 2.478730 2.378599 2.494970 2.569947
 435.000000 2.482029 2.183809 2.451956 2.478815
 436.000000 2.336591 2.276514 2.398960 2.593240
 437.000000 2.323767 2.410204 2.481819 2.457788
 438.000000 2.452205 2.454678 2.583332 2.522003
 439.000000 2.430392 2.270056 2.552053 2.584860
 440.000000 2.281326 2.219502 2.527959 2.483036
 441.000000 2.239467 2.299846 2.529617 2.531818
 442.000000 2.236647 2.377252 2.384611 2.515406
 443.000000 2.412226 2.394457 2.458724 2.616169
 444.000000 2.306282 2.315693 2.392688 2.434956
 445.000000 2.265885 2.346459 2.540479 2.391859
 446.000000 2.316746 2.451955 2.384673 2.489852
 447.000000 2.267579 2.455236 2.438263 2.612504
 448.000000 2.259916 2.289858 2.386513 2.637302
 449.000000 2.292855 2.267390 2.379716 2.564987
 450.000000 2.440926 2.443244 2.625802 2.568115
 451.000000 2.354482 2.391231 2.473881 2.549961
 452.000000 2.353549 2.236548 2.454803 2.466787
 453.000000 2.393524 2.435755 2.654653 2.598120
 454.000000 2.366274 2.325519 2.510915 2.434571
 455.000000 2.479626 2.418896 2.523608 2.505404
 456.000000 2.490602 2.328894 2.584006 2.474294
 457.000000 2.456271 2.302437 2.637552 2.553684
 458.000000 2.476473 2.251113 2.459495 2.578353
 459.000000 2.490282 2.213162 2.499470 2.592265
 460.000000 2.493923 2.328243 2.504559 2.589732
 461.000000 2.511809 2.146788 2.610270 2.456231
 462.000000 2.560981 2.248693 2.434821 2.566497
 463.000000 2.470378 2.260914 2.365397 2.632195
 464.000000 2.462272 2.195876 2.519918 2.612817
 465.000000 2.498773 2.292564 2.593110 2.607667
 466.000000 2.500415 2.265044 2.556409 2.436677
 467.000000 2.347916 2.433362 2.589073 2.692047
 468.000000 2.587883 2.435083 2.587314 2.541360
 469.000000 2.486016 2.387395 2.405770 2.519443
 470.000000 2.429185 2.234101 2.472470 2.530739
 471.000000 2.523968 2.309525 2.548184 2.517674
 472.000000 2.599193 2.388677 2.458644 2.493900
 473.000000 2.658001 2.297996 2.642886 2.669123
 474.000000 2.564244 2.246724 2.353330 2.584799
 475.000000 2.444381 2.239459 2.528246 2.748289
 476.000000 2.348090 2.360553 2.543361 2.579034
 477.000000 2.546215 2.454349 2.398796 2.561868
 478.000000 2.530635 2.263545 2.651114 2.564078
 479.000000 2.605763 2.346690 2.486510 2.653120
 480.000000 2.583416 2.233475 2.533383 2.494474
 481.000000 2.571130 2.289961 2.510655 2.581746
 482.000000 2.565334 2.231899 2.355763 2.499576
 483.000000 2.523369 2.289352 2.561856 2.526281
 484.000000 2.673141 2.433846 2.497311 2.680760
 485.000000 2.510458 2.390253 2.591090 2.462808
 486.000000 2.422270 2.235352 2.602374 2.516777
 487.000000 2.423617 2.374384 2.484690 2.598377
 488.000000 2.443045 2.347187 2.559139 2.752717
 489.000000 2.456495 2.377455 2.382748 2.586750
 490.000000 2.439720 2.456215 2.618328 2.527241
 491.000000 2.572030 2.311993 2.330470 2.415663
 492.000000 2.387428 2.282607 2.379444 2.622326
 493.000000 2.416753 2.363662 2.484568 2.615150
 494.000000 2.439633 2.330605 2.493235 2.499306
 495.000000 2.412953 2.338045 2.435376 2.651216
 496.000000 2.445780 2.315989 2.488819 2.634343
 497.000000 2.530789 2.148700 2.480310 2.534167
 498.000000 2.387978 2.402565 2.485782 2.561838
 499.000000 2.285846 2.365945 2.654271 2.649523
 500.000000 2.448676 2.451089 2.509544 2.513096
 501.000000 2.346837 2.266372 2.495393 2.549521
 502.000000 2.454249 2.344113 2.560284 2.685033
 503.000000 2.429559 2.367656 2.497741 2.677576
 504.000000 2.416197 2.334526 2.510442 2.550690
 505.000000 2.454178 2.351502 2.518979 2.627068
 506.000000 2.416476 2.274723 2.498444 2.695640
 507.000000 2.501471 2.389765 2.490963 2.515667
 508.000000 2.493970 2.344222 2.648465 2.553560
 509.000000 2.381008 2.297204 2.526661 2.528666
 510.000000 2.430868 2.356390 2.492091 2.545803
 511.000000 2.307426 2.429805 2.477639 2.596446
 512.000000 2.482697 2.439207 2.481088 2.552665
 513.000000 2.367381 2.463099 2.561200 2.619886
 514.000000 2.430205 2.420097 2.287872 2.425453
 515.000000 2.315084 2.489225 2.473731 2.634051
 516.000000 2.448300 2.463096 2.583707 2.469666
 517.000000 2.395107 2.276567 2.414442 2.610661
 518.000000 2.317317 2.291297 2.538812 2.670558
 519.000000 2.429703 2.356016 2.450212 2.655766
 520.000000 2.621468 2.370169 2.463234 2.477305
 521.000000 2.416546 2.364993 2.521144 2.633857
 522.000000 2.448094 2.522228 2.405275 2.527696
 523.000000 2.400868 2.341614 2.532630 2.599442
 524.000000 2.339102 2.385299 2.502917 2.707544
 525.000000 2.518247 2.385913 2.513723 2.632927
 526.000000 2.512520 2.389321 2.393386 2.547917
 527.000000 2.378242 2.255558 2.500799 2.536261
 528.000000 2.478742 2.363678 2.546375 2.656018
 529.000000 2.453671 2.218800 2.507546 2.541457
 530.000000 2.447728 2.462797 2.448724 2.684869
 531.000000 2.498655 2.397964 2.430998 2.712217
 532.000000 2.350779 2.401941 2.399630 2.586833
 533.000000 2.426484 2.456409 2.371689 2.597323
 534.000000 2.375710 2.418761 2.443505 2.681997
 535.000000 2.438206 2.281739 2.365416 2.630131
 536.000000 2.351772 2.345053 2.556913 2.674505
 537.000000 2.336769 2.263150 2.446225 2.428796
 538.000000 2.528805 2.338776 2.511697 2.510702
 539.000000 2.320502 2.335574 2.393329 2.745656
 540.000000 2.433514 2.252436 2.545342 2.547188
 541.000000 2.429813 2.404619 2.547085 2.536693
 542.000000 2.501118 2.413686 2.522141 2.530937
 543.000000 2.539498 2.433451 2.557027 2.511605
 544.000000 2.467868 2.355934 2.478018 2.601261
 545.000000 2.467738 2.394922 2.628665 2.368098
 546.000000 2.304054 2.407781 2.522266 2.469295
 547.000000 2.357228 2.416900 2.654566 2.498866
 548.000000 2.455081 2.310662 2.549423 2.599374
 549.000000 2.371782 2.428733 2.382778 2.606435
 550.000000 2.412517 2.452041 2.369620 2.356420
 551.000000 2.346194 2.567323 2.451484 2.423146
 552.000000 2.446514 2.453894 2.510125 2.511803
 553.000000 2.437256 2.436352 2.430287 2.533659
 554.000000 2.434024 2.282581 2.442158 2.457982
 555.000000 2.459742 2.358241 2.388083 2.554566
 556.000000 2.387816 2.351371 2.469912 2.455993
 557.000000 2.385651 2.370470 2.564898 2.472481
 558.000000 2.478001 2.380743 2.551310 2.525949
 559.000000 2.477061 2.483333 2.492288 2.497178
 560.000000 2.382099 2.576136 2.541715 2.564417
 561.000000 2.473817 2.374070 2.462652 2.597309
 562.000000 2.395359 2.400667 2.717584 2.543609
 563.000000 2.497559 2.538416 2.619561 2.647297
 564.000000 2.476305 2.577791 2.689770 2.638430
 565.000000 2.253987 2.405393 2.689393 2.506569
 566.000000 2.330681 2.449661 2.408282 2.604582
 567.000000 2.471221 2.435006 2.369020 2.669409
 568.000000 2.419412 2.315742 2.343309 2.600894
 569.000000 2.535520 2.425730 2.322610 2.493678
 570.000000 2.445950 2.540401 2.562534 2.509752
 571.000000 2.402842 2.540042 2.415858 2.464144
 572.000000 2.418334 2.410733 2.490171 2.608965
 573.000000 2.422605 2.484995 2.443073 2.520946
 574.000000 2.469739 2.464059 2.374525 2.562797
 575.000000 2.439582 2.248452 2.464759 2.631250
 576.000000 2.450082 2.426767 2.514104 2.435277
 577.000000 2.476057 2.550775 2.377257 2.610143
 578.000000 2.424227 2.527014 2.498745 2.520840
 579.000000 2.389987 2.366954 2.407965 2.613672
 580.000000 2.529521 2.465389 2.324802 2.393003
 581.000000 2.396999 2.301121 2.299084 2.636473
 582.000000 2.552171 2.372386 2.481761 2.592125
 583.000000 2.514303 2.258590 2.470875 2.558603
 584.000000 2.486183 2.414307 2.524484 2.536644
 585.000000 2.417369 2.272484 2.495045 2.540760
 586.000000 2.435037 2.421165 2.583859 2.607802
 587.000000 2.260999 2.204033 2.418203 2.525566
 588.000000 2.350810 2.382057 2.518279 2.446657
 589.000000 2.408275 2.411126 2.505995 2.479299
 590.000000 2.413242 2.336394 2.447314 2.294108
 591.000000 2.380838 2.318854 2.431964 2.407436
 592.000000 2.417688 2.299761 2.503295 2.504644
 593.000000 2.419151 2.357190 2.550318 2.572485
 594.000000 2.303163 2.365406 2.651016 2.621275
 595.000000 2.450753 2.307748 2.424077 2.456723
 596.000000 2.411806 2.447370 2.491534 2.332318
 597.000000 2.427457 2.309842 2.413537 2.309184
 598.000000 2.462104 2.432588 2.525362 2.656980
 599.000000 2.304515 2.287317 2.444518 2.336455
 600.000000 2.438693 2.222905 2.461296 2.412312
 601.000000 2.358092 2.437214 2.378671 2.375358
 602.000000 2.379021 2.296107 2.473336 2.338167
 603.000000 2.385861 2.397273 2.531282 2.532272
 604.000000 2.360404 2.355976 2.477590 2.461721
 605.000000 2.313285 2.509253 2.482356 2.425812
 606.000000 2.309777 2.435215 2.508047 2.389930
 607.000000 2.500210 2.431411 2.489847 2.374628
 608.000000 2.281176 2.410669 2.521295 2.401188
 609.000000 2.281752 2.523276 2.411991 2.403000
 610.000000 2.505470 2.473917 2.352835 2.427317
 611.000000 2.202081 2.421756 2.497088 2.521281
 612.000000 2.411651 2.438497 2.378508 2.260586
 613.000000 2.400264 2.336202 2.455770 2.487785
 614.000000 2.440160 2.228968 2.405259 2.377336
 615.000000 2.452019 2.268988 2.455305 2.419477
 616.000000 2.245302 2.289337 2.517388 2.419285
 617.000000 2.332084 2.367039 2.429995 2.386041
 618.000000 2.469119 2.377139 2.417132 2.470446
 619.000000 2.456712 2.351802 2.421932 2.610864
 620.000000 2.399284 2.238709 2.492511 2.404822
 621.000000 2.484495 2.425000 2.528627 2.248269
 622.000000 2.303385 2.304145 2.541517 2.161367
 623.000000 2.531778 2.407101 2.571936 2.388021
 624.000000 2.368101 2.415604 2.464996 2.353136
 625.000000 2.250097 2.286848 2.248254 2.314321
 626.000000 2.368299 2.406073 2.396275 2.408509
 627.000000 2.307891 2.378663 2.591560 2.296532
 628.000000 2.339695 2.465226 2.422856 2.321582
 629.000000 2.301151 2.490431 2.482233 2.517120
 630.000000 2.369772 2.307526 2.408616 2.373444
 631.000000 2.323837 2.370871 2.395717 2.362954
 632.000000 2.511438 2.314797 2.489371 2.519349
 633.000000 2.426020 2.375054 2.398158 2.403841
 634.000000 2.313478 2.350350 2.405272 2.298376
 635.000000 2.259647 2.450940 2.415185 2.301816
 636.000000 2.476026 2.476084 2.535458 2.451942
 637.000000 2.433227 2.461493 2.403745 2.427104
 638.000000 2.258684 2.341081 2.501812 2.502382
 639.000000 2.354718 2.458322 2.442565 2.392079
 640.000000 2.295116 2.399853 2.333528 2.173798
 641.000000 2.211535 2.432635 2.384492 2.343272
 642.000000 2.279770 2.421743 2.540530 2.408431
 643.000000 2.216652 2.484303 2.392878 2.393042
 644.000000 2.269109 2.491414 2.474869 2.422509
 645.000000 2.393602 2.546216 2.554138 2.383545
 646.000000 2.339810 2.339448 2.356505 2.267580
 647.000000 2.310612 2.422172 2.532784 2.371445
 648.000000 2.420954 2.497905 2.482997 2.406374
 649.000000 2.280149 2.558955 2.509713 2.389837
 650.000000 2.308278 2.403769 2.536365 2.456125
 651.000000 2.361697 2.531906 2.364699 2.263415
 652.000000 2.398675 2.368089 2.413835 2.353312
 653.000000 2.330227 2.414318 2.451819 2.558595
 654.000000 2.310911 2.307199 2.433534 2.316599
 655.000000 2.352885 2.327827 2.373433 2.404344
 656.000000 2.230889 2.509560 2.493913 2.281490
 657.000000 2.383218 2.277485 2.574736 2.351846
 658.000000 2.333905 2.446362 2.574454 2.278028
 659.000000 2.377048 2.433695 2.478021 2.371514
 660.000000 2.330514 2.363616 2.614511 2.426059
 661.000000 2.292598 2.334494 2.362083 2.576504
 662.000000 2.720783 2.314320 2.402483 2.477190
 663.000000 2.483084 2.383185 2.494141 2.558591
 664.000000 2.442122 2.463713 2.473918 2.503370
 665.000000 2.533460 2.598395 2.302930 2.363666
 666.000000 2.659327 2.420925 2.322579 2.562687
 667.000000 2.509895 2.462635 2.428361 2.500166
 668.000000 2.441413 2.560929 2.509076 2.525540
 669.000000 2.379061 2.272546 2.344985 2.486740
 670.000000 2.517002 2.297074 2.288443 2.333221
 671.000000 2.312360 2.404395 2.485771 2.364420
 672.000000 2.430861 2.472701 2.486627 2.507879
 673.000000 2.408801 2.332086 2.322582 2.470590
 674.000000 2.434508 2.402697 2.480749 2.413691
 675.000000 2.247250 2.466815 2.420513 2.436100
 676.000000 2.361646 2.363370 2.464458 2.544555
 677.000000 2.382854 2.385303 2.391685 2.504807
 678.000000 2.428676 2.416976 2.388704 2.444848
 679.000000 2.496239 2.333132 2.406114 2.525598
 680.000000 2.383850 2.455540 2.467038 2.527383
 681.000000 2.449346 2.501763 2.514259 2.531687
 682.000000 2.444831 2.492736 2.439765 2.471053
 683.000000 2.391158 2.456077 2.365817 2.623892
 684.000000 2.527403 2.543247 2.546322 2.706610
 685.000000 2.397727 2.408762 2.434041 2.538942
 686.000000 2.519775 2.412743 2.496644 2.544226
 687.000000 2.551906 2.316331 2.482481 2.439032
 688.000000 2.576453 2.364998 2.486342 2.435481
 689.000000 2.608964 2.397982 2.389831 2.485134
 690.000000 2.527224 2.376126 2.521970 2.621893
 691.000000 2.429007 2.363172 2.447808 2.610669
 692.000000 2.453525 2.349682 2.612228 2.574625
 693.000000 2.492316 2.341878 2.387482 2.451175
 694.000000 2.541617 2.450228 2.482499 2.595526
 695.000000 2.426418 2.499602 2.481930 2.414310
 696.000000 2.525601 2.458940 2.463788 2.495081
 697.000000 2.439893 2.440212 2.523407 2.364694
 698.000000 2.504783 2.343776 2.610954 2.444942
 699.000000 2.376265 2.249063 2.528228 2.412653
 700.000000 2.491116 2.433239 2.432104 2.400556
 701.000000 2.502731 2.367199 2.448890 2.406651
 702.000000 2.646585 2.343433 2.420256 2.251676
 703.000000 2.594774 2.397133 2.515209 2.361560
 704.000000 2.581177 2.418043 2.361704 2.464161
 705.000000 2.531483 2.423213 2.433650 2.496307
 706.000000 2.517735 2.320210 2.389171 2.487628
 707.000000 2.463138 2.498157 2.493918 2.519570
 708.000000 2.502049 2.312814 2.563624 2.411819
 709.000000 2.519045 2.368240 2.510092 2.380180
 710.000000 2.554265 2.362369 2.477952 2.542634
 711.000000 2.352845 2.300759 2.484176 2.490089
 712.000000 2.439300 2.518972 2.608058 2.346776
 713.000000 2.212327 2.353962 2.562961 2.380944
 714.000000 2.458558 2.459707 2.341531 2.549358
 715.000000 2.513504 2.468741 2.355134 2.463503
 716.000000 2.550824 2.446447 2.556791 2.452867
 717.000000 2.492444 2.462653 2.477636 2.450286
 718.000000 2.515872 2.549750 2.582783 2.431546
 719.000000 2.300451 2.463806 2.353307 2.569476
 720.000000 2.333963 2.405623 2.466298 2.574488
 721.000000 2.352352 2.364249 2.280472 2.630649
 722.000000 2.421636 2.484062 2.623969 2.353401
 723.000000 2.455730 2.417079 2.519796 2.617358
 724.000000 2.408717 2.311826 2.519358 2.467576
 725.000000 2.410675 2.273148 2.365872 2.656514
 726.000000 2.416632 2.467434 2.372958 2.699311
 727.000000 2.590559 2.270194 2.417666 2.504119
 728.000000 2.520459 2.405324 2.426567 2.593495
 729.000000 2.341217 2.344320 2.440565 2.625516
 730.000000 2.308996 2.443395 2.424235 2.771917
 731.000000 2.417286 2.384477 2.317013 2.645268
 732.000000 2.415621 2.432854 2.434411 2.646032
 733.000000 2.325205 2.346925 2.368540 2.559283
 734.000000 2.418386 2.429923 2.378355 2.546618
 735.000000 2.400810 2.446373 2.307080 2.607269
 736.000000 2.231545 2.419295 2.155429 2.785077
 737.000000 2.336799 2.152334 2.298720 2.692829
 738.000000 2.219959 2.204558 2.381159 2.641984
 739.000000 2.423937 2.275203 2.515557 2.610447
 740.000000 2.366851 2.477734 2.441973 2.659018
 741.000000 2.495056 2.156575 2.263974 2.526579
 742.000000 2.468780 2.373564 2.337020 2.591431
 743.000000 2.448993 2.368726 2.335021 2.436504
 744.000000 2.474678 2.283843 2.453637 2.723891
 745.000000 2.455256 2.358804 2.568450 2.628889
 746.000000 2.505229 2.279358 2.421394 2.698050
 747.000000 2.518716 2.479697 2.342841 2.528060
 748.000000 2.303291 2.248754 2.454045 2.505056
 749.000000 2.353015 2.328975 2.488368 2.488125
 750.000000 2.360276 2.276063 2.394134 2.635248
 751.000000 2.526165 2.159405 2.522183 2.561898
 752.000000 2.341186 2.352094 2.539058 2.633974
 753.000000 2.554568 2.262221 2.446634 2.659074
 754.000000 2.313418 2.148066 2.311330 2.638637
 755.000000 2.521297 2.260580 2.436947 2.639026
 756.000000 2.474191 2.234614 2.469551 2.461497
 757.000000 2.504372 2.227969 2.414243 2.704387
 758.000000 2.555096 2.321157 2.390181 2.540980
 759.000000 2.292999 2.234536 2.428268 2.569060
 760.000000 2.374692 2.310183 2.522658 2.686320
 761.000000 2.428824 2.337971 2.454872 2.619919
 762.000000 2.452958 2.293614 2.477853 2.617721
 763.000000 2.394142 2.230834 2.469946 2.613992
 764.000000 2.420639 2.201036 2.342974 2.689443
 765.000000 2.371304 2.321474 2.491237 2.626864
 766.000000 2.555330 2.168975 2.474463 2.551784
 767.000000 2.455491 2.246999 2.382593 2.607435
 768.000000 2.337980 2.322536 2.389560 2.741763
 769.000000 2.449663 2.187528 2.524819 2.785324
 770.000000 2.434707 2.253218 2.318507 2.810812
 771.000000 2.283746 2.374015 2.467681 2.636915
 772.000000 2.412506 2.286756 2.317931 2.662934
 773.000000 2.312247 2.274102 2.294362 2.608474
 774.000000 2.252488 2.388370 2.372460 2.828836
 775.000000 2.526719 2.291793 2.419085 2.639183
 776.000000 2.354453 2.366004 2.496764 2.655170
 777.000000 2.339301 2.343704 2.515391 2.699322
 778.000000 2.344181 2.333558 2.454005 2.746133
 779.000000 2.450003 2.332098 2.559004 2.605642
 780.000000 2.382839 2.369559 2.510501 2.722375
 781.000000 2.395729 2.293819 2.380464 2.656644
 782.000000 2.422758 2.538894 2.568556 2.610747
 783.000000 2.426553 2.312054 2.425576 2.552263
 784.000000 2.547404 2.351660 2.487396 2.489662
 785.000000 2.293366 2.310045 2.520195 2.427725
 786.000000 2.310700 2.310444 2.537166 2.758050
 787.000000 2.489497 2.245148 2.297623 2.660432
 788.000000 2.235391 2.335500 2.387445 2.620054
 789.000000 2.351896 2.322376 2.381753 2.565282
 790.000000 2.412303 2.429778 2.564465 2.876012
 791.000000 2.356680 2.369680 2.403365 2.882038
 792.000000 2.532457 2.357321 2.480818 2.690747
 793.000000 2.329789 2.416382 2.476048 2.606255
 794.000000 2.409861 2.372648 2.409481 2.605953
 795.000000 2.412743 2.416887 2.615465 2.291860
 796.000000 2.346321 2.310249 2.509697 2.293467
 797.000000 2.245887 2.285726 2.622259 2.220705
 798.000000 2.386458 2.331307 2.493478 2.354309
 799.000000 2.345711 2.398462 2.419132 2.485345
 800.000000 2.374561 2.398143 2.540437 2.359040
 801.000000 2.413048 2.210411 2.488722 2.314732
 802.000000 2.514496 2.327642 2.500161 2.438238
 803.000000 2.482735 2.372657 2.554151 2.411341
 804.000000 2.463807 2.473344 2.489146 2.251060
 805.000000 2.471848 2.413743 2.379075 2.406015
 806.000000 2.433812 2.283025 2.381674 2.377257
 807.000000 2.563501 2.325159 2.429938 2.280661
 808.000000 2.595546 2.423187 2.502974 2.281398
 809.000000 2.516980 2.482209 2.437694 2.501134
 810.000000 2.501686 2.415129 2.562221 2.459928
 811.000000 2.465007 2.471974 2.493260 2.248625
 812.000000 2.451007 2.434522 2.401383 2.241262
 813.000000 2.423624 2.377974 2.558761 2.362884
 814.000000 2.282067 2.425921 2.315696 2.204361
 815.000000 2.480032 2.370377 2.580563 2.692813
 816.000000 2.377377 2.308232 2.548474 2.642080
 817.000000 2.516118 2.356330 2.579373 2.424503
 818.000000 2.440548 2.328749 2.361644 2.284333
 819.000000 2.349820 2.446771 2.497885 2.595388
 820.000000 2.516499 2.356514 2.455162 2.328313
 821.000000 2.406993 2.285375 2.495404 2.721452
 822.000000 2.455080 2.336759 2.464966 2.475661
 823.000000 2.505897 2.373731 2.339869 2.434060
 824.000000 2.436878 2.219851 2.428251 2.487783
 825.000000 2.497863 2.385611 2.527588 2.591168
 826.000000 2.498561 2.372064 2.494732 2.661874
 827.000000 2.510360 2.270141 2.416383 2.641320
 828.000000 2.448273 2.212341 2.489954 2.621316
 829.000000 2.404207 2.355981 2.487853 2.478251
 830.000000 2.348004 2.494169 2.499760 2.353146
 831.000000 2.389526 2.345475 2.429599 2.159310
 832.000000 2.351716 2.404180 2.437108 2.071382
 833.000000 2.381221 2.370946 2.428157 2.368682
 834.000000 2.427078 2.466147 2.400422 2.427001
 835.000000 2.402185 2.289711 2.282142 2.353586
 836.000000 2.348762 2.346223 2.310468 2.116913
 837.000000 2.400141 2.460109 2.642664 2.227079
 838.000000 2.374983 2.480774 2.474885 2.082129
 839.000000 2.295259 2.587476 2.466013 2.096343
 840.000000 2.245196 2.318735 2.325656 2.124041
 841.000000 2.394593 2.435383 2.343027 2.011578
 842.000000 2.257653 2.270350 2.277690 2.242854
 843.000000 2.281186 2.271962 2.381587 2.273785
 844.000000 2.344103 2.195904 2.486973 2.393415
 845.000000 2.390404 2.334881 2.221099 2.171082
 846.000000 2.394268 2.313841 2.445844 2.143935
 847.000000 2.303556 2.314644 2.405284 2.120860
 848.000000 2.381146 2.333892 2.308052 2.143647
 849.000000 2.349490 2.357225 2.410180 2.037451
 850.000000 2.403783 2.238627 2.598242 2.025152
 851.000000 2.408340 2.174913 2.498256 2.046728
 852.000000 2.287714 2.332951 2.506002 2.297849
 853.000000 2.371258 2.236776 2.475150 2.007924
 854.000000 2.332148 2.251231 2.537322 1.987960
 855.000000 2.360689 2.271266 2.481304 2.171393
 856.000000 2.440907 2.168671 2.388006 2.223085
 857.000000 2.317135 2.194400 2.500800 2.443760
 858.000000 2.372968 2.108644 2.392160 2.046844
 859.000000 2.239810 2.033019 2.399133 2.225190
 860.000000 2.379195 2.211112 2.482342 2.145712
 861.000000 2.471098 2.248623 2.533913 2.079877
 862.000000 2.472851 2.211763 2.601550 2.007478
 863.000000 2.363910 2.150923 2.504919 2.010448
 864.000000 2.356784 2.220253 2.380173 1.997970
 865.000000 2.304631 2.163007 2.654517 2.026349
 866.000000 2.353628 2.200466 2.390197 2.071001
 867.000000 2.355392 2.119185 2.678378 2.169713
 868.000000 2.296664 2.165302 2.509817 2.252641
 869.000000 2.162496 2.115928 2.356258 2.174808
 870.000000 2.251706 2.155556 2.556416 2.124683
 871.000000 2.382082 2.195224 2.443819 2.223056
 872.000000 2.439558 2.251313 2.399845 2.151194
 873.000000 2.261556 2.223361 2.446719 2.102944
 874.000000 2.313962 2.161990 2.442177 2.120674
 875.000000 2.367757 2.256598 2.493372 2.023939
 876.000000 2.353014 2.260287 2.575518 2.216115
 877.000000 2.257706 2.246663 2.431134 2.055034
 878.000000 2.393579 2.369875 2.465240 2.013482
 879.000000 2.371521 2.316688 2.489292 2.049527
 880.000000 2.502810 2.409335 2.553376 2.042043
 881.000000 2.501562 2.169832 2.529118 2.001391
 882.000000 2.460535 2.229606 2.406974 2.033074
 883.000000 2.423652 2.353932 2.539832 1.883995
 884.000000 2.302873 2.248217 2.661283 2.033146
 885.000000 2.470214 2.195299 2.467487 1.850978
 886.000000 2.280922 2.292448 2.439564 2.028037
 887.000000 2.294866 2.237101 2.331774 1.937637
 888.000000 2.517919 2.272358 2.533160 2.107648
 889.000000 2.367184 2.288383 2.451150 2.053114
 890.000000 2.366275 2.415472 2.315661 2.014880
 891.000000 2.333161 2.344609 2.526562 2.212799
 892.000000 2.317244 2.290203 2.416002 2.207785
 893.000000 2.302207 2.380492 2.399149 2.204316
 894.000000 2.283376 2.352898 2.368067 2.242065
 895.000000 2.239454 2.267559 2.344145 2.057843
 896.000000 2.332765 2.131280 2.286999 2.234619
 897.000000 2.346317 2.323767 2.388067 2.259542
 898.000000 2.457228 2.171153 2.502054 2.080168
 899.000000 2.456276 2.302564 2.410983 2.052289
 900.000000 2.448656 2.300313 2.478776 2.158457
 901.000000 2.523786 2.517863 2.475359 2.193273
 902.000000 2.480795 2.310039 2.275041 2.098321
 903.000000 2.465273 2.491456 2.421715 2.159242
 904.000000 2.427258 2.450612 2.443193 2.344588
 905.000000 2.557099 2.376360 2.613391 2.048142
 906.000000 2.527583 2.518383 2.481440 2.087882
 907.000000 2.433456 2.430527 2.581989 2.319226
 908.000000 2.529250 2.415308 2.514851 1.987623
 909.000000 2.380149 2.350161 2.499536 2.242948
 910.000000 2.486841 2.506193 2.492729 2.188959
 911.000000 2.434889 2.501167 2.489156 2.169692
 912.000000 2.437220 2.471917 2.513011 1.996216
 913.000000 2.346745 2.459794 2.543182 2.110904
 914.000000 2.320727 2.499081 2.667058 2.164391
 915.000000 2.339717 2.587017 2.597664 2.362078
 916.000000 2.487356 2.518050 2.589585 2.218445
 917.000000 2.512101 2.691656 2.466876 2.097573
 918.000000 2.445629 2.545211 2.400432 2.218154
 919.000000 2.429036 2.503235 2.579988 2.330978
 920.000000 2.380372 2.414058 2.513621 2.120747
 921.000000 2.267473 2.348677 2.467911 2.311439
 922.000000 2.431195 2.464840 2.557371 2.304363
 923.000000 2.438909 2.372840 2.360689 2.209483
 924.000000 2.507493 2.266255 2.531774 2.111862
 925.000000 2.520785 2.498940 2.496054 2.212609
 926.000000 2.585326 2.464541 2.445129 2.161379
 927.000000 2.506973 2.434959 2.471163 1.980062
 928.000000 2.521742 2.487718 2.558892 2.191338
 929.000000 2.467838 2.292770 2.492507 2.062073
 930.000000 2.476835 2.456878 2.577739 2.382319
 931.000000 2.549962 2.400520 2.568709 2.251776
 932.000000 2.491459 2.374218 2.534888 2.378278
 933.000000 2.432596 2.360127 2.515497 2.310904
 934.000000 2.366645 2.302489 2.435326 2.291998
 935.000000 2.394245 2.238950 2.556576 2.263281
 936.000000 2.492567 2.463167 2.669835 2.245259
 937.000000 2.362522 2.487488 2.601815 2.235612
 938.000000 2.393324 2.286180 2.560688 2.263756
 939.000000 2.415720 2.495520 2.493991 2.282760
 940.000000 2.394535 2.478057 2.573087 2.161860
 941.000000 2.360322 2.412789 2.509729 2.158881
 942.000000 2.376443 2.345364 2.510102 2.171762
 943.000000 2.555482 2.443591 2.335349 2.512061
 944.000000 2.288774 2.314382 2.251713 2.353743
 945.000000 2.388717 2.442859 2.477611 2.336526
 946.000000 2.516969 2.400239 2.445194 2.224222
 947.000000 2.532753 2.359279 2.556130 2.398419
 948.000000 2.428661 2.336569 2.435172 2.440305
 949.000000 2.309810 2.379933 2.521013 2.278331
 950.000000 2.452830 2.360690 2.516260 2.475968
 951.000000 2.412926 2.373298 2.461186 2.368767
 952.000000 2.313487 2.343567 2.503648 2.342598
 953.000000 2.487610 2.382803 2.481614 2.186796
 954.000000 2.309980 2.548107 2.559764 2.147260
 955.000000 2.429944 2.519003 2.244911 2.353813
 956.000000 2.498400 2.399397 2.450651 2.256774
 957.000000 2.553234 2.435895 2.515044 2.207236
 958.000000 2.484787 2.342070 2.525058 2.161698
 959.000000 2.424762 2.496219 2.452173 2.261015
 960.000000 2.441387 2.398273 2.718269 2.258675
 961.000000 2.305180 2.253286 2.617475 2.344767
 962.000000 2.560220 2.221799 2.510102 2.391379
 963.000000 2.424349 2.380130 2.434077 2.367554
 964.000000 2.488697 2.322084 2.475776 2.458718
 965.000000 2.501818 2.285006 2.597413 2.400440
 966.000000 2.543079 2.366548 2.499706 2.481932
 967.000000 2.592354 2.398986 2.551535 2.262725
 968.000000 2.696265 2.430922 2.449786 2.396822
 969.000000 2.537499 2.323514 2.561974 2.252979
 970.000000 2.570628 2.345856 2.534976 2.298958
 971.000000 2.432687 2.356506 2.364467 2.145986
 972.000000 2.407476 2.306525 2.443656 2.185543
 973.000000 2.456062 2.328999 2.527755 2.270560
 974.000000 2.582629 2.397585 2.381960 2.345008
 975.000000 2.519376 2.327905 2.521639 2.277852
 976.000000 2.490723 2.306291 2.541094 2.424679
 977.000000 2.344277 2.394767 2.574574 2.233435
 978.000000 2.357773 2.306455 2.538129 2.180272
 979.000000 2.388708 2.368934 2.456531 2.390874
 980.000000 2.339038 2.499407 2.527283 2.180970
 981.000000 2.414836 2.536793 2.513570 2.054329
 982.000000 2.288641 2.475732 2.512936 2.363333
 983.000000 2.514071 2.534480 2.462864 2.215512
 984.000000 2.414820 2.423740 2.664603 2.243419
 985.000000 2.400065 2.471551 2.597011 2.299611
 986.000000 2.370753 2.805802 2.715062 2.258314
 987.000000 2.510859 2.490425 2.568387 2.469123
 988.000000 2.323445 2.478857 2.517017 1.990399
 989.000000 2.394218 2.371945 2.517259 2.297629
 990.000000 2.567834 2.475632 2.528899 2.174343
 991.000000 2.457647 2.312752 2.559337 2.070939
 992.000000 2.396228 2.374443 2.616946 2.446293
 993.000000 2.408990 2.282966 2.463731 2.194512
 994.000000 2.300478 2.254497 2.560748 2.466590
 995.000000 2.300349 2.370858 2.586009 2.122531
 996.000000 2.349007 2.473521 2.376120 2.412223
 997.000000 2.401620 2.396616 2.440954 2.266505
 998.000000 2.363497 2.358740 2.415633 2.147670
 999.000000 2.532490 2.486269 2.403999 2.102500
 1000.000000 2.584189 2.431538 2.481236 2.051592
 1001.000000 2.443656 2.295875 2.476241 2.053785
 1002.000000 2.462434 2.482379 2.568297 2.352502
 1003.000000 2.493016 2.456897 2.615678 2.293560
 1004.000000 2.476772 2.457939 2.512326 2.126940
 1005.000000 2.510758 2.337967 2.506013 2.330171
 1006.000000 2.348166 2.387993 2.502247 2.186485
 1007.000000 2.443831 2.238082 2.513842 2.371949
 1008.000000 2.297958 2.359844 2.518419 2.351790
 1009.000000 2.310868 2.386567 2.490195 2.264643
 1010.000000 2.407531 2.439164 2.528388 2.282802
 1011.000000 2.281407 2.350687 2.539271 2.205821
 1012.000000 2.383007 2.356690 2.434961 2.197896
 1013.000000 2.371864 2.387508 2.538499 2.171838
 1014.000000 2.390587 2.352786 2.379825 2.256800
 1015.000000 2.446645 2.151433 2.439362 2.338998
 1016.000000 2.375409 2.428581 2.611509 2.429483
 1017.000000 2.409807 2.466899 2.470867 2.607904
 1018.000000 2.400133 2.481276 2.585254 2.299843
 1019.000000 2.384977 2.287501 2.449181 2.142691
 1020.000000 2.390982 2.414611 2.471239 2.236826
 1021.000000 2.378399 2.268685 2.501819 2.397297
 1022.000000 2.315434 2.392606 2.446831 2.139316
 1023.000000 2.457780 2.389315 2.497605 2.473738
 1024.000000 2.322789 2.461198 2.453088 2.330453
 1025.000000 2.427587 2.443815 2.497431 2.340099
 1026.000000 2.368177 2.267065 2.488757 2.258711
 1027.000000 2.359146 2.458882 2.366570 2.090147
 1028.000000 2.430110 2.324839 2.462628 2.049120
 1029.000000 2.535937 2.501658 2.478977 2.157299
 1030.000000 2.419917 2.219065 2.456461 2.284498
 1031.000000 2.359624 2.342785 2.356877 2.162338
 1032.000000 2.353858 2.287109 2.475985 2.026017
 1033.000000 2.355911 2.376532 2.425408 2.199695
 1034.000000 2.354354 2.316396 2.370717 2.263784
 1035.000000 2.322118 2.239066 2.533145 2.241345
 1036.000000 2.412564 2.438702 2.463946 2.347752
 1037.000000 2.383386 2.446713 2.423208 2.124517
 1038.000000 2.398644 2.462205 2.546472 2.148924
 1039.000000 2.324764 2.365508 2.404330 2.279062
 1040.000000 2.345665 2.357710 2.485691 2.119847
 1041.000000 2.352511 2.266187 2.479020 2.160094
 1042.000000 2.451443 2.503376 2.468004 2.347818
 1043.000000 2.262642 2.477771 2.435172 2.088897
 1044.000000 2.355807 2.492162 2.498410 1.996109
 1045.000000 2.379397 2.547597 2.437994 2.048133
 1046.000000 2.468905 2.340822 2.448648 2.045234
 1047.000000 2.266185 2.443655 2.588365 1.928542
 1048.000000 2.350424 2.317415 2.403101 2.090523
 1049.000000 2.330610 2.391232 2.475803 2.004370
 1050.000000 2.465524 2.438122 2.583911 2.137894
 1051.000000 2.345151 2.384245 2.456753 2.183082
 1052.000000 2.392189 2.145721 2.545047 2.034424
 1053.000000 2.366392 2.181951 2.386939 2.004691
 1054.000000 2.273425 2.285570 2.463875 2.026209
 1055.000000 2.390852 2.217303 2.574311 2.129027
 1056.000000 2.340965 2.227335 2.470670 2.209380
 1057.000000 2.366149 2.109908 2.516220 1.975006
 1058.000000 2.357985 2.251632 2.535286 2.286556
 1059.000000 2.350967 2.289111 2.484764 1.855290
 1060.000000 2.455196 2.390619 2.687434 2.070088
 1061.000000 2.349395 2.303874 2.594163 2.042301
 1062.000000 2.472966 2.346993 2.524119 1.929047
 1063.000000 2.465289 2.519880 2.542874 1.921515
 1064.000000 2.575053 2.393299 2.453149 2.052975
 1065.000000 2.411276 2.509720 2.522483 1.927820
 1066.000000 2.568429 2.497542 2.420795 2.085475
 1067.000000 2.543968 2.327653 2.422584 2.068573
 1068.000000 2.339730 2.340525 2.518046 1.765149
 1069.000000 2.402693 2.352783 2.405450 1.903588
 1070.000000 2.441412 2.396210 2.444266 1.791038
 1071.000000 2.457811 2.416684 2.367270 1.853093
 1072.000000 2.411210 2.461534 2.523282 1.935049
 1073.000000 2.333997 2.483182 2.443758 1.986982
 1074.000000 2.464127 2.454237 2.569185 2.130693
 1075.000000 2.417717 2.403379 2.545328 2.026413
 1076.000000 2.407288 2.366726 2.653729 2.075824
 1077.000000 2.344600 2.625079 2.539599 2.031264
 1078.000000 2.380444 2.403110 2.481648 2.074777
 1079.000000 2.213200 2.475980 2.491464 1.999330
 1080.000000 2.338648 2.468579 2.503375 2.250418
 1081.000000 2.362793 2.490824 2.355669 1.995980
 1082.000000 2.407437 2.502962 2.694715 2.108218
 1083.000000 2.484353 2.503871 2.623969 1.999183
 1084.000000 2.532655 2.391727 2.581841 2.215436
 1085.000000 2.428427 2.418365 2.533377 1.946386
 1086.000000 2.532067 2.406756 2.502764 2.085188
 1087.000000 2.272350 2.419263 2.532722 2.244572
 1088.000000 2.389807 2.577878 2.604064 2.232863
 1089.000000 2.427936 2.391112 2.478809 2.445399
 1090.000000 2.385800 2.445507 2.534557 2.489614
 1091.000000 2.382461 2.475066 2.457781 2.419850
 1092.000000 2.435495 2.561998 2.532842 1.944204
 1093.000000 2.487926 2.372953 2.573419 2.111246
 1094.000000 2.545539 2.416751 2.666010 2.114127
 1095.000000 2.389458 2.349297 2.482376 2.077198
 1096.000000 2.578718 2.309608 2.635893 2.499613
 1097.000000 2.447665 2.301061 2.330243 2.267887
 1098.000000 2.382989 2.382249 2.325362 2.201592
 1099.000000 2.440569 2.433049 2.596064 2.167522
 1100.000000 2.411160 2.352676 2.531335 2.372633
 1101.000000 2.496347 2.380691 2.510951 2.174283
 1102.000000 2.288054 2.358167 2.538584 2.339214
 1103.000000 2.377394 2.428645 2.576294 2.511743
 1104.000000 2.504555 2.298791 2.381200 2.413984
 1105.000000 2.367478 2.329506 2.407312 2.103013
 1106.000000 2.443640 2.473182 2.412887 2.378064
 1107.000000 2.374934 2.489144 2.430718 2.380815
 1108.000000 2.370131 2.397335 2.339996 2.276016
 1109.000000 2.330925 2.361812 2.383411 2.282708
 1110.000000 2.518052 2.370121 2.343423 2.178565
 1111.000000 2.393446 2.493315 2.359843 2.268416
 1112.000000 2.380689 2.338028 2.350175 2.156526
 1113.000000 2.507507 2.388820 2.513722 2.264928
 1114.000000 2.333609 2.331307 2.613240 2.136511
 1115.000000 2.451892 2.517176 2.481471 2.229197
 1116.000000 2.455512 2.462183 2.320736 2.284140
 1117.000000 2.364586 2.594031 2.315301 2.321780
 1118.000000 2.458282 2.426511 2.530762 2.441434
 1119.000000 2.277120 2.427601 2.457991 2.500797
 1120.000000 2.339427 2.395929 2.454574 2.460009
 1121.000000 2.469303 2.437846 2.433752 2.447660
 1122.000000 2.519901 2.251615 2.414224 2.399162
 1123.000000 2.607137 2.426904 2.423519 2.525644
 1124.000000 2.536592 2.459980 2.430978 2.223011
 1125.000000 2.608539 2.413387 2.462842 2.630054
 1126.000000 2.460576 2.425513 2.506132 2.197888
 1127.000000 2.408375 2.406896 2.486372 2.195478
 1128.000000 2.510391 2.437524 2.500372 2.079628
 1129.000000 2.325935 2.357629 2.383462 2.224938
 1130.000000 2.537483 2.401637 2.413195 2.104144
 1131.000000 2.442771 2.382773 2.520374 2.196730
 1132.000000 2.468970 2.429101 2.404490 2.153201
 1133.000000 2.477307 2.303712 2.421468 2.209445
 1134.000000 2.288436 2.374046 2.293993 2.152592
 1135.000000 2.483236 2.272499 2.334255 2.091410
 1136.000000 2.441937 2.531507 2.444111 1.998385
 1137.000000 2.377413 2.297466 2.463788 2.238688
 1138.000000 2.375596 2.384332 2.578774 2.126473
 1139.000000 2.396395 2.297789 2.435931 2.011032
 1140.000000 2.380277 2.432484 2.677550 2.031611
 1141.000000 2.292938 2.462297 2.455387 2.246716
 1142.000000 2.453994 2.310109 2.467557 2.212520
 1143.000000 2.499082 2.256356 2.560400 2.319467
 1144.000000 2.543792 2.405053 2.480739 2.174212
 1145.000000 2.557086 2.405292 2.558391 2.258762
 1146.000000 2.523409 2.240190 2.503659 2.056661
 1147.000000 2.557977 2.348251 2.634514 2.175465
 1148.000000 2.563341 2.535419 2.594233 2.080126
 1149.000000 2.417660 2.319196 2.547542 2.329206
 1150.000000 2.649123 2.600910 2.511654 1.973587
 1151.000000 2.475187 2.446117 2.405122 2.052664
 1152.000000 2.496392 2.454608 2.570701 2.156863
 1153.000000 2.575666 2.581034 2.531739 2.226292
 1154.000000 2.619783 2.231011 2.491340 1.918214
 1155.000000 2.557048 2.423194 2.630509 2.221125
 1156.000000 2.614511 2.339555 2.498222 1.976098
 1157.000000 2.362859 2.475608 2.703826 2.185840
 1158.000000 2.606619 2.505766 2.624651 1.916936
 1159.000000 2.383540 2.469054 2.618552 2.054340
 1160.000000 2.460130 2.333791 2.542582 2.078652
 1161.000000 2.457981 2.398325 2.603707 2.028201
 1162.000000 2.503696 2.378680 2.531221 2.265338
 1163.000000 2.551572 2.423399 2.574001 2.067748
 1164.000000 2.554665 2.430610 2.517992 2.149204
 1165.000000 2.570590 2.269256 2.547483 2.314947
 1166.000000 2.525076 2.491011 2.356440 2.300206
 1167.000000 2.458449 2.546909 2.434682 2.399348
 1168.000000 2.545646 2.531933 2.443626 2.290485
 1169.000000 2.551814 2.423436 2.428910 2.405189
 1170.000000 2.530959 2.437126 2.479820 2.393199
 1171.000000 2.544906 2.528276 2.463350 2.249894
 1172.000000 2.427255 2.541643 2.528047 2.481878
 1173.000000 2.568367 2.562806 2.623676 2.499777
 1174.000000 2.456906 2.465564 2.572963 2.557490
 1175.000000 2.423247 2.775457 2.492172 2.406439
 1176.000000 2.458030 2.482174 2.573755 2.456581
 1177.000000 2.490778 2.421420 2.652910 2.404224
 1178.000000 2.461090 2.547400 2.564994 2.279913
 1179.000000 2.416488 2.504023 2.468945 2.755100
 1180.000000 2.394163 2.457177 2.482001 2.613142
 1181.000000 2.423200 2.506183 2.524119 2.637377
 1182.000000 2.465906 2.592399 2.647770 2.553315
 1183.000000 2.316307 2.441517 2.512388 2.652894
 1184.000000 2.314740 2.399669 2.387074 2.625612
 1185.000000 2.283659 2.408252 2.585368 2.518513
 1186.000000 2.451959 2.590844 2.565920 2.724555
 1187.000000 2.342795 2.497116 2.553110 2.523629
 1188.000000 2.437263 2.518123 2.691499 2.537714
 1189.000000 2.520448 2.480801 2.555400 2.441718
 1190.000000 2.323981 2.430796 2.637419 2.439348
 1191.000000 2.333153 2.475443 2.582784 2.512993
 1192.000000 2.468701 2.408259 2.688276 2.641905
 1193.000000 2.564350 2.446751 2.709278 2.574725
 1194.000000 2.397019 2.423729 2.647635 2.444930
 1195.000000 2.575089 2.408903 2.550349 2.632531
 1196.000000 2.410470 2.567427 2.496263 2.662833
 1197.000000 2.400114 2.501076 2.549474 2.569784
 1198.000000 2.534688 2.518659 2.510088 2.566934
 1199.000000 2.464615 2.519149 2.465280 2.628745
 1200.000000 2.423027 2.455424 2.560167 2.464659
 1201.000000 2.533269 2.416384 2.473467 2.418619
 1202.000000 2.455775 2.480446 2.624600 2.564034
 1203.000000 2.557036 2.449532 2.580049 2.401974
 1204.000000 2.474113 2.406529 2.620253 2.321026
 1205.000000 2.395769 2.323411 2.475110 2.319962
 1206.000000 2.453714 2.313389 2.511717 2.332408
 1207.000000 2.329000 2.344490 2.489737 2.383033
 1208.000000 2.412558 2.396764 2.529665 2.373300
 1209.000000 2.490717 2.337196 2.538317 2.282895
 1210.000000 2.371425 2.559632 2.522586 2.107374
 1211.000000 2.511672 2.397626 2.542036 2.018546
 1212.000000 2.529825 2.556358 2.488400 2.345060
 1213.000000 2.466416 2.590154 2.403040 2.192376
 1214.000000 2.516813 2.361501 2.555445 2.135354
 1215.000000 2.494768 2.298805 2.371059 2.395044
 1216.000000 2.396149 2.375416 2.496375 2.136789
 1217.000000 2.424264 2.360700 2.455550 2.262299
 1218.000000 2.436207 2.407802 2.533207 2.213241
 1219.000000 2.448197 2.292619 2.639940 2.236473
 1220.000000 2.475162 2.358959 2.569402 2.227886
 1221.000000 2.520208 2.402048 2.514485 2.288785
 1222.000000 2.591089 2.397379 2.547613 2.232849
 1223.000000 2.491453 2.429023 2.555537 2.337160
 1224.000000 2.479980 2.348370 2.578349 2.179757
 1225.000000 2.560303 2.421302 2.527099 2.270081
 1226.000000 2.633175 2.589637 2.495395 2.424637
 1227.000000 2.390996 2.487917 2.406077 2.305028
 1228.000000 2.470875 2.452237 2.429069 2.313626
 1229.000000 2.402826 2.364099 2.559638 2.510631
 1230.000000 2.420866 2.456236 2.380185 2.305250
 1231.000000 2.415045 2.513246 2.515881 2.348248
 1232.000000 2.426415 2.402981 2.437661 2.384201
 1233.000000 2.443901 2.310102 2.659083 2.356456
 1234.000000 2.522671 2.309175 2.410380 2.340292
 1235.000000 2.540033 2.365544 2.472444 2.461944
 1236.000000 2.504579 2.258073 2.481689 2.421139
 1237.000000 2.648653 2.356924 2.493863 2.294638
 1238.000000 2.594765 2.443284 2.427611 2.286280
 1239.000000 2.511906 2.282831 2.537435 2.443135
 1240.000000 2.639237 2.335021 2.565388 2.321099
 1241.000000 2.472568 2.218486 2.549981 2.375542
 1242.000000 2.506345 2.311677 2.587575 2.337549
 1243.000000 2.369122 2.328952 2.402090 2.401956
 1244.000000 2.578227 2.261046 2.359116 2.359599
 1245.000000 2.564806 2.320669 2.314451 2.462383
 1246.000000 2.427072 2.320954 2.421084 2.179257
 1247.000000 2.585142 2.375011 2.407232 2.413703
 1248.000000 2.481117 2.474024 2.362878 2.040339
 1249.000000 2.754496 2.472281 2.341172 2.304204
 1250.000000 2.474729 2.349497 2.403488 2.117580
 1251.000000 2.499930 2.325639 2.346632 2.201940
 1252.000000 2.570885 2.450101 2.487596 2.198414
 1253.000000 2.529045 2.475063 2.453871 2.107201
 1254.000000 2.500764 2.343307 2.583979 2.066223
 1255.000000 2.537517 2.431937 2.490364 2.042234
 1256.000000 2.395474 2.431061 2.484490 2.131409
 1257.000000 2.409675 2.427204 2.521946 1.920610
 1258.000000 2.628526 2.469659 2.495976 2.016213
 1259.000000 2.501745 2.465584 2.444325 2.198135
 1260.000000 2.588338 2.442605 2.374485 2.000805
 1261.000000 2.524273 2.407757 2.514413 2.012511
 1262.000000 2.534381 2.538539 2.434894 1.907861
 1263.000000 2.525076 2.507066 2.512925 2.050180
 1264.000000 2.612180 2.413467 2.594633 2.132963
 1265.000000 2.524457 2.425571 2.496897 2.122340
 1266.000000 2.603350 2.412248 2.496735 2.014227
 1267.000000 2.402601 2.423403 2.515346 2.061188
 1268.000000 2.487611 2.462043 2.663124 2.021043
 1269.000000 2.386688 2.549437 2.578252 2.186053
 1270.000000 2.512736 2.534761 2.428153 2.063508
 1271.000000 2.530015 2.477417 2.536449 2.121590
 1272.000000 2.500883 2.623015 2.392100 2.113329
 1273.000000 2.699724 2.550594 2.450768 2.042068
 1274.000000 2.664670 2.424329 2.348182 2.168037
 1275.000000 2.467303 2.469554 2.418231 2.189238
 1276.000000 2.611082 2.485053 2.487180 2.057894
 1277.000000 2.565506 2.278312 2.484418 1.959550
 1278.000000 2.323523 2.553960 2.560428 2.182212
 1279.000000 2.524957 2.461026 2.433750 2.210143
 1280.000000 2.469254 2.511977 2.441699 2.307171
 1281.000000 2.484542 2.361200 2.460949 2.108683
 1282.000000 2.377014 2.512159 2.506270 2.260548
 1283.000000 2.595494 2.440489 2.490991 2.236961
 1284.000000 2.593896 2.389779 2.491190 2.086436
 1285.000000 2.471191 2.398939 2.553611 2.234298
 1286.000000 2.525705 2.504410 2.567250 2.078865
 1287.000000 2.379471 2.455569 2.488178 2.236874
 1288.000000 2.540010 2.402841 2.545340 2.138539
 1289.000000 2.568086 2.491358 2.499474 2.227663
 1290.000000 2.482713 2.439624 2.538631 2.116464
 1291.000000 2.645693 2.486473 2.436284 2.150870
 1292.000000 2.527803 2.533457 2.450052 2.194254
 1293.000000 2.486885 2.471403 2.560759 2.396610
 1294.000000 2.419077 2.442989 2.415591 2.270888
 1295.000000 2.539949 2.584009 2.495030 2.152269
 1296.000000 2.518012 2.426273 2.671418 2.096396
 1297.000000 2.457524 2.441451 2.445405 2.205877
 1298.000000 2.456169 2.318300 2.633101 2.035542
 1299.000000 2.500672 2.451064 2.579745 2.009674
 1300.000000 2.542847 2.483190 2.521371 2.038755
 1301.000000 2.464922 2.406486 2.386588 2.148517
 1302.000000 2.510149 2.487784 2.552925 2.053956
 1303.000000 2.485839 2.279571 2.603097 2.224732
 1304.000000 2.482283 2.434786 2.362970 2.221958
 1305.000000 2.514762 2.332234 2.502133 2.263427
 1306.000000 2.292612 2.291914 2.441683 2.195169
 1307.000000 2.468291 2.388777 2.451354 2.238767
 1308.000000 2.571533 2.394530 2.444647 2.256186
 1309.000000 2.496453 2.364170 2.521734 2.120896
 1310.000000 2.660247 2.362361 2.422214 2.339762
 1311.000000 2.359057 2.240144 2.380145 2.312549
 1312.000000 2.316307 2.377576 2.384507 2.165417
 1313.000000 2.592308 2.381872 2.474200 2.323536
 1314.000000 2.470267 2.394989 2.400262 2.246526
 1315.000000 2.262796 2.311524 2.388804 2.296562
 1316.000000 2.367394 2.384127 2.397157 2.204525
 1317.000000 2.273851 2.452825 2.450655 2.206472
 1318.000000 2.353227 2.336505 2.293895 2.340160
 1319.000000 2.338254 2.377202 2.346299 2.189154
 1320.000000 2.277715 2.619352 2.456446 2.304135
 1321.000000 2.512325 2.380678 2.578254 2.299138
 1322.000000 2.617550 2.337448 2.581416 2.369029
 1323.000000 2.366335 2.545910 2.486424 2.219438
 1324.000000 2.392073 2.438861 2.622637 2.359588
 1325.000000 2.574613 2.334283 2.506876 2.237648
 1326.000000 2.489896 2.460719 2.593387 2.165326
 1327.000000 2.559302 2.392035 2.616259 2.336974
 1328.000000 2.540561 2.391738 2.379277 2.381911
 1329.000000 2.437875 2.432525 2.567352 2.186305
 1330.000000 2.518066 2.519240 2.666595 2.248223
 1331.000000 2.552504 2.365613 2.442444 2.170377
 1332.000000 2.552379 2.371522 2.526160 2.236923
 1333.000000 2.532417 2.423381 2.331213 2.343741
 1334.000000 2.543428 2.382944 2.442395 2.402646
 1335.000000 2.427437 2.411850 2.564565 2.513181
 1336.000000 2.536158 2.391928 2.468128 2.304496
 1337.000000 2.492108 2.400546 2.634509 2.405771
 1338.000000 2.453889 2.341766 2.545304 2.445523
 1339.000000 2.529112 2.610470 2.575678 2.322692
 1340.000000 2.497382 2.482422 2.447561 2.382819
 1341.000000 2.503710 2.481263 2.367586 2.377294
 1342.000000 2.505326 2.467680 2.370365 2.329732
 1343.000000 2.449947 2.263175 2.435572 2.437703
 1344.000000 2.330610 2.459673 2.489036 2.263322
 1345.000000 2.651715 2.371563 2.442043 2.328600
 1346.000000 2.530029 2.322408 2.565407 2.189029
 1347.000000 2.327530 2.325219 2.424581 2.299894
 1348.000000 2.410954 2.296995 2.517521 2.255735
 1349.000000 2.411066 2.318484 2.534914 2.579389
 1350.000000 2.563713 2.433836 2.512955 2.451460
 1351.000000 2.448144 2.480257 2.479718 2.317586
 1352.000000 2.400542 2.372026 2.497695 2.294517
 1353.000000 2.408895 2.393983 2.553965 2.164165
 1354.000000 2.468566 2.464908 2.561289 2.339154
 1355.000000 2.378028 2.318179 2.410988 2.273498
 1356.000000 2.458402 2.422455 2.478065 2.363323
 1357.000000 2.408713 2.366478 2.303042 2.364786
 1358.000000 2.515224 2.253668 2.444381 2.392688
 1359.000000 2.465396 2.394106 2.381500 2.246288
 1360.000000 2.442307 2.540487 2.416463 2.305608
 1361.000000 2.503697 2.465110 2.320308 2.341425
 1362.000000 2.490065 2.524359 2.469832 2.454435
 1363.000000 2.339573 2.279095 2.515079 2.276807
 1364.000000 2.480821 2.466524 2.345462 2.355792
 1365.000000 2.593295 2.361339 2.504610 2.378031
 1366.000000 2.434945 2.442168 2.354978 2.393943
 1367.000000 2.506099 2.358967 2.411212 2.125256
 1368.000000 2.497160 2.452085 2.330849 2.142859
 1369.000000 2.491173 2.352138 2.508445 2.287487
 1370.000000 2.547417 2.505757 2.455674 2.183326
 1371.000000 2.439935 2.378008 2.417854 2.313804
 1372.000000 2.557737 2.417016 2.507994 2.307478
 1373.000000 2.563085 2.375851 2.553874 2.239990
 1374.000000 2.457802 2.439870 2.365347 2.235977
 1375.000000 2.451548 2.426258 2.457788 2.279779
 1376.000000 2.472131 2.348298 2.322054 2.087149
 1377.000000 2.508372 2.405994 2.377076 2.148053
 1378.000000 2.556151 2.362232 2.535287 2.379264
 1379.000000 2.475337 2.222714 2.536565 2.160252
 1380.000000 2.366637 2.359040 2.540973 2.321097
 1381.000000 2.585885 2.437965 2.573124 2.270432
 1382.000000 2.441006 2.375645 2.479197 2.351814
 1383.000000 2.501843 2.418000 2.561831 2.283695
 1384.000000 2.537977 2.529549 2.566720 2.253180
 1385.000000 2.470090 2.413652 2.648906 2.317629
 1386.000000 2.520530 2.504430 2.482238 2.211933
 1387.000000 2.368668 2.425785 2.301414 2.234666
 1388.000000 2.424494 2.495160 2.373147 2.276710
 1389.000000 2.376241 2.406958 2.277499 2.368210
 1390.000000 2.403817 2.392533 2.338228 2.207467
 1391.000000 2.502151 2.535618 2.415281 2.271446
 1392.000000 2.494991 2.457722 2.244361 2.234141
 1393.000000 2.393629 2.472338 2.364145 2.269907
 1394.000000 2.360767 2.432932 2.436694 2.388262
 1395.000000 2.470740 2.445361 2.501189 2.263066
 1396.000000 2.562675 2.464200 2.508511 2.319576
 1397.000000 2.324135 2.562466 2.446331 2.210248
 1398.000000 2.504915 2.321995 2.437251 2.249658
 1399.000000 2.527242 2.370452 2.373166 2.397197
 1400.000000 2.527697 2.519464 2.330376 2.349821
 1401.000000 2.489903 2.527465 2.467052 2.306169
 1402.000000 2.485039 2.557582 2.455904 2.433067
 1403.000000 2.386741 2.446876 2.364635 2.464947
 1404.000000 2.501886 2.470464 2.283884 2.443379
 1405.000000 2.523157 2.440916 2.434793 2.130661
 1406.000000 2.431220 2.237909 2.440832 2.357843
 1407.000000 2.436958 2.427466 2.379879 2.301451
 1408.000000 2.377010 2.421815 2.457207 2.315202
 1409.000000 2.457549 2.481464 2.491834 2.199503
 1410.000000 2.548007 2.354829 2.295034 2.335596
 1411.000000 2.441259 2.465874 2.394984 2.402728
 1412.000000 2.372662 2.446944 2.528070 2.522885
 1413.000000 2.357967 2.437707 2.522242 2.475401
 1414.000000 2.610856 2.469503 2.356715 2.255681
 1415.000000 2.440665 2.533607 2.383408 2.351677
 1416.000000 2.512318 2.403339 2.249016 2.472442
 1417.000000 2.384144 2.486786 2.327270 2.326502
 1418.000000 2.450923 2.468568 2.306864 2.338206
 1419.000000 2.424066 2.468487 2.329684 2.329210
 1420.000000 2.476119 2.409306 2.194306 2.422937
 1421.000000 2.551927 2.422721 2.238404 2.332739
 1422.000000 2.368327 2.412691 2.424941 2.389010
 1423.000000 2.351678 2.418958 2.418456 2.395826
 1424.000000 2.470831 2.348164 2.370459 2.348143
 1425.000000 2.305591 2.430756 2.357362 2.155506
 1426.000000 2.418634 2.482373 2.397917 2.307431
 1427.000000 2.287665 2.342615 2.334925 2.247113
 1428.000000 2.421336 2.427513 2.479560 2.216920
 1429.000000 2.363378 2.326499 2.419245 2.191582
 1430.000000 2.301436 2.419915 2.452959 2.256111
 1431.000000 2.476545 2.400560 2.350382 2.338550
 1432.000000 2.545258 2.427755 2.395812 2.366913
 1433.000000 2.457490 2.352917 2.404787 2.643085
 1434.000000 2.408729 2.448277 2.255938 2.353695
 1435.000000 2.465523 2.348192 2.330274 2.580851
 1436.000000 2.636150 2.334520 2.331411 2.378374
 1437.000000 2.633082 2.349739 2.285025 2.269294
 1438.000000 2.404329 2.451630 2.320132 2.266701
 1439.000000 2.402943 2.434585 2.185214 2.186285
 1440.000000 2.520147 2.439479 2.227586 2.311036
 1441.000000 2.407449 2.464170 2.304695 2.389488
 1442.000000 2.395911 2.327879 2.451325 2.385271
 1443.000000 2.522185 2.390349 2.392571 2.300282
 1444.000000 2.458633 2.352936 2.312671 2.276367
 1445.000000 2.421669 2.381410 2.274973 2.244167
 1446.000000 2.389178 2.436340 2.357949 2.316341
 1447.000000 2.515907 2.504590 2.460187 1.915713
 1448.000000 2.456143 2.291789 2.385580 2.376658
 1449.000000 2.561510 2.314775 2.487460 2.200687
 1450.000000 2.449157 2.398533 2.296156 2.148370
 1451.000000 2.517370 2.446422 2.413630 2.410395
 1452.000000 2.444222 2.574551 2.370688 2.386436
 1453.000000 2.421772 2.488759 2.468554 2.180829
 1454.000000 2.377155 2.501767 2.499022 2.288958
 1455.000000 2.303040 2.401691 2.279461 2.155504
 1456.000000 2.356153 2.360646 2.379201 2.169198
 1457.000000 2.333758 2.418258 2.363510 2.245687
 1458.000000 2.210540 2.415999 2.419605 2.344771
 1459.000000 2.202326 2.445432 2.333326 2.305889
 1460.000000 2.297215 2.383391 2.312891 2.323325
 1461.000000 2.439486 2.391950 2.354701 2.277524
 1462.000000 2.172053 2.374835 2.366072 2.130851
 1463.000000 2.413098 2.308341 2.324022 2.238479
 1464.000000 2.362294 2.364580 2.437333 2.303151
 1465.000000 2.489185 2.309465 2.213909 2.482939
 1466.000000 2.359543 2.446060 2.336728 2.303702
 1467.000000 2.352127 2.365380 2.336396 2.296071
 1468.000000 2.414403 2.552929 2.323748 2.414276
 1469.000000 2.441343 2.351907 2.263458 2.374333
 1470.000000 2.411643 2.393991 2.329939 2.349236
 1471.000000 2.335505 2.504878 2.351435 2.419395
 1472.000000 2.439394 2.434524 2.335047 2.361692
 1473.000000 2.468024 2.440785 2.199706 2.464058
 1474.000000 2.412371 2.356324 2.303517 2.337827
 1475.000000 2.426350 2.510253 2.435988 2.108515
 1476.000000 2.385056 2.512132 2.284794 2.235798
 1477.000000 2.453730 2.527295 2.392883 2.384732
 1478.000000 2.452528 2.405436 2.255912 2.311837
 1479.000000 2.286376 2.525948 2.464909 2.253496
 1480.000000 2.405490 2.468515 2.339827 2.343679
 1481.000000 2.422651 2.328018 2.354664 2.313658
 1482.000000 2.396358 2.350606 2.377690 2.423240
 1483.000000 2.477843 2.404686 2.359159 2.261456
 1484.000000 2.329827 2.633465 2.354247 2.441647
 1485.000000 2.456690 2.471403 2.276405 2.379550
 1486.000000 2.437072 2.584077 2.306938 2.268896
 1487.000000 2.408158 2.415747 2.443448 2.458766
 1488.000000 2.373816 2.437577 2.241314 2.355329
 1489.000000 2.548707 2.431927 2.345884 2.470228
 1490.000000 2.473400 2.547318 2.433436 2.438332
 1491.000000 2.365201 2.457252 2.335749 2.446192
 1492.000000 2.310176 2.414376 2.277816 2.365202
 1493.000000 2.374823 2.446041 2.304412 2.284656
 1494.000000 2.378693 2.399150 2.282035 2.139936
 1495.000000 2.393403 2.488131 2.133507 2.313145
 1496.000000 2.459043 2.394650 2.215849 2.353318
 1497.000000 2.312930 2.383899 2.298146 2.254786
 1498.000000 2.372826 2.606978 2.294291 2.222317
 1499.000000 2.369577 2.423514 2.405015 2.339387
 1500.000000 2.337605 2.428142 2.493351 2.401769
 1501.000000 2.297184 2.550911 2.512544 2.375873
 1502.000000 2.281238 2.421426 2.549937 2.444588
 1503.000000 2.303454 2.480223 2.381839 2.541976
 1504.000000 2.343716 2.434949 2.254094 2.271009
 1505.000000 2.315616 2.367953 2.336748 2.353045
 1506.000000 2.373617 2.358338 2.489590 2.522211
 1507.000000 2.502676 2.280771 2.553007 2.468932
 1508.000000 2.386722 2.227188 2.516694 2.350448
 1509.000000 2.381920 2.451523 2.594550 2.406257
 1510.000000 2.262790 2.386183 2.552319 2.427172
 1511.000000 2.379314 2.424538 2.490407 2.475079
 1512.000000 2.337719 2.284398 2.593041 2.388134
 1513.000000 2.487883 2.397556 2.485385 2.400490
 1514.000000 2.415005 2.407078 2.321531 2.396793
 1515.000000 2.407146 2.500192 2.360340 2.318090
 1516.000000 2.322361 2.450334 2.330745 2.381674
 1517.000000 2.201088 2.410204 2.393326 2.312705
 1518.000000 2.410224 2.469350 2.473066 2.329433
 1519.000000 2.330748 2.418184 2.561888 2.295108
 1520.000000 2.294548 2.429375 2.488161 2.220218
 1521.000000 2.380914 2.623088 2.422302 2.305854
 1522.000000 2.463072 2.466856 2.455895 2.277487
 1523.000000 2.355508 2.509874 2.517242 2.551991
 1524.000000 2.412995 2.344664 2.458411 2.220821
 1525.000000 2.493588 2.384845 2.496573 2.337611
 1526.000000 2.489343 2.432487 2.547539 2.418374
 1527.000000 2.387903 2.575488 2.438297 2.300069
 1528.000000 2.459954 2.559340 2.545515 2.191208
 1529.000000 2.414572 2.562005 2.489311 2.364681
 1530.000000 2.429201 2.562470 2.586536 2.430087
 1531.000000 2.510215 2.506678 2.522523 2.204277
 1532.000000 2.458916 2.500048 2.452894 2.367294
 1533.000000 2.424578 2.447620 2.519453 2.450892
 1534.000000 2.465228 2.465858 2.639007 2.333353
 1535.000000 2.507234 2.425196 2.539904 2.519117
 1536.000000 2.517960 2.506428 2.501930 2.292485
 1537.000000 2.427019 2.481284 2.569650 2.522144
 1538.000000 2.531308 2.556935 2.417009 2.488025
 1539.000000 2.423927 2.348651 2.521204 2.481626
 1540.000000 2.554576 2.412589 2.510308 2.262998
 1541.000000 2.369616 2.457743 2.336472 2.497822
 1542.000000 2.456027 2.371505 2.408058 2.287694
 1543.000000 2.437787 2.564563 2.594258 2.449429
 1544.000000 2.404216 2.496858 2.586412 2.554785
 1545.000000 2.274029 2.417952 2.468562 2.356929
 1546.000000 2.412696 2.392155 2.501347 2.251710
 1547.000000 2.403250 2.368938 2.577689 2.424525
 1548.000000 2.510872 2.527699 2.530181 2.517393
 1549.000000 2.403320 2.411655 2.598315 2.359772
 1550.000000 2.434536 2.351586 2.454736 2.330377
 1551.000000 2.468671 2.387185 2.552389 2.417225
 1552.000000 2.336471 2.325941 2.458551 2.187717
 1553.000000 2.457708 2.430204 2.498837 2.485325
 1554.000000 2.492877 2.506496 2.523287 2.401351
 1555.000000 2.417625 2.345347 2.421343 2.392685
 1556.000000 2.488467 2.468202 2.378180 2.458733
 1557.000000 2.406864 2.614676 2.267486 2.285950
 1558.000000 2.445708 2.440193 2.437109 2.449689
 1559.000000 2.422917 2.533761 2.393712 2.525883
 1560.000000 2.530882 2.415077 2.541055 2.536868
 1561.000000 2.465546 2.518029 2.543735 2.323124
 1562.000000 2.407912 2.375785 2.532322 2.471728
 1563.000000 2.393125 2.548457 2.489012 2.496476
 1564.000000 2.486697 2.524675 2.502661 2.403058
 1565.000000 2.548616 2.486416 2.490793 2.471270
 1566.000000 2.461592 2.579095 2.444969 2.545179
 1567.000000 2.455897 2.590409 2.517474 2.482567
 1568.000000 2.453512 2.477370 2.492935 2.404406
 1569.000000 2.478296 2.492397 2.283410 2.493586
 1570.000000 2.440434 2.615018 2.689731 2.120006
 1571.000000 2.488979 2.432485 2.599615 2.310451
 1572.000000 2.518590 2.716038 2.605964 2.449286
 1573.000000 2.383092 2.531696 2.414481 2.415603
 1574.000000 2.461172 2.513761 2.557024 2.406048
 1575.000000 2.385602 2.476612 2.726174 2.410881
 1576.000000 2.422132 2.648542 2.598614 2.448074
 1577.000000 2.433368 2.424726 2.561410 2.459232
 1578.000000 2.421171 2.599793 2.625544 2.334524
 1579.000000 2.485438 2.453211 2.443073 2.351708
 1580.000000 2.475213 2.421645 2.572245 2.388495
 1581.000000 2.545520 2.647532 2.449147 2.416240
 1582.000000 2.388761 2.548193 2.586035 2.292993
 1583.000000 2.379207 2.457138 2.498262 2.251044
 1584.000000 2.536848 2.525787 2.483945 2.459882
 1585.000000 2.304296 2.410801 2.570763 2.439923
 1586.000000 2.448541 2.486675 2.472481 2.377476
 1587.000000 2.425788 2.454282 2.655754 2.472023
 1588.000000 2.487875 2.537247 2.684302 2.435137
 1589.000000 2.396304 2.437276 2.622251 2.475188
 1590.000000 2.430656 2.576420 2.505508 2.349343
 1591.000000 2.515723 2.425039 2.536439 2.409295
 1592.000000 2.437716 2.472404 2.618278 2.417509
 1593.000000 2.445562 2.517773 2.648931 2.386256
 1594.000000 2.438475 2.428301 2.541471 2.459851
 1595.000000 2.478046 2.422954 2.590102 2.418606
 1596.000000 2.406731 2.549723 2.668997 2.490319
 1597.000000 2.472096 2.488255 2.478900 2.288087
 1598.000000 2.539783 2.530908 2.656829 2.442807
 1599.000000 2.521646 2.472404 2.586429 2.314538
 1600.000000 2.545161 2.497489 2.557547 2.416636
 1601.000000 2.567983 2.492601 2.639163 2.573116
 1602.000000 2.581850 2.487828 2.444113 2.499973
 1603.000000 2.507320 2.538576 2.535866 2.467518
 1604.000000 2.597807 2.449136 2.668990 2.580550
 1605.000000 2.408410 2.597934 2.639926 2.460666
 1606.000000 2.492357 2.528695 2.716802 2.601306
 1607.000000 2.461683 2.520217 2.601376 2.432146
 1608.000000 2.418169 2.486148 2.640303 2.433893
 1609.000000 2.489334 2.411737 2.512092 2.411929
 1610.000000 2.651897 2.537733 2.661889 2.347753
 1611.000000 2.373003 2.552731 2.546641 2.173243
 1612.000000 2.449559 2.537177 2.562169 2.347909
 1613.000000 2.382540 2.533846 2.562541 2.199595
 1614.000000 2.479994 2.492146 2.500970 2.351027
 1615.000000 2.411230 2.544574 2.457520 2.221443
 1616.000000 2.487511 2.433465 2.686160 2.219596
 1617.000000 2.444760 2.604507 2.636877 2.451851
 1618.000000 2.409413 2.527319 2.541225 2.255692
 1619.000000 2.534864 2.502315 2.599352 2.426408
 1620.000000 2.351828 2.657491 2.634225 2.285994
 1621.000000 2.421758 2.492708 2.386673 2.435305
 1622.000000 2.280045 2.504251 2.630499 2.324631
 1623.000000 2.505849 2.430993 2.474052 2.462568
 1624.000000 2.410614 2.578257 2.588961 2.262023
 1625.000000 2.608146 2.575859 2.631438 2.591240
 1626.000000 2.498654 2.606751 2.586421 2.393198
 1627.000000 2.538207 2.437761 2.525238 2.231952
 1628.000000 2.493614 2.460344 2.450685 2.150813
 1629.000000 2.526533 2.584179 2.559845 2.244891
 1630.000000 2.419794 2.605824 2.543218 2.037253
 1631.000000 2.418364 2.548631 2.488451 2.218651
 1632.000000 2.407374 2.585717 2.578811 2.305426
 1633.000000 2.352748 2.590902 2.459083 2.253411
 1634.000000 2.463021 2.596992 2.522738 2.188470
 1635.000000 2.356639 2.768483 2.585800 2.323887
 1636.000000 2.468218 2.681885 2.455796 2.296258
 1637.000000 2.507247 2.607627 2.412974 2.191541
 1638.000000 2.388140 2.524306 2.429263 2.278921
 1639.000000 2.437074 2.589363 2.398137 2.213650
 1640.000000 2.371578 2.551735 2.477481 2.460690
 1641.000000 2.552326 2.470471 2.619250 2.175847
 1642.000000 2.405845 2.589382 2.477359 2.318843
 1643.000000 2.505632 2.564628 2.664820 2.091487
 1644.000000 2.472672 2.600774 2.572422 2.055687
 1645.000000 2.588178 2.470487 2.514006 2.194074
 1646.000000 2.487529 2.578565 2.517253 2.460364
 1647.000000 2.521357 2.450770 2.612521 2.440807
 1648.000000 2.437395 2.498922 2.522321 2.069380
 1649.000000 2.474553 2.470523 2.564759 2.287152
 1650.000000 2.521352 2.558144 2.353036 2.101438
 1651.000000 2.410621 2.573831 2.585397 2.274564
 1652.000000 2.539802 2.452499 2.454255 2.308552
 1653.000000 2.480447 2.440482 2.404336 2.258308
 1654.000000 2.455705 2.513255 2.434410 2.339908
 1655.000000 2.424805 2.590808 2.405575 2.240648
 1656.000000 2.509636 2.708548 2.467118 2.107351
 1657.000000 2.467528 2.440833 2.449683 2.375845
 1658.000000 2.382101 2.602868 2.564048 2.116367
 1659.000000 2.461832 2.661000 2.467044 2.258801
 1660.000000 2.374898 2.573417 2.396122 2.031539
 1661.000000 2.440668 2.607790 2.433566 2.099474
 1662.000000 2.446964 2.522690 2.428497 2.291684
 1663.000000 2.381303 2.563630 2.743614 2.233672
 1664.000000 2.415107 2.643823 2.679570 2.265753
 1665.000000 2.477089 2.511279 2.556927 2.294071
 1666.000000 2.464252 2.449926 2.508016 2.290715
 1667.000000 2.404851 2.540159 2.560720 2.269018
 1668.000000 2.453030 2.571246 2.761398 2.276954
 1669.000000 2.448327 2.585070 2.621389 2.239632
 1670.000000 2.491621 2.621309 2.877151 2.152140
 1671.000000 2.518931 2.539941 2.593322 2.246757
 1672.000000 2.504512 2.528230 2.658061 2.043730
 1673.000000 2.428350 2.508243 2.594892 2.201420
 1674.000000 2.509685 2.580446 2.587128 1.989169
 1675.000000 2.509383 2.463554 2.598377 2.217351
 1676.000000 2.511766 2.480830 2.441086 2.208063
 1677.000000 2.413103 2.564669 2.680733 2.192630
 1678.000000 2.367944 2.558218 2.652590 2.160164
 1679.000000 2.444876 2.605515 2.656373 2.417718
 1680.000000 2.460198 2.466035 2.676844 2.248803
 1681.000000 2.421694 2.471223 2.597704 2.222544
 1682.000000 2.421718 2.727578 2.614014 2.182026
 1683.000000 2.381289 2.556274 2.649369 2.223003
 1684.000000 2.472330 2.514716 2.519747 2.228103
 1685.000000 2.474780 2.594570 2.597582 2.137903
 1686.000000 2.598684 2.521338 2.562291 2.114902
 1687.000000 2.434044 2.451385 2.682073 2.231698
 1688.000000 2.493082 2.622870 2.766799 2.028746
 1689.000000 2.398786 2.603809 2.649659 2.069808
 1690.000000 2.558168 2.523792 2.652182 2.222470
 1691.000000 2.513188 2.507656 2.600336 2.111889
 1692.000000 2.510070 2.578371 2.638107 2.100980
 1693.000000 2.492371 2.656056 2.587426 2.118349
 1694.000000 2.523538 2.641043 2.673862 2.100695
 1695.000000 2.557063 2.704493 2.765060 2.080129
 1696.000000 2.535548 2.502410 2.587636 2.055977
 1697.000000 2.357283 2.587438 2.596395 2.155455
 1698.000000 2.444243 2.559398 2.607541 2.044087
 1699.000000 2.443463 2.598075 2.636462 2.179172
 1700.000000 2.369442 2.598619 2.592394 1.999314
 1701.000000 2.433956 2.594669 2.603202 1.979586
 1702.000000 2.381558 2.622732 2.578737 2.104236
 1703.000000 2.577594 2.589857 2.533073 2.169594
 1704.000000 2.567912 2.558506 2.456035 2.221835
 1705.000000 2.409256 2.722078 2.317270 2.049963
 1706.000000 2.543649 2.566602 2.346388 2.098220
 1707.000000 2.370434 2.566909 2.595988 2.152600
 1708.000000 2.370760 2.830560 2.582282 1.967780
 1709.000000 2.553646 2.469264 2.656020 2.076773
 1710.000000 2.433046 2.613548 2.485277 1.952204
 1711.000000 2.490549 2.550601 2.628315 2.080038
 1712.000000 2.564629 2.565050 2.465558 2.078048
 1713.000000 2.514862 2.528769 2.670003 2.025881
 1714.000000 2.449794 2.538843 2.560080 2.043118
 1715.000000 2.539574 2.591434 2.556397 2.300640
 1716.000000 2.406494 2.624518 2.252613 2.064761
 1717.000000 2.527633 2.493952 2.514442 2.019075
 1718.000000 2.465646 2.463889 2.395218 1.914812
 1719.000000 2.389187 2.476814 2.608615 2.022737
 1720.000000 2.291645 2.435847 2.514262 1.941549
 1721.000000 2.454597 2.579145 2.432647 1.992603
 1722.000000 2.356355 2.529654 2.479635 1.954332
 1723.000000 2.403817 2.554633 2.631434 2.190288
 1724.000000 2.472500 2.544751 2.570678 2.129469
 1725.000000 2.354551 2.542852 2.483590 2.019450
 1726.000000 2.410894 2.541615 2.660629 2.165512
 1727.000000 2.539171 2.684857 2.472204 2.183438
 1728.000000 2.587286 2.654930 2.577826 2.215945
 1729.000000 2.409452 2.641163 2.500185 2.042832
 1730.000000 2.497784 2.589669 2.545494 2.047291
 1731.000000 2.434094 2.566867 2.594667 2.064526
 1732.000000 2.417605 2.521596 2.671041 1.978008
 1733.000000 2.521977 2.651122 2.697707 1.993171
 1734.000000 2.483117 2.695138 2.702471 2.080102
 1735.000000 2.450913 2.619179 2.786349 2.080093
 1736.000000 2.503994 2.583003 2.679050 1.924576
 1737.000000 2.466483 2.488239 2.430422 2.185754
 1738.000000 2.435141 2.588518 2.467292 2.057386
 1739.000000 2.495130 2.524483 2.435912 2.097746
 1740.000000 2.553249 2.575015 2.590756 1.946107
 1741.000000 2.507291 2.586263 2.459258 1.749600
 1742.000000 2.571740 2.706817 2.450193 2.017109
 1743.000000 2.467615 2.648542 2.735913 2.115410
 1744.000000 2.465255 2.558980 2.424451 1.944095
 1745.000000 2.421404 2.498984 2.351797 2.018593
 1746.000000 2.242172 2.698576 2.763944 2.104539
 1747.000000 2.384566 2.563414 2.682964 2.006404
 1748.000000 2.463082 2.588010 2.652113 2.083233
 1749.000000 2.371984 2.563189 2.540708 2.103422
 1750.000000 2.314943 2.662144 2.603114 2.123550
 1751.000000 2.292769 2.679896 2.665409 2.067552
 1752.000000 2.502810 2.610471 2.554352 2.241396
 1753.000000 2.446179 2.655340 2.636695 2.300827
 1754.000000 2.365061 2.509290 2.605648 2.045317
 1755.000000 2.501018 2.578592 2.438235 2.199507
 1756.000000 2.465152 2.540349 2.504899 2.098061
 1757.000000 2.442919 2.549399 2.524045 2.054473
 1758.000000 2.438169 2.638746 2.633759 2.082036
 1759.000000 2.527545 2.521101 2.550700 2.094030
 1760.000000 2.472831 2.627767 2.565969 2.165680
 1761.000000 2.446280 2.764624 2.588917 2.037149
 1762.000000 2.390556 2.549590 2.534639 2.187425
 1763.000000 2.482017 2.671802 2.640933 2.128869
 1764.000000 2.421490 2.579579 2.682564 2.103106
 1765.000000 2.483033 2.414053 2.602291 2.177045
 1766.000000 2.500682 2.504369 2.541366 2.199805
 1767.000000 2.365002 2.722685 2.758670 2.257071
 1768.000000 2.418319 2.517842 2.603285 2.028803
 1769.000000 2.386795 2.537674 2.549855 2.168418
 1770.000000 2.316891 2.607011 2.643582 2.203181
 1771.000000 2.447258 2.371772 2.589831 2.150696
 1772.000000 2.567642 2.499888 2.574032 1.989865
 1773.000000 2.415685 2.483019 2.572516 2.158417
 1774.000000 2.354381 2.521880 2.515409 2.050026
 1775.000000 2.387963 2.694891 2.606289 2.212082
 1776.000000 2.415100 2.510310 2.433977 2.160593
 1777.000000 2.467887 2.478472 2.587425 2.144502
 1778.000000 2.437828 2.476936 2.535354 2.125735
 1779.000000 2.408255 2.569507 2.488359 2.193143
 1780.000000 2.444807 2.543031 2.415285 2.139686
 1781.000000 2.271675 2.487235 2.554307 2.059462
 1782.000000 2.490257 2.508813 2.485721 2.219557
 1783.000000 2.271590 2.461515 2.558741 1.860474
 1784.000000 2.424165 2.443383 2.689080 2.183644
 1785.000000 2.386786 2.474632 2.629561 2.139263
 1786.000000 2.332028 2.423589 2.706136 2.039011
 1787.000000 2.425276 2.513822 2.605695 2.314449
 1788.000000 2.372282 2.358154 2.641648 2.144161
 1789.000000 2.421531 2.446124 2.548383 2.178442
 1790.000000 2.491774 2.685076 2.297712 2.234668
 1791.000000 2.496361 2.493749 2.393622 2.353368
 1792.000000 2.481539 2.525960 2.556693 1.999674
 1793.000000 2.423172 2.499788 2.479968 2.123247
 1794.000000 2.551950 2.493396 2.503584 2.162580
 1795.000000 2.461926 2.436055 2.532432 2.354133
 1796.000000 2.261247 2.282282 2.480072 2.125489
 1797.000000 2.459061 2.603728 2.509796 2.096147
 1798.000000 2.426679 2.631367 2.599767 2.179451
 1799.000000 2.538499 2.645784 2.413370 2.215352
 1800.000000 2.436732 2.675880 2.479825 2.123019
 1801.000000 2.447238 2.535695 2.526081 2.074505
 1802.000000 2.432466 2.644911 2.552758 2.267845
 1803.000000 2.405789 2.493647 2.550022 2.102109
 1804.000000 2.386425 2.447619 2.637732 2.083067
 1805.000000 2.370692 2.392663 2.581106 2.262660
 1806.000000 2.486130 2.619456 2.478268 2.183049
 1807.000000 2.426386 2.640063 2.443974 2.137226
 1808.000000 2.402807 2.562581 2.460251 2.123782
 1809.000000 2.442293 2.456214 2.611259 2.262763
 1810.000000 2.340689 2.503423 2.469293 2.283981
 1811.000000 2.505259 2.476897 2.658982 2.105534
 1812.000000 2.415129 2.347834 2.550598 2.027570
 1813.000000 2.418915 2.490068 2.434987 2.067620
 1814.000000 2.537566 2.537530 2.441717 2.242789
 1815.000000 2.426971 2.388979 2.570811 2.214059
 1816.000000 2.440694 2.505290 2.562160 2.198864
 1817.000000 2.427426 2.579792 2.526177 2.096561
 1818.000000 2.462531 2.568999 2.520735 2.149978
 1819.000000 2.533767 2.689734 2.504326 2.002382
 1820.000000 2.555528 2.464831 2.539706 2.291266
 1821.000000 2.419167 2.460692 2.429683 2.248945
 1822.000000 2.458574 2.614905 2.551810 2.145615
 1823.000000 2.635281 2.570439 2.457995 2.228343
 1824.000000 2.435145 2.651652 2.507561 2.260487
 1825.000000 2.461433 2.539822 2.659391 2.311269
 1826.000000 2.479587 2.560306 2.602536 2.224595
 1827.000000 2.477523 2.545580 2.665478 2.287049
 1828.000000 2.477890 2.524244 2.482555 2.188781
 1829.000000 2.542263 2.633437 2.535471 2.288180
 1830.000000 2.397846 2.421048 2.594795 2.132528
 1831.000000 2.439841 2.583418 2.617325 2.369418
 1832.000000 2.539024 2.537084 2.630091 2.113612
 1833.000000 2.504377 2.457416 2.643729 2.365529
 1834.000000 2.434741 2.354817 2.477420 2.233442
 1835.000000 2.494486 2.537536 2.517671 2.217036
 1836.000000 2.562361 2.545737 2.608512 2.165963
 1837.000000 2.466360 2.474040 2.747767 2.214691
 1838.000000 2.479457 2.559495 2.392385 2.085992
 1839.000000 2.564431 2.334912 2.510823 2.016092
 1840.000000 2.416258 2.570877 2.482170 2.121361
 1841.000000 2.475182 2.467764 2.603215 2.060708
 1842.000000 2.569237 2.402159 2.601762 1.892169
 1843.000000 2.501142 2.574839 2.587662 2.176051
 1844.000000 2.504122 2.582644 2.611711 2.201472
 1845.000000 2.493526 2.513040 2.575406 2.209459
 1846.000000 2.395312 2.577355 2.677537 2.094766
 1847.000000 2.529218 2.430093 2.478931 2.058257
 1848.000000 2.421354 2.388100 2.610907 2.203332
 1849.000000 2.428568 2.471288 2.491266 2.182053
 1850.000000 2.500142 2.431833 2.584103 2.170300
 1851.000000 2.388008 2.548992 2.685332 2.044620
 1852.000000 2.537048 2.424564 2.620477 2.250397
 1853.000000 2.400070 2.581719 2.676370 2.044676
 1854.000000 2.542957 2.452069 2.457842 2.325882
 1855.000000 2.449074 2.522480 2.389440 2.251907
 1856.000000 2.414989 2.490682 2.622958 2.179333
 1857.000000 2.460788 2.745359 2.480729 2.201947
 1858.000000 2.505497 2.442487 2.601666 2.177499
 1859.000000 2.548888 2.562613 2.633532 2.172950
 1860.000000 2.394107 2.419302 2.602243 2.239768
 1861.000000 2.563138 2.543235 2.546141 2.299462
 1862.000000 2.541826 2.534187 2.729213 2.360530
 1863.000000 2.552693 2.387613 2.652935 2.370595
 1864.000000 2.462866 2.478493 2.709231 2.147828
 1865.000000 2.451292 2.561052 2.562182 2.148634
 1866.000000 2.385068 2.367679 2.513936 2.157355
 1867.000000 2.451651 2.577951 2.509863 1.994783
 1868.000000 2.422717 2.642169 2.438262 2.196489
 1869.000000 2.548713 2.497354 2.574844 2.235679
 1870.000000 2.526223 2.427338 2.449864 2.057172
 1871.000000 2.453171 2.509086 2.584195 2.183669
 1872.000000 2.580665 2.373618 2.693134 2.129842
 1873.000000 2.431352 2.353494 2.327118 2.016974
 1874.000000 2.466842 2.600407 2.701933 2.108362
 1875.000000 2.498339 2.455598 2.564416 2.171552
 1876.000000 2.516575 2.539270 2.546593 2.187231
 1877.000000 2.439071 2.561969 2.547216 2.107794
 1878.000000 2.393967 2.428187 2.576705 1.967391
 1879.000000 2.462495 2.543235 2.550298 2.146063
 1880.000000 2.507587 2.621033 2.652720 2.161635
 1881.000000 2.472739 2.573705 2.699012 2.170122
 1882.000000 2.367721 2.454209 2.683173 2.174594
 1883.000000 2.562289 2.516753 2.551055 2.146932
 1884.000000 2.462269 2.532800 2.598442 2.230829
 1885.000000 2.460530 2.513952 2.577713 2.065178
 1886.000000 2.371600 2.599663 2.665424 2.041751
 1887.000000 2.330485 2.566333 2.694468 2.078223
 1888.000000 2.389770 2.633522 2.586430 2.086224
 1889.000000 2.456949 2.624647 2.574249 2.225171
 1890.000000 2.286957 2.636089 2.418376 2.077059
 1891.000000 2.402927 2.562803 2.505973 2.106159
 1892.000000 2.450210 2.626253 2.503622 2.102613
 1893.000000 2.465260 2.596495 2.593102 2.052780
 1894.000000 2.393039 2.552980 2.486014 2.159510
 1895.000000 2.374543 2.625366 2.559298 2.128534
 1896.000000 2.402641 2.579476 2.557037 2.120921
 1897.000000 2.377674 2.544354 2.654038 2.230986
 1898.000000 2.469114 2.659698 2.604294 1.292843
 1899.000000 2.467020 2.558600 2.377743 1.312875
 1900.000000 2.410459 2.454670 2.445869 1.426724
 1901.000000 2.466899 2.550030 2.590398 1.266621
 1902.000000 2.459381 2.551909 2.663299 1.401918
 1903.000000 2.446234 2.601246 2.483073 1.281219
 1904.000000 2.352040 2.476657 2.584071 1.318477
 1905.000000 2.289555 2.524662 2.575202 1.420386
 1906.000000 2.354065 2.582060 2.646295 1.361100
 1907.000000 2.387137 2.593697 2.665712 1.248431
 1908.000000 2.187381 2.591553 2.565188 1.424599
 1909.000000 2.369578 2.474207 2.506656 1.407804
 1910.000000 2.437559 2.495061 2.674730 1.390049
 1911.000000 2.383157 2.474910 2.676141 1.377777
 1912.000000 2.245354 2.397125 2.449943 1.181155
 1913.000000 2.244671 2.303301 2.654408 1.214888
 1914.000000 2.300012 2.394252 2.582379 1.203436
 1915.000000 2.388834 2.369639 2.605704 1.228775
 1916.000000 2.379368 2.324640 2.537629 1.205486
 1917.000000 2.279865 2.381994 2.622297 1.204188
 1918.000000 2.378259 2.389045 2.434485 1.338125
 1919.000000 2.454426 2.379392 2.509423 1.323814
 1920.000000 2.478625 2.358009 2.606501 1.350978
 1921.000000 2.394112 2.589768 2.458673 1.340361
 1922.000000 2.366182 2.543262 2.562533 1.402854
 1923.000000 2.367885 2.357778 2.442897 1.390824
 1924.000000 2.429969 2.382841 2.581272 1.330973
 1925.000000 2.340435 2.413851 2.611764 1.406129
 1926.000000 2.452100 2.372066 2.572189 1.412932
 1927.000000 2.397726 2.321518 2.510674 1.656322
 1928.000000 2.434520 2.319023 2.527547 1.456855
 1929.000000 2.312709 2.448223 2.688404 1.612198
 1930.000000 2.388567 2.288392 2.516150 1.515046
 1931.000000 2.346065 2.348209 2.605204 1.480564
 1932.000000 2.452668 2.266601 2.576397 1.675034
 1933.000000 2.429862 2.453613 2.609001 1.521513
 1934.000000 2.518084 2.251490 2.644889 1.563920
 1935.000000 2.440145 2.401447 2.518543 1.606598
 1936.000000 2.545406 2.465221 2.572863 1.439435
 1937.000000 2.518555 2.486028 2.652877 1.424826
 1938.000000 2.399557 2.386507 2.619129 1.224299
 1939.000000 2.421971 2.510445 2.587366 1.365239
 1940.000000 2.358656 2.393729 2.470301 1.269771
 1941.000000 2.355735 2.588326 2.552488 1.387108
 1942.000000 2.364017 2.411796 2.695115 1.556255
 1943.000000 2.460207 2.433253 2.519054 1.405390
 1944.000000 2.358967 2.420811 2.632748 1.418614
 1945.000000 2.395415 2.610280 2.555636 1.559522
 1946.000000 2.481045 2.625003 2.661564 1.420163
 1947.000000 2.336417 2.367954 2.509265 1.400851
 1948.000000 2.386439 2.539451 2.472602 1.648449
 1949.000000 2.522814 2.403661 2.539069 1.550909
 1950.000000 2.462419 2.525963 2.608439 1.466107
 1951.000000 2.445815 2.568443 2.550436 1.477663
 1952.000000 2.448866 2.511330 2.627741 1.358903
 1953.000000 2.479636 2.490155 2.428589 1.642215
 1954.000000 2.429610 2.479387 2.415565 1.452901
 1955.000000 2.453340 2.597688 2.340282 1.446997
 1956.000000 2.527037 2.420598 2.472547 1.289674
 1957.000000 2.497429 2.458823 2.593107 1.261114
 1958.000000 2.530887 2.473361 2.484528 1.309889
 1959.000000 2.425733 2.459882 2.517325 1.259330
 1960.000000 2.423416 2.502254 2.704119 1.338708
 1961.000000 2.555743 2.558441 2.720903 1.452520
 1962.000000 2.463667 2.614056 2.477897 1.643037
 1963.000000 2.509809 2.684926 2.655131 1.455157
 1964.000000 2.417084 2.507929 2.509774 1.526595
 1965.000000 2.503977 2.570486 2.598303 1.085612
 1966.000000 2.320413 2.454992 2.520582 1.255038
 1967.000000 2.287391 2.524345 2.664322 1.202633
 1968.000000 2.438906 2.492995 2.691825 1.068490
 1969.000000 2.254362 2.366248 2.583055 1.118796
 1970.000000 2.331512 2.502136 2.505392 0.813011
 1971.000000 2.356086 2.436690 2.551071 1.179917
 1972.000000 2.464970 2.531584 2.638210 0.956504
 1973.000000 2.429494 2.446667 2.451640 1.046722
 1974.000000 2.513154 2.428664 2.677822 1.100599
 1975.000000 2.464835 2.396046 2.664379 1.198497
 1976.000000 2.339660 2.358878 2.503971 1.182910
 1977.000000 2.422856 2.601512 2.489470 1.142566
 1978.000000 2.308979 2.450652 2.662688 0.942667
 1979.000000 2.410357 2.546955 2.589201 0.976876
 1980.000000 2.351406 2.602780 2.441319 1.160220
 1981.000000 2.365140 2.567978 2.595112 1.008712
 1982.000000 2.373473 2.621817 2.431833 1.113792
 1983.000000 2.649246 2.572540 2.677429 1.144765
 1984.000000 2.361131 2.535326 2.410610 1.048743
 1985.000000 2.265162 2.586868 2.543946 0.921645
 1986.000000 2.439200 2.527459 2.588702 1.122540
 1987.000000 2.383398 2.425470 2.466763 1.213363
 1988.000000 2.382196 2.588447 2.690573 1.357084
 1989.000000 2.298667 2.396686 2.518375 1.262082
 1990.000000 2.248620 2.463814 2.523550 1.431278
 1991.000000 2.350903 2.342829 2.375312 1.434315
 1992.000000 2.451548 2.375690 2.428247 1.366563
 1993.000000 2.348126 2.411026 2.299981 1.147193
 1994.000000 2.448429 2.364386 2.523105 1.211961
 1995.000000 2.359664 2.358458 2.483677 1.060972
 1996.000000 2.410503 2.426538 2.357179 1.231656
 1997.000000 2.466821 2.493612 2.256569 1.292196
 1998.000000 2.492503 2.354527 2.458468 1.435837
 1999.000000 2.477411 2.507968 2.618357 1.127166
 2000.000000 2.450569 2.407063 2.543449 0.999993
