102.06000518798828
101.68000030517578
102.08000183105469
101.93000793457031
101.11000061035156
101.29000854492188
103.8600082397461
101.81999969482422
103.22000122070313
101.88999938964844
103.0300064086914
103.56001281738281
104.18000030517578
103.05000305175781
102.21000671386719
105.23001098632813
104.54000854492188
104.4100112915039
103.63999938964844
102.69000244140625
103.34000396728516
104.80000305175781
103.65000915527344
102.64000701904297
102.84000396728516
102.3800048828125
102.47000885009766
102.38999938964844
102.66000366210938
103.32000732421875
101.58000946044922
100.79000854492188
101.7300033569336
102.51000213623047
101.13999938964844
102.07000732421875
104.77000427246094
103.3800048828125
102.92000579833984
102.01000213623047
103.08000183105469
102.36000061035156
101.17000579833984
100.16000366210938
100.39000701904297
100.73001098632813
101.55000305175781
100.02999877929688
100.4800033569336
100.07000732421875
103.39000701904297
101.49000549316406
100.84000396728516
103.45000457763672
103.36000061035156
102.86000061035156
103.37001037597656
104.33000183105469
104.34001159667969
104.52000427246094
103.8800048828125
102.2800064086914
104.11000061035156
102.41000366210938
103.17000579833984
103.30001068115234
101.02000427246094
101.87000274658203
100.26000213623047
102.3800048828125
101.24000549316406
101.83999633789063
100.97000122070313
101.3800048828125
103.13999938964844
101.81999969482422
102.96000671386719
102.09000396728516
103.26000213623047
102.71000671386719
103.60000610351563
104.70000457763672
102.84000396728516
102.69000244140625
103.49000549316406
103.1100082397461
103.27999877929688
103.76000213623047
101.10000610351563
99.37000274658203
101.61000061035156
101.6300048828125
101.5300064086914
102.4800033569336
103.0
101.61000061035156
103.15000915527344
101.75
102.36000061035156
102.58000183105469
103.02000427246094
101.61000061035156
104.87000274658203
104.19999694824219
102.02000427246094
103.33000183105469
103.91999816894531
104.42000579833984
104.95001220703125
104.91000366210938
107.68000793457031
106.77000427246094
104.260009765625
106.65000915527344
106.75
106.4000015258789
105.69000244140625
104.87000274658203
104.24000549316406
105.33000946044922
104.44000244140625
102.18000793457031
102.44000244140625
102.89000701904297
101.81999969482422
103.5
102.2300033569336
101.12000274658203
102.19001007080078
103.0
99.92000579833984
100.8800048828125
102.35000610351563
103.0300064086914
102.12001037597656
103.20999908447266
102.09000396728516
102.66000366210938
103.74000549316406
102.76000213623047
103.75000762939453
102.45001220703125
103.05000305175781
102.75000762939453
100.87001037597656
102.36000061035156
101.43000793457031
102.4800033569336
103.46000671386719
102.18000793457031
100.56000518798828
102.9800033569336
101.58000946044922
101.44000244140625
100.72000122070313
101.29000854492188
101.8600082397461
104.08000946044922
104.52999877929688
102.49000549316406
101.30000305175781
101.04000091552734
103.0
104.29000854492188
102.60000610351563
103.4800033569336
103.32000732421875
103.5300064086914
103.3499984741211
104.52999877929688
105.12000274658203
104.94000244140625
102.34000396728516
103.87000274658203
102.37000274658203
103.87000274658203
102.66999816894531
104.74000549316406
102.93000030517578
105.19000244140625
105.260009765625
104.82000732421875
104.93000030517578
104.34001159667969
104.05999755859375
104.04000091552734
105.44000244140625
105.33000946044922
104.54000854492188
104.44000244140625
102.90000915527344
104.3800048828125
103.9000015258789
104.50000762939453
103.10000610351563
103.26000213623047
104.27000427246094
105.10000610351563
105.9000015258789
102.80000305175781
104.43000793457031
103.76000213623047
104.91000366210938
104.49000549316406
105.44999694824219
105.5
104.17000579833984
105.01000213623047
104.7800064086914
106.510009765625
105.16000366210938
104.67001342773438
104.0300064086914
103.06000518798828
103.46000671386719
102.27000427246094
102.1500015258789
102.80000305175781
102.20000457763672
101.39000701904297
102.66000366210938
104.19000244140625
103.10000610351563
103.39000701904297
101.7300033569336
104.25
103.74000549316406
103.6300048828125
103.81000518798828
103.3800048828125
103.63999938964844
103.18000793457031
103.91000366210938
102.32000732421875
102.82000732421875
102.54000854492188
101.79000854492188
103.1100082397461
101.50000762939453
100.97000122070313
101.81999969482422
103.3499984741211
102.77000427246094
103.1100082397461
102.05001068115234
101.85000610351563
102.43000030517578
102.37000274658203
103.22000122070313
101.35000610351563
105.5300064086914
103.85000610351563
102.84000396728516
102.85000610351563
101.41000366210938
103.82000732421875
102.62000274658203
102.76000213623047
103.42001342773438
103.91000366210938
103.46000671386719
104.58000183105469
102.7800064086914
103.71000671386719
103.65000915527344
103.37001037597656
104.31000518798828
101.83000183105469
103.31000518798828
103.62000274658203
102.74000549316406
102.6500015258789
103.0300064086914
102.45001220703125
102.260009765625
102.52999877929688
103.41000366210938
103.4800033569336
104.3800048828125
102.77000427246094
103.27000427246094
102.14000701904297
104.62001037597656
103.510009765625
102.33000946044922
104.42000579833984
103.61000061035156
103.10000610351563
102.86000061035156
103.1600112915039
103.39000701904297
103.54000091552734
101.87000274658203
100.73001098632813
102.38999938964844
101.90000915527344
104.37000274658203
103.3499984741211
104.16000366210938
103.72000885009766
104.08000946044922
103.54000091552734
101.06001281738281
102.29000091552734
103.19000244140625
101.95000457763672
102.20000457763672
103.1300048828125
104.25
101.33000183105469
103.83000183105469
102.72000122070313
103.83000183105469
103.47000122070313
103.45000457763672
102.77000427246094
103.79000854492188
104.47000122070313
104.68000793457031
102.94999694824219
103.46000671386719
105.16000366210938
105.25000762939453
103.010009765625
102.01000213623047
102.07000732421875
101.31000518798828
101.51000213623047
104.61000061035156
102.82000732421875
104.31999969482422
105.07000732421875
105.91000366210938
104.19999694824219
105.00000762939453
104.51000213623047
104.29000854492188
105.94001007080078
105.44000244140625
105.70000457763672
107.02999877929688
106.11000061035156
105.35000610351563
104.34001159667969
103.23001098632813
102.9800033569336
104.91000366210938
105.1100082397461
106.5300064086914
106.69000244140625
104.71000671386719
105.39000701904297
105.05000305175781
104.00000762939453
104.97000885009766
105.08000183105469
104.02000427246094
103.87000274658203
103.010009765625
104.2300033569336
105.02999877929688
104.67001342773438
104.45000457763672
104.49000549316406
103.97000122070313
105.02000427246094
102.86000061035156
103.89000701904297
103.23001098632813
101.75
104.10000610351563
103.45000457763672
103.06000518798828
102.21000671386719
103.79000854492188
103.45000457763672
102.6100082397461
101.12000274658203
100.42000579833984
101.32000732421875
101.32000732421875
99.29000854492188
100.70999908447266
101.93000793457031
100.1300048828125
101.19000244140625
102.6500015258789
101.80000305175781
101.65000915527344
101.09000396728516
101.81000518798828
101.81999969482422
101.3800048828125
102.24000549316406
101.04000091552734
103.65000915527344
102.80999755859375
102.74000549316406
103.81000518798828
102.85000610351563
103.010009765625
102.4800033569336
104.25
101.55000305175781
101.41999816894531
100.72000122070313
103.96000671386719
104.51000213623047
102.6100082397461
102.25
101.39000701904297
101.0
103.25000762939453
101.72000885009766
102.32000732421875
102.32000732421875
103.04000854492188
101.31000518798828
102.18000793457031
101.98001098632813
101.11000061035156
102.6100082397461
100.86000061035156
101.10000610351563
101.48001098632813
101.59000396728516
102.45001220703125
100.19000244140625
103.13999938964844
102.80000305175781
104.75
103.87000274658203
103.66000366210938
103.85000610351563
103.82000732421875
102.80999755859375
103.83000183105469
103.91000366210938
103.91999816894531
102.36000061035156
103.37001037597656
103.39000701904297
103.1600112915039
101.87000274658203
104.02000427246094
102.30000305175781
103.52000427246094
103.05000305175781
102.47000885009766
103.5300064086914
102.56000518798828
103.54000091552734
103.25000762939453
102.68000793457031
104.24000549316406
103.1600112915039
102.42000579833984
101.30000305175781
101.6300048828125
103.4800033569336
102.70000457763672
102.05001068115234
102.92000579833984
102.00000762939453
102.40000915527344
104.31999969482422
104.19000244140625
101.47000122070313
102.20000457763672
101.90000915527344
103.5
102.77000427246094
102.86000061035156
102.33000946044922
102.46000671386719
102.51000213623047
102.54000854492188
103.4800033569336
102.73001098632813
102.60000610351563
100.77000427246094
101.31000518798828
100.60000610351563
101.69999694824219
100.77999877929688
101.33000183105469
102.57000732421875
102.8800048828125
102.43000030517578
102.36000061035156
100.46000671386719
100.6600112915039
101.55000305175781
101.55999755859375
100.95000457763672
100.73001098632813
100.44999694824219
102.02999877929688
102.72000122070313
101.8600082397461
102.1500015258789
102.92000579833984
101.11000061035156
101.34001159667969
102.83000946044922
101.39000701904297
101.44000244140625
101.47000122070313
99.38999938964844
99.30000305175781
101.20001220703125
100.96000671386719
103.29000854492188
101.83000183105469
102.52999877929688
102.76000213623047
103.45000457763672
103.8800048828125
104.30000305175781
100.34000396728516
101.80000305175781
104.29000854492188
102.86000061035156
100.70999908447266
102.1300048828125
104.38999938964844
103.1100082397461
105.39000701904297
104.81001281738281
103.5300064086914
104.52999877929688
103.1100082397461
103.93000793457031
103.70001220703125
102.96000671386719
103.27000427246094
103.1600112915039
103.08999633789063
102.80999755859375
102.41000366210938
102.24000549316406
103.17000579833984
101.9100112915039
103.06999969482422
103.85000610351563
104.91000366210938
104.2800064086914
105.1300048828125
105.07000732421875
105.5300064086914
106.18000030517578
105.1300048828125
104.97000885009766
104.05999755859375
104.45000457763672
104.34001159667969
104.66000366210938
102.66000366210938
102.91000366210938
104.35000610351563
103.8600082397461
103.12000274658203
102.68000793457031
104.27000427246094
103.5
103.67000579833984
103.18000793457031
102.55000305175781
103.0300064086914
104.04000091552734
102.47000885009766
103.55000305175781
104.52000427246094
104.7800064086914
104.01000213623047
103.61000061035156
101.46000671386719
100.68000793457031
102.45001220703125
103.24000549316406
102.19001007080078
103.1100082397461
103.77000427246094
104.81001281738281
104.760009765625
105.32000732421875
104.17000579833984
103.95000457763672
101.92000579833984
101.52000427246094
101.97000122070313
102.32000732421875
103.41000366210938
104.68000793457031
102.50000762939453
103.69000244140625
104.15000915527344
101.61000061035156
103.82000732421875
102.73001098632813
103.27999877929688
103.06999969482422
99.7300033569336
101.7800064086914
102.84000396728516
101.58000946044922
100.8800048828125
102.00000762939453
102.97000885009766
102.38999938964844
102.45001220703125
102.74000549316406
101.8800048828125
103.77000427246094
102.08000183105469
102.32000732421875
100.76000213623047
101.77000427246094
100.99000549316406
102.60000610351563
103.08000183105469
102.70000457763672
104.4100112915039
104.47000122070313
103.91999816894531
104.51000213623047
102.90000915527344
105.19000244140625
102.96000671386719
104.30000305175781
103.61000061035156
103.02000427246094
103.22000122070313
102.9800033569336
103.77000427246094
102.87001037597656
103.05000305175781
102.85000610351563
103.80000305175781
104.52000427246094
104.58000183105469
103.84001159667969
105.41000366210938
103.44001007080078
103.36000061035156
103.91999816894531
103.74000549316406
104.62001037597656
103.5
101.80000305175781
103.8800048828125
102.92000579833984
103.83000183105469
101.61000061035156
103.58000946044922
102.20000457763672
101.95999908447266
103.23001098632813
101.05000305175781
103.99000549316406
104.33000183105469
104.01000213623047
104.69001007080078
104.94000244140625
104.50000762939453
103.67000579833984
103.97000122070313
104.09000396728516
103.60000610351563
105.01000213623047
104.6300048828125
104.71000671386719
103.63999938964844
103.45000457763672
103.91000366210938
103.99000549316406
103.13999938964844
103.27000427246094
102.38999938964844
104.31000518798828
102.79000091552734
104.05999755859375
103.77999877929688
105.07000732421875
103.44001007080078
102.83000946044922
102.82000732421875
103.31000518798828
103.43000793457031
103.42001342773438
100.76000213623047
101.62001037597656
101.50000762939453
99.11000061035156
102.1500015258789
103.39000701904297
102.94999694824219
102.87001037597656
100.58999633789063
101.34001159667969
101.47000122070313
102.71000671386719
101.79000854492188
102.02000427246094
103.33000183105469
103.98001098632813
102.64000701904297
102.30000305175781
99.99000549316406
103.27000427246094
103.70001220703125
103.1600112915039
103.18000793457031
102.96000671386719
104.09000396728516
104.44000244140625
104.19000244140625
103.05000305175781
104.0300064086914
103.60000610351563
104.760009765625
103.74000549316406
103.55000305175781
102.3800048828125
104.16000366210938
104.52999877929688
104.90000915527344
104.52999877929688
103.94000244140625
104.9800033569336
105.76000213623047
104.99000549316406
105.09001159667969
104.27000427246094
103.83000183105469
105.68000793457031
105.89000701904297
104.54000854492188
106.45000457763672
106.98001098632813
105.00000762939453
106.04000091552734
105.73001098632813
104.66000366210938
103.31000518798828
103.4800033569336
104.2300033569336
102.89000701904297
102.25
102.75000762939453
104.74000549316406
104.47000122070313
104.71000671386719
104.4100112915039
103.5300064086914
103.93000793457031
104.48001098632813
104.260009765625
104.56000518798828
104.62001037597656
105.75000762939453
104.74000549316406
104.69001007080078
103.58000946044922
104.3800048828125
103.94000244140625
105.39000701904297
104.66000366210938
104.0300064086914
101.760009765625
102.34000396728516
102.85000610351563
103.0300064086914
104.9800033569336
102.55000305175781
104.51000213623047
100.93000793457031
104.43000793457031
103.39000701904297
104.62001037597656
103.71000671386719
102.20000457763672
103.39000701904297
103.1100082397461
103.69000244140625
104.00000762939453
102.62000274658203
101.87000274658203
103.84001159667969
102.91000366210938
103.96000671386719
103.3499984741211
103.61000061035156
102.33000946044922
101.66000366210938
103.47000122070313
104.05999755859375
104.45999908447266
105.19000244140625
106.55000305175781
105.09001159667969
104.62001037597656
105.35000610351563
105.72000122070313
106.26000213623047
105.1100082397461
104.44000244140625
105.73001098632813
104.14000701904297
103.9000015258789
103.65000915527344
105.44000244140625
104.38999938964844
103.8600082397461
104.44000244140625
105.63999938964844
107.00000762939453
105.5
103.85000610351563
105.02999877929688
106.24000549316406
103.8800048828125
104.85000610351563
105.20000457763672
104.52000427246094
105.52000427246094
105.1500015258789
105.04000854492188
104.24000549316406
102.92000579833984
104.05000305175781
104.31999969482422
101.87000274658203
103.04000854492188
103.1100082397461
102.2300033569336
102.55000305175781
102.17001342773438
102.8800048828125
101.13999938964844
103.08000183105469
102.9800033569336
104.15000915527344
105.05000305175781
103.59000396728516
103.10000610351563
102.02000427246094
102.32000732421875
102.84000396728516
103.5
104.18000030517578
105.21000671386719
105.1100082397461
104.35000610351563
102.90000915527344
103.20999908447266
103.43000793457031
103.08000183105469
103.06000518798828
102.60000610351563
102.55000305175781
101.04000091552734
102.31001281738281
101.61000061035156
101.1300048828125
103.24000549316406
102.66999816894531
101.87000274658203
101.7300033569336
103.31000518798828
101.15000915527344
101.72000885009766
101.49000549316406
103.0300064086914
101.19000244140625
102.49000549316406
102.94999694824219
104.01000213623047
103.43000793457031
103.66000366210938
105.39000701904297
104.58000183105469
104.54000854492188
105.04000854492188
105.30000305175781
104.70000457763672
105.44000244140625
105.05000305175781
105.46000671386719
105.93000793457031
107.54000854492188
106.8800048828125
106.81999969482422
105.97000122070313
106.510009765625
105.18000793457031
106.41999816894531
106.98001098632813
106.08000946044922
106.93000793457031
105.39000701904297
105.8800048828125
105.6300048828125
106.92000579833984
105.49000549316406
106.510009765625
105.01000213623047
105.33000946044922
104.6500015258789
104.14000701904297
103.91999816894531
105.56000518798828
103.71000671386719
102.86000061035156
103.61000061035156
104.31000518798828
102.49000549316406
104.10000610351563
104.33000183105469
104.52999877929688
105.59001159667969
103.8600082397461
103.47000122070313
104.08000946044922
104.3600082397461
103.93000793457031
104.12001037597656
104.52999877929688
103.56001281738281
104.34001159667969
105.29000091552734
106.1300048828125
105.04000854492188
104.6300048828125
106.55000305175781
106.50000762939453
105.47000885009766
105.35000610351563
105.10000610351563
105.1300048828125
107.60000610351563
104.88999938964844
105.40000915527344
103.66000366210938
102.08000183105469
104.2300033569336
104.35000610351563
106.5300064086914
105.02000427246094
105.77000427246094
105.07000732421875
105.70000457763672
104.34001159667969
104.31000518798828
105.22000122070313
103.57000732421875
102.43000030517578
103.98001098632813
103.77999877929688
103.68000030517578
101.98001098632813
104.40000915527344
105.02000427246094
101.85000610351563
103.69000244140625
103.02000427246094
103.74000549316406
104.94000244140625
104.43000793457031
103.69000244140625
104.48001098632813
104.3800048828125
104.52999877929688
105.83000183105469
106.59000396728516
107.66000366210938
105.70999908447266
105.41000366210938
105.76000213623047
106.6300048828125
105.5
105.82000732421875
106.510009765625
104.31999969482422
105.95000457763672
104.90000915527344
105.25000762939453
104.0300064086914
105.44999694824219
105.62000274658203
105.04000854492188
103.41000366210938
105.56999969482422
104.45999908447266
105.52000427246094
105.09001159667969
106.0300064086914
106.44000244140625
105.260009765625
103.97000122070313
106.58000946044922
106.41999816894531
105.65000915527344
105.00000762939453
105.19000244140625
106.5300064086914
105.73001098632813
104.99000549316406
105.86000061035156
105.55000305175781
104.27000427246094
103.99000549316406
106.25000762939453
104.2800064086914
104.22000885009766
104.47000122070313
105.41000366210938
104.74000549316406
105.46000671386719
103.89000701904297
104.05999755859375
104.19999694824219
103.5300064086914
104.91000366210938
105.29000091552734
106.57000732421875
106.72000885009766
107.7800064086914
106.85000610351563
105.70999908447266
105.79000854492188
103.91999816894531
104.10000610351563
105.77000427246094
105.59001159667969
105.89000701904297
105.00000762939453
105.62000274658203
104.80000305175781
103.85000610351563
104.44000244140625
104.07000732421875
105.21000671386719
104.72000122070313
104.70000457763672
104.88999938964844
106.2300033569336
106.52000427246094
107.45001220703125
105.10000610351563
105.10000610351563
103.20000457763672
103.10000610351563
102.02000427246094
102.50000762939453
103.0
105.69000244140625
105.75000762939453
104.3600082397461
105.40000915527344
105.42000579833984
104.37000274658203
105.94001007080078
103.77000427246094
102.27000427246094
103.13999938964844
103.71000671386719
103.84001159667969
103.56001281738281
101.10000610351563
102.96000671386719
103.69000244140625
103.18000793457031
102.59001159667969
103.26000213623047
103.0
103.93000793457031
104.12001037597656
103.67000579833984
102.09000396728516
103.71000671386719
103.99000549316406
104.99000549316406
103.010009765625
102.52999877929688
102.84000396728516
100.89000701904297
101.74000549316406
102.12001037597656
102.62000274658203
100.60000610351563
99.05000305175781
100.06000518798828
101.33000183105469
100.46000671386719
102.44000244140625
103.08999633789063
103.4800033569336
103.89000701904297
104.0300064086914
103.22000122070313
102.85000610351563
103.25000762939453
103.08999633789063
102.86000061035156
102.60000610351563
101.3800048828125
100.76000213623047
100.94001007080078
100.55000305175781
99.9800033569336
101.51000213623047
103.15000915527344
102.09000396728516
101.09000396728516
100.33000946044922
100.56999969482422
99.94000244140625
102.57000732421875
101.9100112915039
100.33000946044922
100.82000732421875
99.87000274658203
100.91000366210938
101.760009765625
101.90000915527344
101.74000549316406
102.74000549316406
102.07000732421875
102.66999816894531
102.58000183105469
101.80000305175781
103.43000793457031
103.93000793457031
103.24000549316406
103.29000854492188
103.56001281738281
104.47000122070313
103.8600082397461
102.86000061035156
105.16000366210938
103.75000762939453
103.5300064086914
104.80000305175781
103.56001281738281
103.31000518798828
104.29000854492188
103.68000030517578
102.68000793457031
102.8800048828125
102.08000183105469
104.52999877929688
103.76000213623047
103.24000549316406
103.70001220703125
102.2300033569336
104.33000183105469
104.51000213623047
105.32000732421875
105.36000061035156
107.38999938964844
105.12000274658203
102.85000610351563
102.52000427246094
104.62001037597656
103.26000213623047
102.77000427246094
106.77000427246094
105.34000396728516
103.91000366210938
104.90000915527344
105.69000244140625
106.44000244140625
107.09000396728516
104.80000305175781
105.25000762939453
105.47000885009766
105.83000183105469
106.7300033569336
106.6300048828125
105.18000793457031
105.1300048828125
105.92001342773438
105.19000244140625
105.6600112915039
105.510009765625
103.55000305175781
101.79000854492188
103.7300033569336
102.93000030517578
103.22000122070313
103.08999633789063
103.97000122070313
103.08000183105469
103.0
103.65000915527344
105.260009765625
103.63999938964844
102.41000366210938
103.63999938964844
101.66000366210938
103.60000610351563
101.85000610351563
102.4800033569336
101.95999908447266
101.57000732421875
102.66000366210938
102.44000244140625
101.48001098632813
102.49000549316406
104.16000366210938
103.89000701904297
105.02000427246094
102.46000671386719
102.66000366210938
103.46000671386719
103.52000427246094
103.1100082397461
104.72000122070313
103.76000213623047
102.94999694824219
103.77000427246094
103.6300048828125
103.24000549316406
104.29000854492188
103.18000793457031
103.15000915527344
103.59000396728516
103.5
101.98001098632813
101.39000701904297
101.4000015258789
100.60000610351563
101.22000885009766
101.88999938964844
104.7300033569336
103.24000549316406
103.24000549316406
103.74000549316406
104.09000396728516
103.59000396728516
104.260009765625
103.6300048828125
102.94999694824219
103.44001007080078
103.71000671386719
103.52000427246094
104.83000946044922
103.46000671386719
103.8600082397461
103.33000183105469
103.91999816894531
105.23001098632813
105.97000122070313
104.59000396728516
105.42000579833984
104.40000915527344
103.27000427246094
102.08000183105469
103.3800048828125
101.80000305175781
103.54000091552734
104.2800064086914
103.1100082397461
102.0999984741211
102.2300033569336
102.69000244140625
103.510009765625
104.45999908447266
103.70001220703125
102.32000732421875
101.0
101.22000885009766
103.15000915527344
103.3499984741211
102.97000885009766
103.52000427246094
101.50000762939453
103.23001098632813
103.27000427246094
103.27000427246094
103.24000549316406
103.0
101.44000244140625
99.85000610351563
100.94001007080078
102.66999816894531
102.49000549316406
103.52000427246094
102.49000549316406
102.75000762939453
101.83999633789063
101.010009765625
101.94000244140625
102.09000396728516
104.08000946044922
103.08000183105469
102.87001037597656
102.19001007080078
103.36000061035156
102.36000061035156
103.3499984741211
102.37000274658203
103.77000427246094
103.54000091552734
101.7300033569336
103.58000946044922
102.99000549316406
103.95000457763672
102.68000793457031
101.3600082397461
103.20000457763672
103.77999877929688
103.96000671386719
103.8600082397461
104.04000091552734
105.14000701904297
104.74000549316406
103.84001159667969
103.19000244140625
104.52999877929688
102.25
101.60000610351563
102.11000061035156
102.19001007080078
103.46000671386719
102.260009765625
99.760009765625
101.4000015258789
103.68000030517578
103.22000122070313
102.82000732421875
101.67000579833984
103.62000274658203
104.11000061035156
101.90000915527344
102.72000122070313
102.93000030517578
104.0300064086914
102.27000427246094
103.20000457763672
102.66999816894531
102.34000396728516
103.3800048828125
102.21000671386719
101.81999969482422
104.71000671386719
103.27999877929688
104.34001159667969
102.44000244140625
102.76000213623047
105.5
105.21000671386719
103.010009765625
101.81999969482422
101.12000274658203
103.15000915527344
103.47000122070313
101.16000366210938
102.02000427246094
101.87000274658203
101.06001281738281
101.07000732421875
101.7300033569336
99.2800064086914
100.46000671386719
101.64000701904297
101.27000427246094
99.44000244140625
101.09000396728516
99.45999908447266
101.69999694824219
101.66000366210938
102.08000183105469
102.51000213623047
101.55000305175781
101.52000427246094
103.17000579833984
102.52999877929688
102.60000610351563
101.64000701904297
100.96000671386719
101.52000427246094
100.36000061035156
100.30999755859375
98.87000274658203
101.44000244140625
101.66000366210938
102.36000061035156
103.1100082397461
103.15000915527344
102.87001037597656
102.60000610351563
102.01000213623047
102.27000427246094
101.32000732421875
102.2800064086914
100.65000915527344
101.08000946044922
99.90000915527344
101.61000061035156
102.30000305175781
102.29000091552734
101.8600082397461
102.84000396728516
104.02000427246094
103.20000457763672
104.34001159667969
102.46000671386719
104.3800048828125
100.82000732421875
102.75000762939453
101.27999877929688
100.77999877929688
101.97000122070313
103.17000579833984
102.34000396728516
101.60000610351563
104.21000671386719
104.08000946044922
103.70001220703125
102.36000061035156
101.0
100.62000274658203
102.68000793457031
100.9800033569336
102.6100082397461
102.43000030517578
103.05000305175781
102.96000671386719
102.94999694824219
103.94000244140625
103.08000183105469
103.10000610351563
102.76000213623047
102.2300033569336
102.38999938964844
101.94000244140625
102.6500015258789
100.80001068115234
102.51000213623047
102.47000885009766
101.0
99.7800064086914
99.92000579833984
100.77000427246094
100.91000366210938
103.23001098632813
101.27999877929688
100.70000457763672
101.02000427246094
100.96000671386719
101.60000610351563
100.46000671386719
102.52000427246094
102.66000366210938
101.81000518798828
103.22000122070313
102.3800048828125
101.7800064086914
102.34000396728516
101.27999877929688
101.65000915527344
101.2300033569336
100.93000793457031
100.510009765625
100.67000579833984
101.72000885009766
99.66999816894531
100.52000427246094
102.02000427246094
101.54000091552734
101.72000885009766
102.94999694824219
102.40000915527344
100.72000122070313
101.81000518798828
100.94001007080078
101.51000213623047
99.33000183105469
100.40000915527344
102.72000122070313
102.49000549316406
102.14000701904297
102.8800048828125
102.3800048828125
102.02999877929688
102.07000732421875
100.6100082397461
100.93000793457031
100.6100082397461
100.99000549316406
98.71000671386719
101.2300033569336
100.44000244140625
99.31999969482422
99.6500015258789
98.80000305175781
98.32000732421875
99.99000549316406
99.77000427246094
98.77000427246094
100.30000305175781
102.05001068115234
100.8800048828125
102.04000854492188
101.11000061035156
100.65000915527344
101.20001220703125
102.62000274658203
102.51000213623047
101.31000518798828
100.29000091552734
102.33000946044922
101.12000274658203
103.58000946044922
103.22000122070313
104.84000396728516
103.26000213623047
105.06000518798828
104.51000213623047
104.5999984741211
103.3800048828125
102.09000396728516
103.65000915527344
103.19000244140625
104.2800064086914
102.6500015258789
103.8800048828125
101.80000305175781
102.04000854492188
103.59000396728516
103.65000915527344
102.69000244140625
104.38999938964844
104.81001281738281
104.10000610351563
104.31000518798828
103.12000274658203
104.69001007080078
103.62000274658203
104.04000091552734
104.10000610351563
105.01000213623047
103.010009765625
101.81000518798828
102.11000061035156
102.14000701904297
102.69000244140625
102.80000305175781
102.80999755859375
104.45999908447266
104.01000213623047
103.5
101.48001098632813
101.60000610351563
100.6100082397461
101.39000701904297
103.20000457763672
102.70000457763672
102.77000427246094
102.1300048828125
103.5
101.0300064086914
102.17001342773438
102.42000579833984
103.25000762939453
101.3600082397461
102.30000305175781
103.25000762939453
102.33000946044922
102.19001007080078
100.80001068115234
101.7300033569336
103.20000457763672
102.18000793457031
104.25
102.69000244140625
103.0
101.08000946044922
102.91000366210938
102.19001007080078
102.12001037597656
99.33000183105469
102.46000671386719
102.09000396728516
102.16000366210938
100.68000793457031
102.1300048828125
102.82000732421875
102.24000549316406
102.89000701904297
102.2800064086914
102.56000518798828
101.41000366210938
103.34000396728516
103.5300064086914
104.55001068115234
103.5
103.79000854492188
102.52000427246094
102.51000213623047
102.83000946044922
101.45000457763672
101.19000244140625
101.4000015258789
101.51000213623047
101.27000427246094
101.09000396728516
101.81999969482422
101.57000732421875
101.48001098632813
101.2300033569336
102.47000885009766
101.9100112915039
102.19001007080078
101.2300033569336
102.41000366210938
103.91000366210938
103.24000549316406
103.17000579833984
103.56001281738281
103.76000213623047
102.68000793457031
104.43000793457031
105.1300048828125
104.31000518798828
103.1100082397461
102.49000549316406
101.4000015258789
101.64000701904297
101.98001098632813
102.00000762939453
101.11000061035156
100.55000305175781
100.16000366210938
101.1300048828125
101.17000579833984
102.41000366210938
101.05000305175781
102.57000732421875
102.18000793457031
102.02000427246094
101.60000610351563
102.02999877929688
102.51000213623047
102.29000091552734
102.32000732421875
101.5300064086914
103.4000015258789
104.0300064086914
101.66000366210938
100.81000518798828
101.85000610351563
103.0300064086914
101.95999908447266
101.8600082397461
102.94000244140625
104.55001068115234
102.16000366210938
101.13999938964844
101.12000274658203
102.36000061035156
102.87001037597656
102.66999816894531
103.30001068115234
101.39000701904297
103.62000274658203
103.0
103.82000732421875
100.97000122070313
102.0999984741211
102.33000946044922
102.58000183105469
102.69000244140625
103.49000549316406
102.2300033569336
102.89000701904297
104.2300033569336
103.59000396728516
103.45000457763672
105.41000366210938
103.75000762939453
102.82000732421875
104.3800048828125
103.06000518798828
102.85000610351563
102.80999755859375
102.37000274658203
101.95999908447266
101.48001098632813
102.94000244140625
102.79000091552734
103.74000549316406
101.67000579833984
101.88999938964844
100.35000610351563
101.07000732421875
101.55000305175781
100.91000366210938
102.6100082397461
102.43000030517578
101.12000274658203
100.6300048828125
101.67000579833984
102.00000762939453
102.74000549316406
102.46000671386719
100.91000366210938
102.52000427246094
101.97000122070313
102.04000854492188
100.36000061035156
100.40000915527344
102.20000457763672
102.32000732421875
102.01000213623047
101.37000274658203
103.04000854492188
102.1500015258789
100.56000518798828
101.7300033569336
101.81999969482422
101.71000671386719
102.86000061035156
102.70000457763672
102.45001220703125
102.62000274658203
104.18000030517578
101.7300033569336
100.82000732421875
103.45000457763672
103.33000183105469
102.07000732421875
101.93000793457031
102.47000885009766
103.66000366210938
102.72000122070313
104.00000762939453
104.08000946044922
103.37001037597656
101.61000061035156
101.65000915527344
103.77000427246094
103.13999938964844
101.7300033569336
102.30000305175781
103.71000671386719
101.99000549316406
101.43000793457031
102.00000762939453
103.20999908447266
101.33000183105469
103.79000854492188
103.95000457763672
99.21000671386719
101.98001098632813
101.30000305175781
101.83000183105469
102.62000274658203
102.18000793457031
100.68000793457031
101.55999755859375
101.27999877929688
100.95000457763672
101.10000610351563
101.54000091552734
104.260009765625
104.02000427246094
104.19999694824219
102.77000427246094
103.54000091552734
103.93000793457031
104.6300048828125
104.31000518798828
104.49000549316406
104.30000305175781
104.83000946044922
104.11000061035156
104.48001098632813
104.30000305175781
101.49000549316406
105.47000885009766
106.8800048828125
104.80000305175781
103.45000457763672
104.51000213623047
104.64000701904297
103.72000885009766
104.07000732421875
104.14000701904297
102.68000793457031
103.91000366210938
101.77000427246094
101.74000549316406
103.77000427246094
102.60000610351563
103.10000610351563
104.25
103.79000854492188
103.26000213623047
103.79000854492188
103.29000854492188
103.9000015258789
103.79000854492188
102.72000122070313
103.18000793457031
102.01000213623047
100.94001007080078
99.95001220703125
99.80000305175781
99.93000030517578
99.75
101.24000549316406
100.29000091552734
99.61000061035156
99.43000793457031
100.73001098632813
101.54000091552734
100.5
100.26000213623047
101.41999816894531
102.12001037597656
100.79000854492188
100.82000732421875
100.99000549316406
100.8499984741211
100.60000610351563
101.05000305175781
100.26000213623047
101.92000579833984
104.85000610351563
104.95001220703125
105.29000091552734
103.15000915527344
101.57000732421875
103.4800033569336
105.25000762939453
104.88999938964844
105.19000244140625
105.25000762939453
105.46000671386719
103.46000671386719
102.94000244140625
103.20000457763672
104.04000091552734
104.66000366210938
104.52999877929688
105.1100082397461
104.71000671386719
105.20000457763672
104.0300064086914
104.95001220703125
104.14000701904297
102.41000366210938
102.14000701904297
103.31000518798828
104.58000183105469
104.760009765625
102.57000732421875
103.37001037597656
101.94000244140625
101.59000396728516
103.43000793457031
103.0
102.86000061035156
103.1600112915039
103.4800033569336
101.11000061035156
102.37000274658203
102.20000457763672
103.06999969482422
103.43000793457031
102.02999877929688
103.27000427246094
102.87001037597656
103.30001068115234
100.02000427246094
102.7800064086914
100.87001037597656
100.36000061035156
102.11000061035156
100.02000427246094
99.83000946044922
99.50000762939453
100.89000701904297
100.82000732421875
100.8800048828125
99.97000885009766
101.41000366210938
101.54000091552734
102.86000061035156
100.26000213623047
99.8800048828125
100.44000244140625
100.65000915527344
101.61000061035156
101.41999816894531
101.75
101.60000610351563
101.75
102.66999816894531
102.97000885009766
101.81999969482422
102.43000030517578
101.09000396728516
101.05000305175781
100.04000854492188
99.19999694824219
98.81000518798828
101.27999877929688
101.94000244140625
100.8800048828125
100.56999969482422
101.58000946044922
102.6300048828125
103.26000213623047
102.86000061035156
102.96000671386719
102.37000274658203
101.8800048828125
101.9100112915039
102.38999938964844
102.7800064086914
103.0300064086914
102.74000549316406
103.4800033569336
103.85000610351563
103.20999908447266
101.9100112915039
101.68000030517578
101.07000732421875
99.45000457763672
99.93000030517578
101.010009765625
100.63999938964844
100.23001098632813
100.73001098632813
100.76000213623047
100.56000518798828
102.75000762939453
101.72000885009766
101.11000061035156
102.66999816894531
102.16000366210938
101.8600082397461
102.33000946044922
101.41000366210938
102.51000213623047
101.44000244140625
101.90000915527344
102.93000030517578
102.97000885009766
102.75000762939453
103.20999908447266
103.17000579833984
104.1300048828125
104.40000915527344
103.37001037597656
103.31000518798828
102.84000396728516
103.13999938964844
101.69000244140625
101.47000122070313
101.13999938964844
102.96000671386719
102.52000427246094
102.73001098632813
102.2800064086914
102.05001068115234
103.02000427246094
100.84000396728516
101.57000732421875
101.97000122070313
101.15000915527344
103.05000305175781
102.41000366210938
103.80000305175781
103.97000122070313
105.14000701904297
103.94000244140625
101.67000579833984
101.92000579833984
101.83999633789063
103.06999969482422
102.96000671386719
104.45999908447266
103.29000854492188
102.25
102.80999755859375
102.66000366210938
102.93000030517578
103.25000762939453
103.1100082397461
101.83000183105469
101.50000762939453
102.00000762939453
101.43000793457031
103.80000305175781
102.96000671386719
104.72000122070313
