102.47000885009766
104.05999755859375
102.64000701904297
102.64000701904297
103.43000793457031
103.85000610351563
104.56000518798828
103.24000549316406
102.52999877929688
102.89000701904297
103.5300064086914
103.20999908447266
103.82000732421875
105.75000762939453
105.58000183105469
106.0300064086914
105.68000793457031
104.97000885009766
105.25000762939453
103.69000244140625
103.67000579833984
105.9000015258789
105.8800048828125
104.17000579833984
103.46000671386719
104.92000579833984
105.49000549316406
104.260009765625
104.37000274658203
105.81000518798828
104.19999694824219
103.37001037597656
103.32000732421875
104.19000244140625
101.94000244140625
102.70000457763672
105.44999694824219
104.22000885009766
104.24000549316406
103.1300048828125
104.15000915527344
104.38999938964844
102.58000183105469
102.57000732421875
104.34001159667969
104.47000122070313
104.05000305175781
103.87000274658203
104.16000366210938
102.02999877929688
104.27000427246094
101.79000854492188
104.40000915527344
105.97000122070313
105.68000793457031
105.94001007080078
105.73001098632813
106.33000183105469
105.08000183105469
105.59001159667969
105.1100082397461
103.84001159667969
105.72000122070313
103.68000030517578
104.4100112915039
104.05999755859375
103.02000427246094
103.3800048828125
102.77000427246094
104.05999755859375
103.34000396728516
103.45000457763672
104.09000396728516
104.02000427246094
104.04000091552734
103.63999938964844
103.42001342773438
102.17001342773438
101.66000366210938
102.35000610351563
106.31000518798828
105.04000854492188
105.21000671386719
106.59000396728516
106.44000244140625
105.30000305175781
105.6300048828125
107.260009765625
104.70000457763672
103.33000183105469
103.96000671386719
101.49000549316406
100.47000885009766
102.8800048828125
102.2800064086914
101.12000274658203
103.1600112915039
100.63999938964844
101.95000457763672
102.76000213623047
103.02000427246094
102.07000732421875
105.24000549316406
105.30999755859375
103.99000549316406
103.20000457763672
103.43000793457031
103.27000427246094
105.35000610351563
103.91000366210938
105.56999969482422
104.99000549316406
104.25
106.1300048828125
106.18000030517578
106.04000091552734
105.5300064086914
103.76000213623047
103.96000671386719
106.65000915527344
103.72000885009766
102.85000610351563
103.32000732421875
103.67000579833984
102.31001281738281
105.6100082397461
104.79000091552734
104.5999984741211
105.52000427246094
104.57000732421875
102.32000732421875
102.89000701904297
103.55000305175781
103.82000732421875
104.22000885009766
105.02000427246094
104.12001037597656
105.37001037597656
105.27000427246094
106.12000274658203
107.44000244140625
106.93000793457031
105.81000518798828
105.75000762939453
105.23001098632813
107.24000549316406
105.6300048828125
107.14000701904297
105.76000213623047
106.3800048828125
105.72000122070313
107.70000457763672
107.55000305175781
107.30000305175781
106.30000305175781
106.24000549316406
105.4800033569336
106.33000183105469
107.01000213623047
105.84000396728516
104.6500015258789
104.9800033569336
105.49000549316406
106.8800048828125
105.92001342773438
104.37000274658203
105.12000274658203
104.95001220703125
105.59001159667969
105.22000122070313
105.70999908447266
106.11000061035156
103.99000549316406
104.80000305175781
103.06999969482422
105.59001159667969
104.05999755859375
107.02000427246094
107.41000366210938
108.58000946044922
107.64000701904297
106.2300033569336
105.6300048828125
105.89000701904297
105.80001068115234
105.6600112915039
106.26000213623047
107.57000732421875
108.24000549316406
107.92000579833984
106.61000061035156
107.60000610351563
106.39000701904297
108.010009765625
105.99000549316406
106.58000946044922
106.02000427246094
106.74000549316406
105.8499984741211
104.77000427246094
105.01000213623047
105.5300064086914
106.22000885009766
106.06001281738281
107.02000427246094
106.09000396728516
104.00000762939453
107.21000671386719
104.55001068115234
105.5
105.5300064086914
105.22000122070313
104.54000854492188
104.260009765625
105.34000396728516
105.16000366210938
104.66000366210938
103.99000549316406
104.62001037597656
103.87000274658203
105.16999816894531
105.67000579833984
105.42000579833984
105.01000213623047
103.63999938964844
104.40000915527344
105.18000793457031
104.56000518798828
104.35000610351563
105.18000793457031
105.5
103.63999938964844
104.7300033569336
104.75
102.45001220703125
103.27000427246094
102.62000274658203
101.94000244140625
102.40000915527344
101.49000549316406
102.38999938964844
102.49000549316406
102.51000213623047
103.08000183105469
102.6100082397461
101.55000305175781
101.09000396728516
100.33000946044922
100.83000183105469
98.18000793457031
101.46000671386719
100.8800048828125
101.50000762939453
103.68000030517578
102.35000610351563
102.82000732421875
102.35000610351563
102.07000732421875
102.60000610351563
103.63999938964844
103.76000213623047
103.6300048828125
102.00000762939453
103.26000213623047
102.89000701904297
102.30000305175781
104.11000061035156
101.62001037597656
102.33000946044922
104.25
104.34001159667969
104.67001342773438
104.96000671386719
103.59000396728516
104.35000610351563
103.93000793457031
105.72000122070313
106.22000885009766
105.47000885009766
105.82000732421875
106.0300064086914
104.75
106.81000518798828
105.96000671386719
104.48001098632813
104.3800048828125
104.05000305175781
104.4100112915039
102.73001098632813
104.77000427246094
104.64000701904297
104.51000213623047
103.77999877929688
104.40000915527344
105.60000610351563
104.2300033569336
107.40000915527344
106.010009765625
107.32000732421875
108.20000457763672
106.3600082397461
105.8800048828125
103.70001220703125
104.95001220703125
104.59000396728516
105.67000579833984
105.70000457763672
106.79000854492188
108.54000091552734
105.27000427246094
106.65000915527344
104.59000396728516
105.73001098632813
106.49000549316406
105.49000549316406
106.1300048828125
106.58000946044922
106.72000885009766
107.2300033569336
105.260009765625
107.3800048828125
106.66000366210938
107.12001037597656
105.34000396728516
104.52999877929688
104.7800064086914
104.81001281738281
104.9800033569336
106.34001159667969
104.22000885009766
105.44000244140625
105.59001159667969
107.05001068115234
104.75
105.47000885009766
106.11000061035156
106.88999938964844
107.02999877929688
107.22000122070313
106.57000732421875
107.89000701904297
106.9100112915039
106.3800048828125
106.67000579833984
105.93000793457031
105.14000701904297
107.14000701904297
105.18000793457031
108.06000518798828
107.52999877929688
106.3600082397461
105.99000549316406
105.10000610351563
105.39000701904297
105.46000671386719
106.24000549316406
105.56999969482422
104.91000366210938
105.1500015258789
104.64000701904297
106.80000305175781
106.95999908447266
106.13999938964844
106.12000274658203
106.25000762939453
107.05001068115234
105.95000457763672
105.1500015258789
104.33000183105469
103.43000793457031
104.9800033569336
105.44000244140625
106.20001220703125
104.92000579833984
106.09000396728516
105.8499984741211
105.76000213623047
104.38999938964844
103.4000015258789
102.46000671386719
102.70000457763672
103.20999908447266
105.04000854492188
105.14000701904297
103.75000762939453
104.31000518798828
105.02000427246094
104.15000915527344
103.63999938964844
104.47000122070313
105.6600112915039
105.56000518798828
107.00000762939453
106.77000427246094
104.70000457763672
107.45001220703125
107.07000732421875
107.99000549316406
107.54000854492188
106.61000061035156
105.44999694824219
105.20000457763672
107.84000396728516
105.69000244140625
105.3800048828125
104.54000854492188
106.08000946044922
106.7800064086914
105.40000915527344
104.44000244140625
105.02999877929688
104.260009765625
105.23001098632813
103.1300048828125
103.85000610351563
105.1100082397461
105.16999816894531
103.60000610351563
103.4800033569336
103.9000015258789
104.54000854492188
103.91999816894531
102.56000518798828
102.25
104.77000427246094
102.94000244140625
104.05999755859375
102.16000366210938
104.17000579833984
104.92000579833984
106.22000885009766
105.19000244140625
105.6100082397461
105.46000671386719
106.71000671386719
108.0
108.36000061035156
107.70000457763672
105.8800048828125
106.10000610351563
107.40000915527344
106.41999816894531
106.43000793457031
105.21000671386719
106.69999694824219
104.84000396728516
104.54000854492188
105.47000885009766
105.42000579833984
106.61000061035156
107.24000549316406
108.33000183105469
107.07000732421875
106.84001159667969
107.87001037597656
105.65000915527344
105.92001342773438
105.41000366210938
107.1500015258789
106.84001159667969
106.33000183105469
105.260009765625
107.22000122070313
106.55000305175781
107.12001037597656
109.40000915527344
109.45999908447266
107.74000549316406
108.5300064086914
108.54000091552734
108.55000305175781
108.06000518798828
109.45000457763672
108.23001098632813
109.52999877929688
108.87000274658203
107.84000396728516
108.1600112915039
107.08000183105469
106.8800048828125
104.58000183105469
106.98001098632813
106.12000274658203
106.24000549316406
104.4100112915039
105.92001342773438
105.35000610351563
106.85000610351563
104.59000396728516
105.9800033569336
103.71000671386719
104.09000396728516
105.39000701904297
105.3800048828125
104.38999938964844
104.19000244140625
103.8800048828125
105.33000946044922
105.65000915527344
106.65000915527344
106.85000610351563
106.60000610351563
106.58000946044922
107.29000091552734
105.96000671386719
104.33000183105469
102.75000762939453
102.99000549316406
101.2300033569336
101.4000015258789
103.72000885009766
104.1300048828125
105.97000122070313
104.22000885009766
105.14000701904297
102.50000762939453
104.4100112915039
104.24000549316406
104.84000396728516
101.010009765625
102.00000762939453
103.81000518798828
103.45000457763672
100.60000610351563
102.6300048828125
103.3499984741211
103.57000732421875
105.21000671386719
103.25000762939453
102.59001159667969
103.37001037597656
101.97000122070313
103.3800048828125
101.8800048828125
102.94000244140625
104.3600082397461
103.39000701904297
102.85000610351563
103.91000366210938
102.7800064086914
102.89000701904297
103.36000061035156
103.55000305175781
103.42001342773438
103.39000701904297
104.80000305175781
103.0300064086914
103.30001068115234
102.9800033569336
104.18000030517578
104.61000061035156
103.19000244140625
102.27000427246094
102.31001281738281
103.23001098632813
102.74000549316406
102.46000671386719
101.15000915527344
101.7300033569336
100.47000885009766
100.23001098632813
100.82000732421875
103.18000793457031
103.66000366210938
101.8800048828125
100.5
100.99000549316406
100.75000762939453
100.62000274658203
101.8800048828125
101.68000030517578
103.67000579833984
103.59000396728516
103.87000274658203
104.77000427246094
104.8800048828125
104.85000610351563
102.49000549316406
105.09001159667969
104.95001220703125
105.24000549316406
105.82000732421875
106.62001037597656
108.0300064086914
107.40000915527344
107.12001037597656
106.87000274658203
106.11000061035156
104.68000793457031
104.45999908447266
104.12001037597656
104.49000549316406
105.36000061035156
106.3600082397461
104.69001007080078
105.65000915527344
103.06999969482422
103.22000122070313
104.52000427246094
104.62001037597656
104.58000183105469
106.07000732421875
100.9000015258789
102.05001068115234
102.83000946044922
102.91000366210938
102.91000366210938
104.3600082397461
104.86000061035156
103.63999938964844
104.51000213623047
106.20001220703125
104.51000213623047
106.32000732421875
105.18000793457031
105.47000885009766
104.77000427246094
105.07000732421875
104.68000793457031
107.11000061035156
106.27999877929688
105.8800048828125
107.0999984741211
107.38999938964844
106.21000671386719
108.0300064086914
106.9100112915039
108.05000305175781
108.510009765625
107.41000366210938
107.70000457763672
105.49000549316406
105.20000457763672
103.36000061035156
105.00000762939453
103.77999877929688
104.71000671386719
104.21000671386719
104.01000213623047
106.21000671386719
107.17001342773438
107.55000305175781
108.1300048828125
105.260009765625
105.44999694824219
104.49000549316406
105.58000183105469
105.47000885009766
105.6300048828125
103.56001281738281
106.34001159667969
105.02000427246094
105.91000366210938
104.52000427246094
105.37001037597656
104.69001007080078
103.1300048828125
105.02999877929688
102.43000030517578
104.2800064086914
104.15000915527344
104.11000061035156
104.11000061035156
106.46000671386719
105.43000030517578
104.74000549316406
103.8800048828125
103.57000732421875
104.52999877929688
103.17000579833984
103.04000854492188
103.47000122070313
102.40000915527344
101.98001098632813
102.260009765625
102.82000732421875
103.62000274658203
104.99000549316406
103.18000793457031
105.00000762939453
104.58000183105469
105.24000549316406
106.25000762939453
105.70999908447266
104.760009765625
104.70000457763672
104.87000274658203
104.66000366210938
104.7300033569336
104.94000244140625
102.91000366210938
104.17000579833984
104.56000518798828
103.70001220703125
104.95001220703125
104.34001159667969
104.33000183105469
104.83000946044922
103.12000274658203
103.69000244140625
102.66000366210938
103.06999969482422
103.47000122070313
103.93000793457031
104.49000549316406
103.8600082397461
104.19999694824219
103.12000274658203
102.57000732421875
105.21000671386719
105.21000671386719
103.99000549316406
102.82000732421875
103.1100082397461
103.67000579833984
104.6300048828125
103.08000183105469
102.43000030517578
104.15000915527344
103.04000854492188
104.81001281738281
104.04000091552734
103.54000091552734
102.57000732421875
102.80000305175781
102.64000701904297
103.80000305175781
104.43000793457031
104.42000579833984
104.56000518798828
104.19000244140625
103.60000610351563
102.58000183105469
101.62001037597656
101.0300064086914
102.32000732421875
101.8600082397461
100.3800048828125
103.39000701904297
104.21000671386719
103.65000915527344
103.37001037597656
103.32000732421875
103.42001342773438
104.01000213623047
104.10000610351563
103.39000701904297
104.15000915527344
102.49000549316406
105.1500015258789
104.10000610351563
105.46000671386719
104.4100112915039
104.94000244140625
104.38999938964844
104.88999938964844
104.15000915527344
104.69001007080078
104.90000915527344
104.44000244140625
103.27000427246094
104.5999984741211
103.17000579833984
103.08999633789063
102.85000610351563
101.29000854492188
102.42000579833984
103.18000793457031
103.19000244140625
101.12000274658203
99.87000274658203
101.39000701904297
101.81999969482422
102.59001159667969
101.04000091552734
103.44001007080078
98.52000427246094
100.84000396728516
101.51000213623047
100.23001098632813
100.41000366210938
100.58999633789063
103.43000793457031
103.47000122070313
103.37001037597656
104.1300048828125
101.75
101.0
102.74000549316406
101.11000061035156
100.75000762939453
102.33000946044922
103.08000183105469
101.59000396728516
100.96000671386719
103.54000091552734
103.4000015258789
103.9000015258789
104.04000091552734
103.7300033569336
104.42000579833984
102.12001037597656
102.72000122070313
102.86000061035156
103.84001159667969
101.92000579833984
101.69999694824219
103.20000457763672
102.94000244140625
102.06000518798828
102.01000213623047
104.85000610351563
103.5300064086914
104.33000183105469
104.62001037597656
105.58000183105469
103.4800033569336
104.22000885009766
104.19000244140625
105.60000610351563
106.48001098632813
104.19000244140625
105.10000610351563
104.6300048828125
105.1500015258789
107.70000457763672
105.4800033569336
105.56000518798828
105.77999877929688
105.33000946044922
105.8499984741211
104.87000274658203
103.94000244140625
105.25000762939453
103.59000396728516
104.07000732421875
103.91999816894531
103.39000701904297
103.56001281738281
103.34000396728516
104.11000061035156
104.43000793457031
104.8800048828125
105.93000793457031
105.07000732421875
105.6100082397461
104.22000885009766
105.8499984741211
105.41000366210938
106.27999877929688
106.95999908447266
106.19000244140625
104.31999969482422
106.60000610351563
104.31000518798828
105.260009765625
104.01000213623047
105.32000732421875
104.79000091552734
106.57000732421875
105.70000457763672
105.54000854492188
104.97000885009766
106.43000793457031
104.84000396728516
107.22000122070313
106.9100112915039
107.01000213623047
105.75000762939453
106.41000366210938
105.96000671386719
105.5300064086914
105.74000549316406
103.98001098632813
104.18000030517578
103.87000274658203
102.40000915527344
105.6100082397461
104.82000732421875
105.43000030517578
105.70999908447266
105.47000885009766
105.6600112915039
105.42000579833984
104.16000366210938
104.83000946044922
105.3800048828125
104.16000366210938
104.7300033569336
105.30999755859375
106.79000854492188
104.94000244140625
104.68000793457031
104.52999877929688
107.30000305175781
103.46000671386719
105.4800033569336
105.19000244140625
105.5300064086914
106.33000183105469
103.68000030517578
106.55999755859375
106.02000427246094
106.81000518798828
105.56000518798828
106.510009765625
106.47000122070313
106.66000366210938
106.760009765625
107.11000061035156
107.4800033569336
106.95000457763672
106.31000518798828
104.8800048828125
104.92000579833984
104.88999938964844
104.00000762939453
104.96000671386719
104.2300033569336
104.52999877929688
105.60000610351563
105.260009765625
104.5999984741211
104.9800033569336
106.4000015258789
105.16000366210938
104.05999755859375
104.2300033569336
104.09000396728516
103.84001159667969
103.71000671386719
104.72000122070313
103.34000396728516
104.31000518798828
105.37001037597656
106.31000518798828
103.8600082397461
102.52999877929688
103.45000457763672
105.44000244140625
106.07000732421875
103.37001037597656
104.2800064086914
103.17000579833984
102.29000091552734
104.52999877929688
103.94000244140625
104.31999969482422
103.31000518798828
103.17000579833984
102.87001037597656
103.8800048828125
102.73001098632813
103.33000183105469
103.85000610351563
102.43000030517578
103.6300048828125
105.70999908447266
104.1300048828125
104.3600082397461
102.6300048828125
104.59000396728516
105.82000732421875
101.30000305175781
104.8800048828125
101.94000244140625
103.69000244140625
103.99000549316406
103.08999633789063
104.00000762939453
103.65000915527344
103.60000610351563
104.260009765625
104.3800048828125
103.82000732421875
104.8800048828125
104.04000091552734
103.96000671386719
105.72000122070313
106.74000549316406
104.97000885009766
105.3800048828125
104.9800033569336
104.48001098632813
104.30000305175781
104.49000549316406
105.23001098632813
102.22000122070313
103.91999816894531
103.82000732421875
104.07000732421875
104.05000305175781
104.59000396728516
103.82000732421875
104.84000396728516
104.99000549316406
104.81001281738281
104.8800048828125
103.8800048828125
102.45001220703125
105.19000244140625
105.22000122070313
104.25
104.91000366210938
104.29000854492188
105.1500015258789
105.44000244140625
104.68000793457031
104.59000396728516
105.14000701904297
103.08000183105469
104.09000396728516
105.21000671386719
103.59000396728516
105.58000183105469
104.3600082397461
104.25
104.260009765625
105.37001037597656
103.06000518798828
103.37001037597656
104.2300033569336
104.12001037597656
103.79000854492188
102.68000793457031
103.81000518798828
103.59000396728516
103.30001068115234
103.59000396728516
102.30000305175781
102.54000854492188
102.36000061035156
102.90000915527344
103.75000762939453
103.23001098632813
105.33000946044922
104.12001037597656
105.09001159667969
104.18000030517578
104.1300048828125
104.7800064086914
104.30000305175781
104.77000427246094
105.35000610351563
104.58000183105469
104.3800048828125
106.0300064086914
104.57000732421875
106.44000244140625
105.27000427246094
104.61000061035156
105.06000518798828
104.7300033569336
103.25000762939453
102.97000885009766
103.06000518798828
102.89000701904297
103.46000671386719
102.6500015258789
102.99000549316406
102.7800064086914
102.54000854492188
103.24000549316406
103.97000122070313
101.17000579833984
101.81000518798828
102.76000213623047
103.77999877929688
103.06999969482422
102.52000427246094
103.5
103.510009765625
102.89000701904297
103.29000854492188
103.34000396728516
103.69000244140625
103.85000610351563
103.1300048828125
103.30001068115234
102.52999877929688
102.41000366210938
102.73001098632813
102.69000244140625
104.74000549316406
104.7300033569336
103.76000213623047
103.9000015258789
104.40000915527344
104.56000518798828
105.5
102.64000701904297
102.1300048828125
102.72000122070313
104.58000183105469
104.62001037597656
105.260009765625
106.05000305175781
104.87000274658203
103.510009765625
103.1600112915039
103.26000213623047
102.37000274658203
104.3600082397461
102.87001037597656
103.39000701904297
103.60000610351563
102.37000274658203
102.12001037597656
103.99000549316406
103.20000457763672
102.79000091552734
102.46000671386719
102.76000213623047
103.58000946044922
104.79000091552734
104.05000305175781
103.20000457763672
102.4800033569336
104.25
103.67000579833984
102.82000732421875
105.75000762939453
103.8600082397461
103.76000213623047
105.49000549316406
105.1500015258789
103.97000122070313
105.83000183105469
104.77000427246094
104.9800033569336
104.88999938964844
104.92000579833984
105.9800033569336
106.30000305175781
106.55000305175781
106.8800048828125
104.19999694824219
107.83000946044922
107.83000946044922
106.55000305175781
108.89000701904297
106.04000091552734
106.12000274658203
107.20000457763672
106.24000549316406
106.1300048828125
105.83000183105469
104.45000457763672
103.77999877929688
104.43000793457031
101.88999938964844
104.91000366210938
103.0
101.34001159667969
102.7800064086914
103.15000915527344
104.61000061035156
105.18000793457031
104.7300033569336
104.72000122070313
106.72000885009766
106.3600082397461
102.00000762939453
102.71000671386719
104.66000366210938
104.64000701904297
103.49000549316406
107.12001037597656
105.21000671386719
105.42000579833984
104.61000061035156
104.93000030517578
106.57000732421875
106.31000518798828
105.4800033569336
104.94000244140625
104.37000274658203
104.52000427246094
106.25000762939453
104.87000274658203
104.74000549316406
104.50000762939453
103.44001007080078
103.81000518798828
104.31999969482422
105.09001159667969
104.85000610351563
105.1500015258789
105.24000549316406
104.31000518798828
104.99000549316406
104.97000885009766
105.68000793457031
104.35000610351563
105.02999877929688
104.66000366210938
106.93000793457031
104.37000274658203
102.1300048828125
104.14000701904297
104.01000213623047
104.40000915527344
103.77999877929688
106.08000946044922
105.21000671386719
104.95001220703125
105.12000274658203
105.74000549316406
104.25
103.7300033569336
105.04000854492188
104.40000915527344
104.22000885009766
103.9000015258789
103.25000762939453
103.57000732421875
103.70001220703125
103.4000015258789
105.19000244140625
104.3600082397461
103.66000366210938
103.76000213623047
102.52999877929688
102.06000518798828
104.92000579833984
102.97000885009766
102.80999755859375
101.25000762939453
102.92000579833984
101.52000427246094
101.98001098632813
102.84000396728516
102.68000793457031
103.45000457763672
103.97000122070313
105.5300064086914
106.11000061035156
104.17000579833984
105.77999877929688
106.27000427246094
104.31999969482422
104.77000427246094
103.34000396728516
102.6300048828125
102.29000091552734
102.17001342773438
102.37000274658203
103.15000915527344
102.45001220703125
102.62000274658203
103.12000274658203
102.86000061035156
104.43000793457031
104.56000518798828
102.6100082397461
102.44000244140625
101.05000305175781
102.27000427246094
102.40000915527344
103.60000610351563
102.58000183105469
103.85000610351563
104.50000762939453
103.0300064086914
103.3499984741211
103.0
102.94999694824219
103.96000671386719
102.6300048828125
104.07000732421875
102.74000549316406
102.29000091552734
101.24000549316406
102.41000366210938
103.79000854492188
101.7300033569336
102.94999694824219
101.24000549316406
103.97000122070313
104.01000213623047
103.56001281738281
104.45999908447266
104.7300033569336
104.35000610351563
102.36000061035156
101.94000244140625
104.01000213623047
103.6300048828125
104.29000854492188
103.49000549316406
103.67000579833984
103.75000762939453
102.4800033569336
102.19001007080078
101.8800048828125
104.80000305175781
104.01000213623047
103.60000610351563
102.64000701904297
102.85000610351563
103.06999969482422
103.15000915527344
101.7800064086914
104.17000579833984
104.22000885009766
103.7300033569336
105.1300048828125
104.61000061035156
104.75
103.7300033569336
104.5999984741211
104.8800048828125
104.84000396728516
102.58000183105469
104.62001037597656
103.77999877929688
105.44999694824219
105.35000610351563
102.80999755859375
103.1100082397461
104.55001068115234
103.8800048828125
102.8800048828125
103.93000793457031
104.27000427246094
104.08000946044922
103.9000015258789
102.30000305175781
103.510009765625
105.09001159667969
104.19000244140625
103.6300048828125
100.96000671386719
103.61000061035156
104.52000427246094
101.45000457763672
103.02000427246094
103.77999877929688
104.2300033569336
104.2800064086914
103.4000015258789
102.52999877929688
102.1300048828125
102.52000427246094
103.76000213623047
103.02000427246094
105.59001159667969
103.77000427246094
105.92001342773438
103.54000091552734
102.92000579833984
104.79000091552734
103.94000244140625
103.33000183105469
103.39000701904297
103.83000183105469
105.37001037597656
103.36000061035156
103.68000030517578
104.34001159667969
103.57000732421875
104.2300033569336
104.69001007080078
103.25000762939453
102.33000946044922
103.98001098632813
103.70001220703125
103.05000305175781
102.52999877929688
103.05000305175781
102.86000061035156
102.89000701904297
103.44001007080078
103.0
104.00000762939453
103.02000427246094
104.05999755859375
105.6100082397461
105.25000762939453
106.15000915527344
104.83000946044922
105.04000854492188
106.32000732421875
105.07000732421875
103.72000885009766
102.66999816894531
103.5
103.85000610351563
104.74000549316406
105.56000518798828
105.12000274658203
105.510009765625
105.74000549316406
105.35000610351563
106.62001037597656
106.37000274658203
104.80000305175781
105.1500015258789
106.80000305175781
106.34001159667969
105.76000213623047
107.40000915527344
106.87000274658203
106.62001037597656
106.48001098632813
106.69000244140625
105.1300048828125
105.20000457763672
104.45000457763672
105.37001037597656
103.3800048828125
104.08000946044922
104.68000793457031
104.11000061035156
105.08000183105469
105.44999694824219
104.17000579833984
105.75000762939453
106.25000762939453
105.62000274658203
105.93000793457031
106.09000396728516
105.75000762939453
104.9800033569336
105.75000762939453
104.92000579833984
105.94001007080078
104.92000579833984
104.64000701904297
104.58000183105469
105.34000396728516
105.62000274658203
105.42000579833984
106.02000427246094
105.07000732421875
105.18000793457031
103.87000274658203
102.04000854492188
102.74000549316406
102.14000701904297
104.05999755859375
103.17000579833984
102.19001007080078
102.4800033569336
102.01000213623047
103.95000457763672
104.24000549316406
105.79000854492188
105.44999694824219
106.13999938964844
106.0
105.5
105.59001159667969
103.97000122070313
106.20001220703125
104.81001281738281
105.74000549316406
105.30999755859375
105.69000244140625
104.9800033569336
105.07000732421875
104.34001159667969
105.56000518798828
104.4100112915039
104.77000427246094
104.92000579833984
104.79000091552734
105.34000396728516
104.00000762939453
103.60000610351563
104.04000091552734
104.42000579833984
104.00000762939453
105.8499984741211
105.69000244140625
104.24000549316406
105.04000854492188
104.79000091552734
107.24000549316406
104.64000701904297
105.77999877929688
107.1500015258789
107.9800033569336
106.6300048828125
106.2300033569336
106.65000915527344
106.71000671386719
106.39000701904297
105.00000762939453
105.1300048828125
105.8800048828125
105.1300048828125
104.31000518798828
105.07000732421875
105.25000762939453
104.93000030517578
105.82000732421875
105.75000762939453
106.04000091552734
105.24000549316406
104.54000854492188
105.33000946044922
106.29000854492188
104.8800048828125
105.23001098632813
105.79000854492188
105.91000366210938
105.99000549316406
105.8499984741211
105.10000610351563
106.2300033569336
106.18000030517578
104.85000610351563
105.65000915527344
105.510009765625
107.51000213623047
107.41000366210938
106.98001098632813
106.92000579833984
108.1300048828125
106.26000213623047
105.30000305175781
105.63999938964844
106.22000885009766
105.09001159667969
104.77000427246094
105.87001037597656
106.20001220703125
105.05000305175781
104.94000244140625
105.10000610351563
105.94001007080078
107.73001098632813
104.55001068115234
105.43000030517578
107.35000610351563
105.68000793457031
106.59000396728516
105.9000015258789
107.38999938964844
105.9800033569336
106.10000610351563
105.99000549316406
105.59001159667969
106.69999694824219
105.77999877929688
105.5
104.96000671386719
105.33000946044922
105.97000122070313
106.07000732421875
105.9000015258789
105.19000244140625
105.08000183105469
105.16999816894531
104.33000183105469
102.80000305175781
103.91000366210938
104.91000366210938
104.95001220703125
104.16000366210938
104.77000427246094
105.72000122070313
104.96000671386719
106.12000274658203
105.14000701904297
105.73001098632813
105.73001098632813
104.81001281738281
106.61000061035156
106.4000015258789
105.02999877929688
104.19999694824219
105.40000915527344
105.2800064086914
104.31000518798828
106.0300064086914
104.51000213623047
105.40000915527344
104.44000244140625
106.13999938964844
103.99000549316406
105.20000457763672
103.06000518798828
105.2800064086914
105.07000732421875
104.54000854492188
104.04000091552734
104.40000915527344
106.58000946044922
105.30999755859375
106.3600082397461
105.79000854492188
105.97000122070313
105.09001159667969
106.94000244140625
107.05001068115234
107.42000579833984
106.08000946044922
106.92000579833984
105.9000015258789
105.6300048828125
106.29000854492188
104.58000183105469
103.62000274658203
104.69001007080078
105.1500015258789
106.12000274658203
105.68000793457031
105.510009765625
105.86000061035156
106.94000244140625
106.35000610351563
106.010009765625
105.46000671386719
106.33000183105469
104.71000671386719
105.77000427246094
107.55000305175781
106.61000061035156
106.75
107.14000701904297
106.75
107.44000244140625
108.4800033569336
108.010009765625
107.91000366210938
106.3800048828125
106.37000274658203
105.36000061035156
106.7800064086914
107.82000732421875
105.60000610351563
105.35000610351563
105.56999969482422
105.83000183105469
105.73001098632813
105.95000457763672
105.44000244140625
106.29000854492188
107.80000305175781
107.83000946044922
105.58000183105469
106.84001159667969
106.62001037597656
106.0
105.6100082397461
106.08000946044922
106.97000122070313
107.40000915527344
109.10000610351563
106.98001098632813
105.5300064086914
105.33000946044922
106.11000061035156
104.94000244140625
105.02999877929688
106.83000183105469
107.18000793457031
104.31999969482422
104.0300064086914
103.76000213623047
104.40000915527344
104.19000244140625
104.64000701904297
106.60000610351563
106.15000915527344
106.07000732421875
107.12001037597656
107.04000854492188
104.17000579833984
105.40000915527344
104.38999938964844
105.10000610351563
105.12000274658203
104.97000885009766
105.06000518798828
103.99000549316406
103.87000274658203
107.00000762939453
104.70000457763672
105.69000244140625
104.74000549316406
104.22000885009766
104.83000946044922
104.45999908447266
105.14000701904297
104.6300048828125
103.99000549316406
104.22000885009766
103.69000244140625
104.49000549316406
103.9000015258789
103.72000885009766
103.37001037597656
103.76000213623047
102.41000366210938
103.3499984741211
103.23001098632813
102.05001068115234
104.97000885009766
105.06000518798828
104.42000579833984
103.47000122070313
104.44000244140625
104.69001007080078
105.02000427246094
105.10000610351563
103.74000549316406
104.64000701904297
104.99000549316406
104.86000061035156
103.49000549316406
102.59001159667969
104.6500015258789
104.64000701904297
104.83000946044922
103.10000610351563
104.84000396728516
104.43000793457031
103.85000610351563
103.6300048828125
103.67000579833984
103.58000946044922
103.94000244140625
103.8600082397461
103.47000122070313
103.510009765625
105.27000427246094
104.8800048828125
104.17000579833984
105.41000366210938
104.71000671386719
104.37000274658203
105.02000427246094
103.30001068115234
105.1300048828125
104.47000122070313
105.8499984741211
105.54000854492188
106.37000274658203
106.87000274658203
105.33000946044922
107.22000122070313
106.010009765625
105.91000366210938
104.70000457763672
105.21000671386719
103.06999969482422
104.1300048828125
105.27000427246094
106.60000610351563
106.7300033569336
106.32000732421875
107.43000793457031
105.80001068115234
106.19000244140625
105.97000122070313
105.4800033569336
104.9800033569336
104.62001037597656
103.77999877929688
104.6300048828125
104.58000183105469
104.3600082397461
103.6300048828125
103.75000762939453
105.8499984741211
105.22000122070313
103.15000915527344
103.9000015258789
103.77999877929688
105.16000366210938
105.70000457763672
106.5300064086914
105.46000671386719
105.56999969482422
106.67000579833984
106.010009765625
107.37000274658203
106.67000579833984
104.22000885009766
107.34000396728516
108.39000701904297
107.49000549316406
106.43000793457031
108.37001037597656
107.25
106.85000610351563
107.06000518798828
106.49000549316406
106.06001281738281
105.87001037597656
105.65000915527344
104.83000946044922
106.12000274658203
106.3600082397461
106.25000762939453
106.43000793457031
105.27000427246094
105.02999877929688
105.82000732421875
105.27000427246094
106.510009765625
105.9800033569336
106.15000915527344
106.0
106.49000549316406
105.47000885009766
103.8800048828125
105.93000793457031
105.510009765625
104.52999877929688
105.69000244140625
105.510009765625
105.07000732421875
105.59001159667969
106.06001281738281
106.69999694824219
106.29000854492188
105.93000793457031
104.96000671386719
105.42000579833984
104.7300033569336
106.13999938964844
105.14000701904297
105.52000427246094
104.09000396728516
104.7300033569336
103.91999816894531
104.92000579833984
106.7300033569336
107.36000061035156
106.92000579833984
105.47000885009766
105.82000732421875
105.65000915527344
107.8800048828125
107.2800064086914
105.6100082397461
105.60000610351563
106.55999755859375
104.97000885009766
105.6300048828125
106.94000244140625
106.52000427246094
105.77000427246094
104.38999938964844
105.02000427246094
106.72000885009766
105.05000305175781
105.19000244140625
105.80001068115234
105.260009765625
105.24000549316406
104.1300048828125
106.07000732421875
105.67000579833984
106.67000579833984
104.93000030517578
106.79000854492188
105.6600112915039
105.56000518798828
105.75000762939453
105.79000854492188
104.0300064086914
104.77000427246094
104.56000518798828
104.99000549316406
106.02000427246094
105.93000793457031
106.62001037597656
105.96000671386719
105.70000457763672
106.510009765625
106.52000427246094
105.96000671386719
106.13999938964844
106.94000244140625
105.23001098632813
104.93000030517578
105.1500015258789
106.2300033569336
104.61000061035156
105.33000946044922
106.25000762939453
105.87001037597656
106.06001281738281
106.15000915527344
106.32000732421875
105.79000854492188
107.260009765625
104.50000762939453
104.75
105.04000854492188
105.34000396728516
105.75000762939453
104.57000732421875
105.18000793457031
105.68000793457031
104.51000213623047
105.8800048828125
104.85000610351563
104.97000885009766
105.1500015258789
104.47000122070313
106.72000885009766
105.260009765625
104.17000579833984
104.7300033569336
105.1500015258789
105.1500015258789
103.45000457763672
103.94000244140625
104.91000366210938
103.3800048828125
106.55999755859375
105.46000671386719
103.93000793457031
103.39000701904297
103.1100082397461
103.25000762939453
103.47000122070313
103.66000366210938
103.9000015258789
104.90000915527344
104.81001281738281
104.08000946044922
103.69000244140625
103.6300048828125
104.47000122070313
104.48001098632813
102.52000427246094
103.49000549316406
102.47000885009766
102.66000366210938
102.0999984741211
103.29000854492188
104.0300064086914
104.19000244140625
103.66000366210938
103.55000305175781
102.89000701904297
104.16000366210938
101.8600082397461
103.74000549316406
102.50000762939453
103.26000213623047
103.1600112915039
103.30001068115234
104.55001068115234
104.42000579833984
103.7300033569336
102.84000396728516
103.61000061035156
103.04000854492188
105.35000610351563
105.8800048828125
105.1100082397461
104.12001037597656
103.95000457763672
102.43000030517578
101.8600082397461
102.76000213623047
103.61000061035156
105.34000396728516
105.63999938964844
104.14000701904297
104.49000549316406
104.18000030517578
105.44999694824219
104.57000732421875
104.43000793457031
106.0
104.85000610351563
105.95000457763672
106.0
106.25000762939453
106.02000427246094
106.61000061035156
106.04000091552734
105.30000305175781
105.35000610351563
105.25000762939453
105.14000701904297
106.05000305175781
106.44000244140625
105.29000091552734
106.80000305175781
106.95000457763672
107.1300048828125
106.11000061035156
105.33000946044922
105.16999816894531
104.3600082397461
104.51000213623047
105.58000183105469
104.260009765625
106.7800064086914
105.06000518798828
104.87000274658203
