102.12001037597656
100.8800048828125
101.95000457763672
102.6500015258789
102.18000793457031
101.5300064086914
103.96000671386719
101.79000854492188
102.42000579833984
101.83999633789063
102.16000366210938
102.2800064086914
102.41000366210938
103.33000183105469
101.97000122070313
104.58000183105469
103.77000427246094
101.83999633789063
102.25
101.10000610351563
103.36000061035156
103.55000305175781
103.58000946044922
103.46000671386719
102.73001098632813
103.0300064086914
104.14000701904297
103.13999938964844
101.54000091552734
103.22000122070313
102.60000610351563
102.25
102.43000030517578
101.49000549316406
101.45000457763672
101.79000854492188
104.50000762939453
103.7300033569336
102.85000610351563
104.68000793457031
105.29000091552734
106.17000579833984
104.52000427246094
104.52999877929688
103.29000854492188
106.02000427246094
103.3499984741211
102.50000762939453
102.87001037597656
102.6300048828125
104.99000549316406
102.96000671386719
102.80000305175781
102.80999755859375
102.4800033569336
100.82000732421875
103.12000274658203
103.13999938964844
101.88999938964844
103.7300033569336
100.89000701904297
100.46000671386719
100.67000579833984
99.4100112915039
100.70999908447266
99.62001037597656
98.26000213623047
98.45000457763672
98.77000427246094
100.75000762939453
99.87000274658203
100.73001098632813
101.11000061035156
100.91999816894531
100.60000610351563
100.68000793457031
100.9000015258789
99.30000305175781
100.73001098632813
100.2800064086914
100.8800048828125
102.42000579833984
102.07000732421875
101.44000244140625
102.05001068115234
101.3600082397461
102.62000274658203
103.27999877929688
102.45001220703125
102.45001220703125
102.08000183105469
101.760009765625
101.5300064086914
102.19001007080078
104.19000244140625
101.79000854492188
103.61000061035156
102.33000946044922
102.57000732421875
101.44000244140625
101.52000427246094
101.74000549316406
104.75
104.35000610351563
102.08000183105469
102.93000030517578
102.52000427246094
102.1500015258789
102.45001220703125
101.8800048828125
104.31999969482422
104.57000732421875
102.11000061035156
103.02000427246094
103.8600082397461
103.67000579833984
104.54000854492188
103.31000518798828
102.56000518798828
106.13999938964844
105.4800033569336
102.77000427246094
102.57000732421875
101.93000793457031
101.92000579833984
101.46000671386719
102.05001068115234
101.83999633789063
102.72000122070313
101.010009765625
99.47000122070313
100.0
100.86000061035156
100.510009765625
100.06000518798828
100.1500015258789
99.22000885009766
100.67000579833984
100.89000701904297
101.43000793457031
100.30000305175781
100.8800048828125
99.82000732421875
101.30000305175781
101.24000549316406
100.72000122070313
99.7300033569336
100.72000122070313
102.40000915527344
100.49000549316406
99.50000762939453
99.69001007080078
98.27000427246094
98.75
99.50000762939453
99.49000549316406
99.6500015258789
102.66999816894531
102.66000366210938
100.68000793457031
98.67000579833984
97.37000274658203
98.94000244140625
98.0
97.5
97.5
100.3800048828125
100.44000244140625
100.46000671386719
100.80001068115234
100.510009765625
101.2300033569336
99.49000549316406
101.6300048828125
100.02000427246094
101.24000549316406
99.51000213623047
100.07000732421875
98.18000793457031
99.75
99.51000213623047
99.0300064086914
100.23001098632813
98.98001098632813
98.60000610351563
97.35000610351563
98.96000671386719
99.51000213623047
99.70000457763672
100.36000061035156
100.20000457763672
102.68000793457031
101.18000030517578
100.81000518798828
99.57000732421875
100.56999969482422
101.74000549316406
104.47000122070313
103.93000793457031
102.14000701904297
102.20000457763672
101.85000610351563
102.83000946044922
102.20000457763672
102.97000885009766
102.54000854492188
102.50000762939453
102.41000366210938
101.9100112915039
102.77000427246094
102.96000671386719
102.66999816894531
102.8800048828125
103.20999908447266
102.29000091552734
102.84000396728516
102.11000061035156
103.20000457763672
102.41000366210938
102.43000030517578
104.93000030517578
105.44999694824219
103.39000701904297
104.49000549316406
104.33000183105469
103.85000610351563
104.56000518798828
104.31999969482422
106.3800048828125
106.06001281738281
106.04000091552734
103.26000213623047
104.260009765625
104.6300048828125
104.90000915527344
103.43000793457031
102.73001098632813
103.31000518798828
101.90000915527344
103.6300048828125
103.77000427246094
104.44000244140625
104.80000305175781
103.4000015258789
105.99000549316406
103.55000305175781
103.26000213623047
102.6100082397461
102.6300048828125
101.75
104.35000610351563
102.66999816894531
102.42000579833984
103.56001281738281
101.15000915527344
103.15000915527344
102.90000915527344
101.75
104.19999694824219
102.96000671386719
101.49000549316406
103.19000244140625
102.77000427246094
103.43000793457031
102.59001159667969
101.90000915527344
101.69000244140625
99.38999938964844
100.19000244140625
101.60000610351563
100.05000305175781
100.04000854492188
101.58000946044922
100.5
99.66000366210938
100.43000030517578
100.26000213623047
98.58000946044922
100.62000274658203
98.70001220703125
100.79000854492188
98.83000183105469
102.96000671386719
101.5300064086914
100.52000427246094
100.55000305175781
101.74000549316406
100.73001098632813
100.93000793457031
100.6100082397461
99.30000305175781
99.11000061035156
101.0
98.91999816894531
100.41000366210938
101.39000701904297
103.010009765625
100.8499984741211
101.74000549316406
103.10000610351563
103.26000213623047
102.45001220703125
99.95001220703125
101.80000305175781
102.94000244140625
100.5300064086914
101.88999938964844
101.95999908447266
103.3499984741211
100.86000061035156
103.04000854492188
101.68000030517578
100.99000549316406
102.9800033569336
102.66999816894531
102.31001281738281
102.36000061035156
104.38999938964844
105.00000762939453
102.94999694824219
103.49000549316406
103.94000244140625
103.74000549316406
102.66999816894531
100.86000061035156
100.60000610351563
100.42000579833984
100.19000244140625
101.75
100.82000732421875
102.89000701904297
103.1600112915039
102.59001159667969
101.75
101.74000549316406
102.260009765625
102.19001007080078
102.16000366210938
101.88999938964844
101.55000305175781
103.08999633789063
103.24000549316406
101.7300033569336
101.58000946044922
100.94001007080078
100.37001037597656
101.79000854492188
102.96000671386719
104.57000732421875
103.10000610351563
101.95000457763672
102.85000610351563
101.68000030517578
100.99000549316406
101.9100112915039
101.80000305175781
102.52000427246094
101.46000671386719
100.80001068115234
101.99000549316406
104.19000244140625
105.09001159667969
104.43000793457031
104.64000701904297
102.24000549316406
104.67001342773438
103.36000061035156
102.86000061035156
103.15000915527344
101.81999969482422
103.34000396728516
101.67000579833984
101.71000671386719
103.3800048828125
103.37001037597656
103.65000915527344
103.0
101.21000671386719
101.71000671386719
103.66000366210938
102.75000762939453
100.29000091552734
102.84000396728516
103.56001281738281
102.52999877929688
101.6300048828125
102.73001098632813
102.58000183105469
101.94000244140625
102.56000518798828
101.99000549316406
100.44999694824219
100.72000122070313
102.31001281738281
100.73001098632813
102.24000549316406
102.73001098632813
101.3800048828125
103.22000122070313
101.7300033569336
100.86000061035156
100.70999908447266
101.11000061035156
99.56000518798828
99.760009765625
99.1300048828125
101.48001098632813
101.97000122070313
99.58000183105469
98.19000244140625
99.29000854492188
98.45000457763672
101.66000366210938
100.510009765625
101.29000854492188
98.77999877929688
102.30000305175781
99.11000061035156
99.51000213623047
100.73001098632813
100.22000122070313
100.16000366210938
99.00000762939453
100.30999755859375
100.72000122070313
101.06001281738281
101.35000610351563
100.4800033569336
102.14000701904297
103.15000915527344
104.19999694824219
105.41000366210938
104.15000915527344
104.85000610351563
105.60000610351563
103.32000732421875
102.3800048828125
102.79000091552734
102.20000457763672
100.55000305175781
101.10000610351563
101.57000732421875
102.40000915527344
101.87000274658203
102.59001159667969
101.4000015258789
103.96000671386719
101.66000366210938
101.31000518798828
101.61000061035156
101.32000732421875
100.32000732421875
101.11000061035156
99.97000885009766
102.18000793457031
98.4800033569336
99.91000366210938
98.69000244140625
100.01000213623047
101.59000396728516
101.27000427246094
100.32000732421875
99.87000274658203
99.7800064086914
99.05000305175781
100.41000366210938
101.17000579833984
98.19000244140625
98.99000549316406
100.3800048828125
98.22000122070313
98.20000457763672
98.06999969482422
98.57000732421875
99.3800048828125
99.82000732421875
100.42000579833984
100.58000183105469
100.10000610351563
99.95001220703125
98.5
101.31000518798828
100.01000213623047
102.14000701904297
100.32000732421875
101.49000549316406
100.68000793457031
101.48001098632813
100.87001037597656
100.79000854492188
99.7300033569336
99.33999633789063
99.10000610351563
99.29000854492188
99.43000793457031
99.72000122070313
100.1300048828125
100.9000015258789
101.0
100.35000610351563
100.70999908447266
100.47000885009766
100.75000762939453
102.1300048828125
103.0300064086914
100.40000915527344
100.5300064086914
101.16000366210938
98.49000549316406
98.34000396728516
99.260009765625
99.2300033569336
100.77999877929688
98.46000671386719
100.47000885009766
101.68000030517578
101.5300064086914
101.5300064086914
101.7800064086914
98.22000122070313
100.91000366210938
103.89000701904297
102.72000122070313
100.16000366210938
103.55000305175781
103.80000305175781
104.10000610351563
103.85000610351563
104.35000610351563
104.77000427246094
103.52000427246094
102.70000457763672
103.13999938964844
102.75000762939453
102.46000671386719
103.4000015258789
102.22000122070313
100.82000732421875
101.15000915527344
100.4800033569336
100.40000915527344
101.29000854492188
101.0
101.27999877929688
102.57000732421875
103.85000610351563
104.34001159667969
103.93000793457031
104.17000579833984
105.33000946044922
105.60000610351563
104.50000762939453
103.87000274658203
104.05000305175781
103.7300033569336
105.33000946044922
105.1100082397461
104.31999969482422
103.55000305175781
103.80000305175781
102.84000396728516
101.88999938964844
101.5300064086914
103.25000762939453
102.31001281738281
103.76000213623047
102.58000183105469
101.61000061035156
102.72000122070313
103.04000854492188
100.30999755859375
100.04000854492188
101.98001098632813
101.7300033569336
103.23001098632813
103.15000915527344
101.3800048828125
99.55001068115234
101.69000244140625
101.72000885009766
101.83999633789063
100.52000427246094
101.39000701904297
101.13999938964844
102.11000061035156
103.29000854492188
100.83000183105469
101.27000427246094
101.37000274658203
100.9000015258789
102.6500015258789
100.12000274658203
100.510009765625
102.91000366210938
100.93000793457031
101.27999877929688
102.2300033569336
99.88999938964844
100.9800033569336
101.7800064086914
102.52000427246094
103.60000610351563
99.68000793457031
101.85000610351563
102.62000274658203
102.17001342773438
100.25000762939453
100.86000061035156
101.93000793457031
100.84000396728516
100.70999908447266
101.34001159667969
99.52000427246094
101.69999694824219
99.97000885009766
98.75
97.86000061035156
97.4800033569336
97.60000610351563
97.99000549316406
98.13999938964844
99.17000579833984
100.22000122070313
99.18000030517578
97.8800048828125
98.8600082397461
98.47000122070313
99.81001281738281
99.11000061035156
97.83000183105469
99.7300033569336
98.93000793457031
99.260009765625
99.66000366210938
100.0
98.91000366210938
99.29000854492188
98.96000671386719
99.14000701904297
99.84000396728516
98.84001159667969
100.22000122070313
103.1300048828125
101.25000762939453
101.15000915527344
100.9000015258789
101.52000427246094
101.8800048828125
101.94000244140625
100.77000427246094
101.87000274658203
101.52000427246094
101.85000610351563
99.84000396728516
100.6100082397461
101.59000396728516
99.47000122070313
103.08999633789063
100.25000762939453
104.49000549316406
104.6300048828125
101.35000610351563
101.2300033569336
101.15000915527344
99.43000793457031
98.31000518798828
98.15000915527344
99.10000610351563
101.60000610351563
102.12001037597656
101.87000274658203
101.760009765625
101.8600082397461
101.58000946044922
102.68000793457031
102.93000030517578
99.97000885009766
100.6100082397461
101.24000549316406
101.33000183105469
101.37000274658203
101.80000305175781
101.39000701904297
102.14000701904297
102.45001220703125
102.35000610351563
101.2300033569336
100.81000518798828
101.4000015258789
101.44000244140625
98.70001220703125
101.37000274658203
99.96000671386719
99.07000732421875
101.52000427246094
100.80001068115234
101.32000732421875
101.95000457763672
101.7800064086914
100.72000122070313
98.9000015258789
100.40000915527344
98.74000549316406
101.31000518798828
101.72000885009766
102.34000396728516
101.51000213623047
99.92000579833984
99.81001281738281
101.5300064086914
104.45000457763672
103.37001037597656
104.52999877929688
103.84001159667969
103.58000946044922
104.88999938964844
102.42000579833984
101.4000015258789
102.35000610351563
102.8800048828125
102.51000213623047
101.48001098632813
101.90000915527344
101.83999633789063
102.1300048828125
102.17001342773438
102.9800033569336
103.61000061035156
102.79000091552734
105.23001098632813
106.71000671386719
105.30000305175781
104.47000122070313
102.66999816894531
101.85000610351563
102.09000396728516
102.2800064086914
101.04000091552734
103.80000305175781
103.71000671386719
100.91999816894531
103.61000061035156
101.52000427246094
100.04000854492188
98.89000701904297
98.94000244140625
99.25
100.75000762939453
99.33999633789063
100.04000854492188
101.66000366210938
100.87001037597656
100.8499984741211
101.55999755859375
99.91000366210938
99.92000579833984
100.41000366210938
100.72000122070313
102.07000732421875
103.3499984741211
101.25000762939453
101.54000091552734
102.29000091552734
100.20000457763672
103.33000183105469
102.41000366210938
103.010009765625
102.2800064086914
103.1600112915039
100.91999816894531
101.08000946044922
101.26000213623047
102.11000061035156
102.69000244140625
100.02000427246094
102.69000244140625
98.6300048828125
104.19999694824219
103.87000274658203
103.85000610351563
104.04000091552734
101.29000854492188
104.3600082397461
103.25000762939453
102.2800064086914
103.71000671386719
103.19000244140625
103.95000457763672
102.54000854492188
102.34000396728516
102.52000427246094
103.3800048828125
103.58000946044922
100.1100082397461
101.60000610351563
103.33000183105469
102.1300048828125
103.31000518798828
102.91000366210938
103.17000579833984
101.99000549316406
102.77000427246094
101.24000549316406
102.07000732421875
103.6300048828125
101.94000244140625
102.33000946044922
102.51000213623047
102.6500015258789
102.56000518798828
102.55000305175781
103.76000213623047
103.26000213623047
103.08999633789063
104.6300048828125
104.96000671386719
103.72000885009766
103.44001007080078
102.92000579833984
102.90000915527344
104.24000549316406
103.46000671386719
102.27000427246094
104.1300048828125
102.69000244140625
102.6300048828125
102.02999877929688
101.34001159667969
102.69000244140625
102.69000244140625
103.19000244140625
102.57000732421875
100.05000305175781
100.02999877929688
99.87000274658203
99.92000579833984
101.0300064086914
102.05001068115234
102.37000274658203
101.5300064086914
100.84000396728516
102.04000854492188
101.39000701904297
102.6100082397461
100.1300048828125
101.41000366210938
100.510009765625
102.36000061035156
101.16000366210938
101.68000030517578
102.21000671386719
103.30001068115234
101.0300064086914
101.65000915527344
102.22000122070313
101.80000305175781
102.64000701904297
100.18000793457031
101.17000579833984
100.29000091552734
99.2300033569336
100.08000183105469
100.37001037597656
99.91000366210938
98.31000518798828
99.35000610351563
99.42000579833984
98.30001068115234
99.96000671386719
100.05000305175781
99.59000396728516
99.99000549316406
99.59000396728516
100.16000366210938
98.20000457763672
99.42000579833984
99.61000061035156
101.09000396728516
101.0300064086914
100.510009765625
100.77999877929688
100.65000915527344
100.82000732421875
101.7800064086914
101.92000579833984
100.80001068115234
100.05000305175781
98.79000854492188
100.46000671386719
100.05000305175781
101.21000671386719
99.19999694824219
99.05000305175781
98.71000671386719
99.55001068115234
96.8800048828125
99.07000732421875
100.32000732421875
99.31000518798828
100.6100082397461
97.08000183105469
98.27999877929688
99.19999694824219
99.88999938964844
98.47000122070313
99.82000732421875
98.98001098632813
98.54000091552734
99.45000457763672
99.55001068115234
99.30000305175781
100.25000762939453
99.18000030517578
98.4800033569336
99.10000610351563
99.58000183105469
99.87000274658203
100.08000183105469
97.77000427246094
98.39000701904297
98.20999908447266
100.02999877929688
98.60000610351563
99.0300064086914
99.37000274658203
100.63999938964844
99.95001220703125
101.81999969482422
99.75
100.70000457763672
101.99000549316406
101.79000854492188
100.30000305175781
101.09000396728516
104.02000427246094
103.41000366210938
101.37000274658203
100.76000213623047
101.54000091552734
103.04000854492188
103.42001342773438
104.31999969482422
103.7300033569336
100.95000457763672
101.3600082397461
102.43000030517578
101.71000671386719
102.56000518798828
101.69000244140625
103.19000244140625
102.41000366210938
102.55000305175781
101.44000244140625
101.61000061035156
102.6500015258789
100.10000610351563
98.34000396728516
100.65000915527344
99.49000549316406
100.99000549316406
99.95001220703125
101.69999694824219
102.80999755859375
98.58000946044922
100.8800048828125
99.58000183105469
101.75
101.31000518798828
101.47000122070313
102.59001159667969
101.79000854492188
103.1600112915039
102.83000946044922
103.20000457763672
104.3800048828125
105.20000457763672
103.19000244140625
102.25
102.49000549316406
102.64000701904297
103.6300048828125
102.37000274658203
103.46000671386719
101.93000793457031
102.12001037597656
101.37000274658203
101.41000366210938
101.58000946044922
102.64000701904297
102.4800033569336
103.06000518798828
100.82000732421875
103.23001098632813
101.06001281738281
102.00000762939453
104.14000701904297
102.7800064086914
104.09000396728516
103.95000457763672
102.69000244140625
105.82000732421875
105.87001037597656
104.1300048828125
103.510009765625
103.23001098632813
105.5
104.79000091552734
103.93000793457031
104.31999969482422
106.010009765625
105.30000305175781
103.34000396728516
106.60000610351563
104.15000915527344
104.85000610351563
105.40000915527344
104.11000061035156
104.6500015258789
105.70999908447266
105.9800033569336
105.24000549316406
104.72000122070313
104.260009765625
105.80001068115234
103.89000701904297
107.55000305175781
106.87000274658203
108.02000427246094
106.46000671386719
105.260009765625
106.97000122070313
104.62001037597656
105.52000427246094
106.55000305175781
104.72000122070313
105.43000030517578
104.64000701904297
105.42000579833984
104.67001342773438
102.6500015258789
103.22000122070313
103.54000091552734
104.0300064086914
104.96000671386719
104.59000396728516
102.64000701904297
104.97000885009766
104.24000549316406
105.84000396728516
106.43000793457031
105.6600112915039
104.42000579833984
103.62000274658203
102.42000579833984
103.99000549316406
104.51000213623047
106.0
105.44999694824219
104.02000427246094
106.20001220703125
105.97000122070313
104.79000091552734
104.5999984741211
102.92000579833984
101.90000915527344
101.54000091552734
101.51000213623047
101.22000885009766
103.3499984741211
102.1500015258789
103.47000122070313
102.32000732421875
101.43000793457031
102.69000244140625
102.47000885009766
101.57000732421875
101.95000457763672
102.51000213623047
102.76000213623047
102.43000030517578
102.64000701904297
101.52000427246094
101.41999816894531
101.12000274658203
100.35000610351563
101.2300033569336
100.30000305175781
101.2300033569336
103.27999877929688
102.96000671386719
102.06000518798828
101.94000244140625
102.4800033569336
101.41999816894531
101.30000305175781
102.99000549316406
101.8800048828125
101.13999938964844
101.05000305175781
101.8600082397461
101.95000457763672
103.5
103.77999877929688
103.97000122070313
104.11000061035156
104.38999938964844
103.08999633789063
101.77000427246094
101.87000274658203
103.24000549316406
103.24000549316406
102.11000061035156
103.36000061035156
102.47000885009766
104.47000122070313
101.99000549316406
103.84001159667969
103.83000183105469
104.54000854492188
101.8600082397461
102.94999694824219
103.1300048828125
102.57000732421875
103.06000518798828
104.45999908447266
102.66000366210938
100.25000762939453
101.85000610351563
100.82000732421875
100.39000701904297
101.760009765625
103.31000518798828
104.15000915527344
104.22000885009766
102.90000915527344
101.93000793457031
102.33000946044922
102.94000244140625
103.59000396728516
101.62001037597656
101.61000061035156
101.80000305175781
103.30001068115234
104.38999938964844
102.38999938964844
103.91000366210938
102.32000732421875
102.52000427246094
101.46000671386719
103.0300064086914
102.56000518798828
103.84001159667969
104.10000610351563
102.08000183105469
103.95000457763672
101.93000793457031
105.8800048828125
104.88999938964844
104.42000579833984
102.9800033569336
104.3600082397461
102.94999694824219
101.58000946044922
103.77000427246094
104.71000671386719
102.36000061035156
102.66999816894531
105.43000030517578
104.14000701904297
103.0300064086914
101.46000671386719
103.27999877929688
103.93000793457031
105.5
102.40000915527344
104.9800033569336
103.70001220703125
102.21000671386719
103.57000732421875
102.29000091552734
102.80999755859375
103.20000457763672
103.34000396728516
102.52000427246094
104.19000244140625
102.22000122070313
102.0999984741211
99.81001281738281
100.80001068115234
101.3800048828125
101.17000579833984
102.4800033569336
101.0300064086914
101.0
99.96000671386719
100.18000793457031
101.99000549316406
101.83999633789063
100.60000610351563
101.55000305175781
100.07000732421875
100.22000122070313
99.47000122070313
101.06001281738281
99.93000030517578
100.08000183105469
99.94000244140625
100.0
99.56000518798828
100.02000427246094
101.12000274658203
102.29000091552734
103.20999908447266
100.9000015258789
102.2800064086914
100.70000457763672
100.91000366210938
100.37001037597656
101.69000244140625
102.09000396728516
102.32000732421875
102.75000762939453
101.81999969482422
102.60000610351563
103.71000671386719
101.55000305175781
102.77000427246094
103.05000305175781
103.29000854492188
100.510009765625
101.0300064086914
100.34000396728516
100.19000244140625
100.89000701904297
100.93000793457031
101.7800064086914
100.46000671386719
101.74000549316406
100.94001007080078
101.52000427246094
99.22000885009766
100.9800033569336
100.22000122070313
99.49000549316406
100.4800033569336
101.20001220703125
101.27000427246094
103.20000457763672
102.71000671386719
104.19999694824219
103.91999816894531
103.510009765625
105.05000305175781
104.31999969482422
103.76000213623047
104.52000427246094
103.60000610351563
101.69999694824219
102.21000671386719
101.80000305175781
100.16000366210938
100.65000915527344
101.35000610351563
100.87001037597656
99.58000183105469
100.14000701904297
100.40000915527344
101.69000244140625
101.46000671386719
101.60000610351563
100.06000518798828
100.02000427246094
100.19000244140625
99.45000457763672
100.25000762939453
101.80000305175781
102.17001342773438
99.81001281738281
100.93000793457031
99.33999633789063
100.24000549316406
100.29000091552734
100.91000366210938
98.99000549316406
96.92000579833984
97.260009765625
99.77000427246094
100.41000366210938
99.52000427246094
99.79000091552734
100.10000610351563
98.98001098632813
98.96000671386719
100.8800048828125
100.79000854492188
102.02999877929688
100.21000671386719
100.07000732421875
101.90000915527344
101.8800048828125
101.74000549316406
100.5300064086914
99.81001281738281
100.52000427246094
101.44000244140625
100.30000305175781
100.58000183105469
100.77000427246094
101.25000762939453
100.6300048828125
99.62001037597656
100.99000549316406
102.82000732421875
101.34001159667969
102.31001281738281
101.72000885009766
102.46000671386719
102.1300048828125
101.17000579833984
101.77000427246094
104.87000274658203
101.93000793457031
100.77000427246094
100.81000518798828
101.74000549316406
103.02000427246094
101.95999908447266
99.87000274658203
100.34000396728516
101.77000427246094
101.58000946044922
102.3800048828125
101.7800064086914
102.02999877929688
104.00000762939453
102.18000793457031
102.90000915527344
104.37000274658203
101.9100112915039
102.47000885009766
102.33000946044922
103.55000305175781
102.79000091552734
103.44001007080078
102.0999984741211
102.52000427246094
104.3800048828125
103.6300048828125
103.95000457763672
101.25000762939453
102.47000885009766
105.59001159667969
103.5
104.55001068115234
102.6300048828125
103.44001007080078
103.76000213623047
105.16000366210938
102.47000885009766
101.92000579833984
101.46000671386719
100.39000701904297
101.8600082397461
103.58000946044922
101.55000305175781
103.37001037597656
103.39000701904297
103.63999938964844
103.5300064086914
104.16000366210938
102.40000915527344
104.09000396728516
104.72000122070313
105.97000122070313
104.4100112915039
103.4000015258789
102.38999938964844
105.08000183105469
105.21000671386719
103.95000457763672
103.99000549316406
101.7300033569336
103.54000091552734
102.66000366210938
101.65000915527344
102.62000274658203
105.06000518798828
104.0300064086914
105.81000518798828
103.52000427246094
104.6300048828125
103.0300064086914
101.87000274658203
100.40000915527344
102.19001007080078
102.57000732421875
102.43000030517578
101.58000946044922
100.70000457763672
99.49000549316406
100.5
99.8800048828125
100.6300048828125
99.2800064086914
101.3800048828125
104.1300048828125
104.61000061035156
104.07000732421875
103.1300048828125
104.0300064086914
102.260009765625
102.260009765625
100.99000549316406
100.73001098632813
102.33000946044922
104.2800064086914
103.57000732421875
102.1500015258789
104.7300033569336
103.8600082397461
105.47000885009766
105.1100082397461
102.80999755859375
102.6100082397461
103.9000015258789
102.07000732421875
104.05999755859375
103.20999908447266
103.15000915527344
103.02000427246094
103.27000427246094
103.29000854492188
102.79000091552734
103.04000854492188
103.3499984741211
102.69000244140625
102.75000762939453
102.9800033569336
103.71000671386719
101.44000244140625
102.11000061035156
102.57000732421875
102.24000549316406
102.2300033569336
101.27999877929688
100.95000457763672
100.60000610351563
102.50000762939453
99.1300048828125
100.41000366210938
100.02999877929688
101.59000396728516
100.37001037597656
100.79000854492188
101.8800048828125
103.25000762939453
100.40000915527344
101.88999938964844
101.06001281738281
101.79000854492188
101.41999816894531
100.49000549316406
100.49000549316406
100.30000305175781
102.2300033569336
102.35000610351563
101.90000915527344
102.84000396728516
102.21000671386719
103.20000457763672
103.13999938964844
104.11000061035156
103.5
104.05999755859375
104.16000366210938
103.27000427246094
101.68000030517578
102.09000396728516
101.33000183105469
98.67000579833984
100.54000854492188
101.67000579833984
101.93000793457031
100.49000549316406
101.3600082397461
101.26000213623047
101.65000915527344
101.72000885009766
100.52000427246094
100.5
101.69999694824219
101.41999816894531
101.75
102.31001281738281
102.11000061035156
101.5300064086914
102.66999816894531
100.9800033569336
101.07000732421875
100.87001037597656
101.5300064086914
101.15000915527344
102.6100082397461
101.85000610351563
102.51000213623047
101.95000457763672
101.34001159667969
101.34001159667969
102.55000305175781
104.49000549316406
102.57000732421875
103.45000457763672
102.37000274658203
102.9800033569336
101.43000793457031
102.76000213623047
101.57000732421875
104.08000946044922
102.00000762939453
104.31999969482422
104.95001220703125
102.80000305175781
101.50000762939453
102.0999984741211
103.62000274658203
103.70001220703125
104.35000610351563
102.21000671386719
101.59000396728516
100.83000183105469
101.47000122070313
101.97000122070313
102.68000793457031
103.34000396728516
103.83000183105469
103.37001037597656
101.79000854492188
101.49000549316406
101.55999755859375
103.45000457763672
103.77000427246094
103.95000457763672
103.7300033569336
104.70000457763672
103.63999938964844
101.12000274658203
100.46000671386719
101.19000244140625
101.90000915527344
100.2800064086914
100.07000732421875
101.13999938964844
99.57000732421875
100.6600112915039
100.5
101.83000183105469
100.26000213623047
101.49000549316406
101.97000122070313
101.9100112915039
101.31000518798828
101.65000915527344
102.29000091552734
100.74000549316406
101.15000915527344
100.94001007080078
101.88999938964844
100.52000427246094
100.39000701904297
99.6500015258789
100.04000854492188
99.93000030517578
100.46000671386719
100.9800033569336
101.92000579833984
99.760009765625
101.21000671386719
101.45000457763672
101.87000274658203
98.79000854492188
100.12000274658203
101.3800048828125
101.59000396728516
99.8800048828125
102.66000366210938
101.67000579833984
100.94001007080078
100.16000366210938
100.94001007080078
100.8800048828125
100.47000885009766
99.2800064086914
100.08000183105469
100.9000015258789
100.1500015258789
99.97000885009766
100.30000305175781
102.79000091552734
102.22000122070313
100.91000366210938
99.14000701904297
99.97000885009766
99.09000396728516
98.54000091552734
98.91999816894531
100.02999877929688
101.0300064086914
101.06001281738281
100.47000885009766
100.5300064086914
100.40000915527344
99.85000610351563
100.60000610351563
101.98001098632813
102.69000244140625
103.7300033569336
101.75
102.42000579833984
103.08999633789063
102.43000030517578
102.58000183105469
101.43000793457031
102.1500015258789
102.06000518798828
103.0300064086914
102.30000305175781
102.22000122070313
101.21000671386719
102.6500015258789
101.71000671386719
101.57000732421875
100.24000549316406
100.4800033569336
99.45999908447266
100.97000122070313
98.1600112915039
98.47000122070313
98.83000183105469
99.17000579833984
98.61000061035156
98.5300064086914
99.47000122070313
99.09000396728516
99.42000579833984
98.94000244140625
99.50000762939453
99.91000366210938
99.8800048828125
98.85000610351563
100.22000122070313
101.20001220703125
100.35000610351563
100.8499984741211
101.65000915527344
103.06999969482422
101.59000396728516
100.99000549316406
99.9800033569336
102.3800048828125
100.42000579833984
99.90000915527344
101.21000671386719
101.30000305175781
100.1100082397461
101.19000244140625
101.44000244140625
100.43000030517578
101.8600082397461
101.13999938964844
102.02999877929688
100.49000549316406
102.08000183105469
102.79000091552734
103.22000122070313
103.8800048828125
101.11000061035156
100.77000427246094
101.24000549316406
101.72000885009766
101.13999938964844
100.84000396728516
102.17001342773438
101.98001098632813
98.67000579833984
100.73001098632813
101.06001281738281
99.40000915527344
100.86000061035156
101.81000518798828
101.55999755859375
100.81000518798828
102.69000244140625
102.82000732421875
102.18000793457031
100.42000579833984
99.50000762939453
99.52000427246094
102.05001068115234
101.39000701904297
100.3800048828125
100.74000549316406
98.23001098632813
99.55001068115234
98.18000793457031
98.29000854492188
98.79000854492188
100.55000305175781
100.63999938964844
101.0300064086914
100.33000946044922
99.66000366210938
101.46000671386719
99.77000427246094
99.57000732421875
99.44000244140625
100.87001037597656
101.26000213623047
100.02000427246094
102.92000579833984
100.91000366210938
98.41999816894531
99.6500015258789
100.05000305175781
100.4800033569336
101.98001098632813
100.23001098632813
101.3800048828125
100.8800048828125
101.41000366210938
100.44999694824219
98.20999908447266
99.12001037597656
101.94000244140625
100.23001098632813
99.51000213623047
100.9800033569336
100.1300048828125
99.74000549316406
100.30999755859375
99.81001281738281
101.2300033569336
99.17000579833984
98.85000610351563
100.96000671386719
99.49000549316406
98.91999816894531
99.33999633789063
101.0300064086914
100.02999877929688
100.82000732421875
99.70000457763672
100.77999877929688
98.6300048828125
100.46000671386719
102.19001007080078
99.19999694824219
103.10000610351563
100.34000396728516
100.6600112915039
100.84000396728516
100.44999694824219
101.32000732421875
100.82000732421875
100.44999694824219
100.22000122070313
101.010009765625
101.7800064086914
102.72000122070313
101.9100112915039
101.69999694824219
102.94999694824219
102.64000701904297
103.27000427246094
103.12000274658203
101.69999694824219
103.06999969482422
100.70000457763672
101.98001098632813
102.02999877929688
103.15000915527344
102.21000671386719
101.09000396728516
102.82000732421875
103.19000244140625
103.20999908447266
101.67000579833984
102.93000030517578
103.08000183105469
101.34001159667969
101.92000579833984
100.4800033569336
101.0
101.81999969482422
100.58999633789063
99.5999984741211
100.510009765625
100.06000518798828
99.97000885009766
100.96000671386719
100.83000183105469
101.83000183105469
100.58000183105469
100.18000793457031
102.22000122070313
100.21000671386719
101.16000366210938
100.40000915527344
98.22000122070313
98.62000274658203
98.84001159667969
99.59000396728516
99.64000701904297
99.56000518798828
100.05000305175781
99.14000701904297
97.46000671386719
98.45000457763672
99.87000274658203
100.35000610351563
100.510009765625
100.93000793457031
100.9000015258789
102.07000732421875
99.90000915527344
100.63999938964844
100.86000061035156
99.92000579833984
99.11000061035156
100.5
100.12000274658203
102.2300033569336
102.32000732421875
103.8600082397461
102.87001037597656
102.19001007080078
100.73001098632813
101.24000549316406
101.95999908447266
101.46000671386719
100.67000579833984
100.29000091552734
101.69999694824219
100.36000061035156
100.5
100.01000213623047
101.12000274658203
101.6300048828125
102.17001342773438
103.17000579833984
103.5300064086914
101.87000274658203
102.50000762939453
101.74000549316406
101.5300064086914
100.84000396728516
97.7800064086914
99.90000915527344
100.76000213623047
100.93000793457031
99.35000610351563
99.37000274658203
100.1100082397461
99.14000701904297
99.83000946044922
100.25000762939453
100.35000610351563
101.61000061035156
101.94000244140625
100.44000244140625
101.30000305175781
100.65000915527344
101.19000244140625
99.80000305175781
100.65000915527344
100.54000854492188
101.64000701904297
101.3600082397461
100.79000854492188
103.19000244140625
101.4000015258789
100.65000915527344
102.40000915527344
102.35000610351563
101.69999694824219
102.0999984741211
101.72000885009766
102.1300048828125
102.18000793457031
101.47000122070313
101.33000183105469
100.87001037597656
100.46000671386719
99.17000579833984
101.12000274658203
100.77999877929688
100.96000671386719
101.45000457763672
101.54000091552734
102.50000762939453
102.74000549316406
103.60000610351563
103.05000305175781
104.62001037597656
103.31000518798828
103.24000549316406
102.04000854492188
102.02000427246094
100.44999694824219
99.760009765625
99.50000762939453
101.81000518798828
101.95000457763672
101.41999816894531
101.81999969482422
102.99000549316406
102.51000213623047
103.80000305175781
103.70001220703125
104.42000579833984
103.46000671386719
103.77999877929688
101.7800064086914
102.86000061035156
104.14000701904297
104.42000579833984
102.55000305175781
102.05001068115234
102.09000396728516
101.69000244140625
101.22000885009766
99.5999984741211
100.26000213623047
99.94000244140625
100.87001037597656
100.91000366210938
101.010009765625
101.22000885009766
101.29000854492188
103.1300048828125
101.1300048828125
102.38999938964844
102.40000915527344
101.58000946044922
102.3800048828125
103.77999877929688
103.87000274658203
102.52000427246094
101.95000457763672
101.97000122070313
101.95999908447266
103.15000915527344
103.1100082397461
104.61000061035156
104.91000366210938
104.47000122070313
105.30999755859375
104.85000610351563
105.18000793457031
105.65000915527344
104.58000183105469
105.93000793457031
104.7300033569336
104.77000427246094
103.3800048828125
102.16000366210938
102.69000244140625
101.94000244140625
101.54000091552734
101.41999816894531
101.10000610351563
101.49000549316406
99.8800048828125
101.08000946044922
101.34001159667969
99.74000549316406
102.70000457763672
102.33000946044922
102.50000762939453
103.30001068115234
103.75000762939453
101.760009765625
100.72000122070313
100.65000915527344
100.93000793457031
100.43000030517578
100.93000793457031
101.24000549316406
99.59000396728516
100.01000213623047
101.010009765625
101.5300064086914
102.07000732421875
102.33000946044922
102.27000427246094
103.010009765625
102.82000732421875
102.17001342773438
101.61000061035156
102.99000549316406
101.69999694824219
103.33000183105469
