102.260009765625
103.47000122070313
102.21000671386719
102.41000366210938
105.2800064086914
105.1500015258789
104.37000274658203
103.46000671386719
102.76000213623047
103.22000122070313
103.47000122070313
103.22000122070313
102.84000396728516
104.97000885009766
103.55000305175781
105.72000122070313
104.99000549316406
102.73001098632813
103.58000946044922
102.6500015258789
102.66999816894531
104.4100112915039
104.31999969482422
103.3499984741211
101.16000366210938
102.52999877929688
103.31000518798828
100.75000762939453
100.8800048828125
103.510009765625
102.36000061035156
102.30000305175781
103.31000518798828
102.45001220703125
100.21000671386719
100.42000579833984
105.16000366210938
102.260009765625
101.85000610351563
102.71000671386719
102.93000030517578
103.98001098632813
102.17001342773438
102.7800064086914
103.37001037597656
103.91999816894531
102.1300048828125
101.69000244140625
101.41999816894531
100.4800033569336
101.87000274658203
100.62000274658203
102.93000030517578
101.60000610351563
101.62001037597656
101.22000885009766
102.01000213623047
101.50000762939453
99.6500015258789
101.06001281738281
100.0
100.08000183105469
100.510009765625
99.21000671386719
100.82000732421875
99.25
97.92000579833984
98.66000366210938
99.760009765625
99.92000579833984
99.2800064086914
99.66999816894531
101.3600082397461
100.02999877929688
99.75
99.70000457763672
99.04000091552734
97.68000793457031
97.01000213623047
99.50000762939453
102.60000610351563
101.97000122070313
102.86000061035156
102.29000091552734
102.71000671386719
100.36000061035156
102.62000274658203
103.75000762939453
102.19001007080078
101.5300064086914
102.18000793457031
98.87000274658203
98.510009765625
98.10000610351563
100.95000457763672
100.27000427246094
101.19000244140625
100.16000366210938
100.5300064086914
100.02999877929688
100.27000427246094
100.33000946044922
103.9000015258789
102.94999694824219
100.8800048828125
102.59001159667969
100.91999816894531
100.62000274658203
101.71000671386719
100.52000427246094
101.62001037597656
100.26000213623047
99.56000518798828
101.44000244140625
100.86000061035156
101.3800048828125
102.80999755859375
101.7800064086914
102.33000946044922
104.2800064086914
103.72000885009766
102.0999984741211
102.18000793457031
100.09001159667969
100.43000030517578
100.72000122070313
102.47000885009766
102.21000671386719
103.54000091552734
101.41999816894531
100.30000305175781
99.96000671386719
100.30000305175781
99.51000213623047
100.08000183105469
99.85000610351563
99.86000061035156
101.32000732421875
100.21000671386719
101.58000946044922
102.04000854492188
101.4000015258789
100.39000701904297
100.60000610351563
99.94000244140625
100.82000732421875
99.96000671386719
101.93000793457031
100.70999908447266
101.1300048828125
99.44000244140625
102.02000427246094
100.65000915527344
101.08000946044922
101.04000091552734
101.45000457763672
100.34000396728516
101.17000579833984
101.94000244140625
101.6300048828125
100.02999877929688
99.87000274658203
99.66000366210938
98.13999938964844
98.82000732421875
96.97000122070313
99.19999694824219
99.83000946044922
100.09001159667969
100.5300064086914
99.69001007080078
99.27000427246094
97.45001220703125
99.260009765625
99.0300064086914
100.10000610351563
99.66000366210938
101.18000030517578
99.97000885009766
101.30000305175781
101.81999969482422
100.5
99.52999877929688
100.40000915527344
99.70000457763672
98.0300064086914
100.14000701904297
101.33000183105469
102.4800033569336
103.4000015258789
103.08999633789063
104.12001037597656
103.15000915527344
103.89000701904297
103.69000244140625
102.1300048828125
102.86000061035156
103.93000793457031
102.94999694824219
101.71000671386719
102.43000030517578
103.02000427246094
103.77000427246094
102.6100082397461
102.7800064086914
101.7300033569336
99.74000549316406
102.3800048828125
101.0300064086914
100.30999755859375
101.58000946044922
102.01000213623047
102.33000946044922
101.75
102.11000061035156
102.43000030517578
101.8800048828125
101.47000122070313
100.6300048828125
101.04000091552734
103.46000671386719
103.45000457763672
100.9800033569336
101.09000396728516
100.91999816894531
101.43000793457031
102.73001098632813
101.79000854492188
103.06999969482422
104.54000854492188
104.87000274658203
101.48001098632813
101.94000244140625
101.62001037597656
101.95000457763672
101.15000915527344
101.1300048828125
102.34000396728516
101.66000366210938
100.97000122070313
102.52999877929688
101.8800048828125
102.25
102.64000701904297
104.42000579833984
101.75
101.45000457763672
99.51000213623047
100.63999938964844
98.74000549316406
100.24000549316406
99.2800064086914
100.09001159667969
101.9100112915039
100.47000885009766
102.22000122070313
102.24000549316406
100.76000213623047
103.26000213623047
103.37001037597656
102.16000366210938
103.06999969482422
103.49000549316406
104.40000915527344
102.69000244140625
102.75000762939453
102.70000457763672
99.77000427246094
100.29000091552734
103.93000793457031
102.41000366210938
102.06000518798828
103.32000732421875
102.59001159667969
101.95999908447266
102.25
102.20000457763672
101.75
103.46000671386719
102.49000549316406
103.55000305175781
102.38999938964844
104.52000427246094
103.93000793457031
104.17000579833984
102.47000885009766
103.3499984741211
102.1500015258789
101.30000305175781
102.66000366210938
100.34000396728516
100.54000854492188
100.87001037597656
100.49000549316406
102.44000244140625
101.62001037597656
105.80001068115234
103.010009765625
104.02000427246094
106.35000610351563
105.02999877929688
104.1300048828125
101.98001098632813
103.43000793457031
103.4800033569336
104.04000091552734
103.96000671386719
104.5999984741211
107.22000122070313
105.54000854492188
104.64000701904297
102.89000701904297
103.41000366210938
104.27000427246094
103.5
104.47000122070313
103.98001098632813
104.96000671386719
105.72000122070313
102.66999816894531
103.77999877929688
102.90000915527344
102.77000427246094
103.60000610351563
100.62000274658203
100.89000701904297
101.24000549316406
100.5
101.51000213623047
99.70000457763672
101.31000518798828
101.69000244140625
101.66000366210938
100.2800064086914
99.74000549316406
102.59001159667969
102.11000061035156
101.35000610351563
101.88999938964844
101.25000762939453
101.64000701904297
100.43000030517578
99.8800048828125
100.08000183105469
100.52000427246094
100.73001098632813
102.55000305175781
101.47000122070313
103.76000213623047
103.0300064086914
102.04000854492188
103.02000427246094
102.00000762939453
102.84000396728516
101.39000701904297
102.60000610351563
103.58000946044922
102.41000366210938
103.94000244140625
104.35000610351563
105.16000366210938
105.42000579833984
105.91000366210938
105.46000671386719
105.24000549316406
105.52000427246094
105.30000305175781
104.47000122070313
103.91000366210938
103.4000015258789
103.79000854492188
104.47000122070313
105.42000579833984
104.55001068115234
104.24000549316406
104.70000457763672
104.58000183105469
103.56001281738281
102.60000610351563
102.8800048828125
102.36000061035156
102.68000793457031
104.05000305175781
103.95000457763672
100.67000579833984
101.71000671386719
101.26000213623047
103.30001068115234
101.95000457763672
102.35000610351563
103.22000122070313
103.18000793457031
105.16999816894531
105.56000518798828
102.40000915527344
105.260009765625
105.16999816894531
105.19000244140625
104.3600082397461
104.45000457763672
102.64000701904297
102.32000732421875
101.75
102.25
101.760009765625
100.95000457763672
103.37001037597656
103.60000610351563
102.12001037597656
100.73001098632813
102.66000366210938
101.16000366210938
103.43000793457031
102.01000213623047
103.06999969482422
102.33000946044922
103.71000671386719
100.26000213623047
100.89000701904297
101.87000274658203
101.26000213623047
101.25000762939453
99.94000244140625
101.64000701904297
101.31000518798828
101.95000457763672
102.00000762939453
99.59000396728516
102.4800033569336
103.08999633789063
104.57000732421875
103.52000427246094
103.34000396728516
104.18000030517578
105.3800048828125
105.10000610351563
104.77000427246094
104.59000396728516
103.34000396728516
101.71000671386719
102.87001037597656
102.97000885009766
104.17000579833984
104.92000579833984
104.56000518798828
102.18000793457031
103.30001068115234
103.7300033569336
102.66999816894531
103.1600112915039
103.3499984741211
102.36000061035156
102.97000885009766
103.13999938964844
104.29000854492188
101.71000671386719
103.19000244140625
102.50000762939453
104.15000915527344
104.70000457763672
104.43000793457031
102.55000305175781
104.61000061035156
104.86000061035156
103.70001220703125
104.35000610351563
105.93000793457031
103.8800048828125
104.19000244140625
105.06000518798828
103.37001037597656
103.31000518798828
104.21000671386719
103.85000610351563
106.55000305175781
105.20000457763672
104.40000915527344
104.52000427246094
103.4000015258789
104.88999938964844
102.66000366210938
105.24000549316406
104.14000701904297
103.82000732421875
101.47000122070313
104.25
101.37000274658203
102.79000091552734
100.9800033569336
102.09000396728516
101.69000244140625
101.13999938964844
101.50000762939453
103.22000122070313
101.59000396728516
101.8800048828125
102.62000274658203
103.02000427246094
102.43000030517578
102.47000885009766
102.77000427246094
103.27000427246094
103.94000244140625
104.7300033569336
104.50000762939453
102.84000396728516
102.01000213623047
102.68000793457031
101.35000610351563
100.80001068115234
101.4000015258789
100.20000457763672
104.4100112915039
100.77000427246094
102.19001007080078
100.76000213623047
102.08000183105469
101.45000457763672
102.66999816894531
100.83000183105469
101.58000946044922
104.51000213623047
103.68000030517578
100.99000549316406
103.8800048828125
103.82000732421875
103.32000732421875
104.40000915527344
102.83000946044922
101.90000915527344
103.54000091552734
102.70000457763672
102.91000366210938
101.22000885009766
102.84000396728516
103.3800048828125
102.47000885009766
101.7800064086914
101.8800048828125
100.33000946044922
100.39000701904297
100.65000915527344
100.69000244140625
101.58000946044922
103.34000396728516
102.49000549316406
103.74000549316406
103.59000396728516
102.85000610351563
105.24000549316406
104.02000427246094
102.35000610351563
103.05000305175781
103.20999908447266
103.55000305175781
103.98001098632813
103.37001037597656
103.1100082397461
101.61000061035156
100.94001007080078
99.97000885009766
99.81001281738281
100.24000549316406
102.41000366210938
100.55000305175781
102.01000213623047
101.9100112915039
100.5300064086914
100.77000427246094
102.77000427246094
100.96000671386719
100.14000701904297
101.57000732421875
101.20001220703125
103.72000885009766
103.510009765625
104.22000885009766
101.81000518798828
105.40000915527344
104.22000885009766
104.77000427246094
104.51000213623047
105.3800048828125
104.27000427246094
104.72000122070313
106.02000427246094
104.5999984741211
104.31000518798828
103.56001281738281
104.3600082397461
101.65000915527344
101.93000793457031
101.25000762939453
103.0300064086914
102.2800064086914
102.66000366210938
101.95999908447266
100.69000244140625
103.30001068115234
103.77999877929688
103.5300064086914
104.260009765625
100.6100082397461
100.46000671386719
102.38999938964844
102.2800064086914
100.60000610351563
101.13999938964844
101.71000671386719
101.99000549316406
101.33000183105469
102.57000732421875
100.22000122070313
102.73001098632813
100.89000701904297
101.05000305175781
100.14000701904297
100.44000244140625
100.9800033569336
102.43000030517578
102.02999877929688
101.32000732421875
102.33000946044922
101.15000915527344
101.30000305175781
103.43000793457031
103.3499984741211
104.01000213623047
103.77000427246094
102.00000762939453
102.64000701904297
102.08000183105469
101.93000793457031
100.5
102.12001037597656
101.93000793457031
101.83999633789063
102.99000549316406
102.93000030517578
104.260009765625
104.58000183105469
105.68000793457031
106.4000015258789
105.96000671386719
105.07000732421875
103.71000671386719
104.96000671386719
103.66000366210938
103.010009765625
101.55999755859375
103.71000671386719
102.54000854492188
102.7800064086914
100.91000366210938
103.36000061035156
104.31000518798828
102.31001281738281
104.27000427246094
102.1300048828125
104.6300048828125
103.89000701904297
101.83999633789063
100.94001007080078
102.97000885009766
101.760009765625
100.32000732421875
100.02999877929688
102.20000457763672
103.06999969482422
101.44000244140625
101.39000701904297
102.00000762939453
101.18000030517578
100.16000366210938
101.93000793457031
102.12001037597656
102.2300033569336
102.08000183105469
101.90000915527344
102.97000885009766
102.31001281738281
102.40000915527344
103.87000274658203
103.5300064086914
104.02000427246094
104.42000579833984
103.77000427246094
102.82000732421875
103.7300033569336
101.83999633789063
102.12001037597656
102.84000396728516
102.32000732421875
101.22000885009766
102.89000701904297
103.32000732421875
103.65000915527344
104.08000946044922
103.79000854492188
103.8600082397461
100.87001037597656
101.98001098632813
101.87000274658203
102.60000610351563
103.52000427246094
102.6100082397461
102.89000701904297
101.67000579833984
102.12001037597656
103.62000274658203
104.5999984741211
102.18000793457031
104.19999694824219
103.58000946044922
102.74000549316406
104.84000396728516
102.49000549316406
101.43000793457031
102.77000427246094
102.56000518798828
101.98001098632813
101.52000427246094
102.1300048828125
102.34000396728516
102.05001068115234
101.87000274658203
101.77000427246094
103.08000183105469
102.60000610351563
104.22000885009766
104.5999984741211
104.0300064086914
102.8800048828125
100.79000854492188
99.74000549316406
101.55000305175781
101.13999938964844
99.16000366210938
102.22000122070313
101.55000305175781
100.510009765625
101.87000274658203
99.83000946044922
100.6300048828125
100.54000854492188
101.27000427246094
101.13999938964844
102.60000610351563
102.06000518798828
103.9000015258789
102.51000213623047
102.99000549316406
102.71000671386719
103.34000396728516
101.62001037597656
102.69000244140625
102.59001159667969
102.79000091552734
103.93000793457031
104.42000579833984
101.7800064086914
101.94000244140625
101.3600082397461
100.5300064086914
101.92000579833984
100.69000244140625
100.91999816894531
100.5
102.24000549316406
100.01000213623047
99.75
100.04000854492188
99.80000305175781
101.25000762939453
99.49000549316406
100.70999908447266
98.20999908447266
100.97000122070313
101.760009765625
101.64000701904297
101.49000549316406
101.11000061035156
103.41000366210938
102.17001342773438
101.74000549316406
103.3499984741211
101.34001159667969
101.8600082397461
101.77000427246094
101.30000305175781
100.37001037597656
101.62001037597656
103.12000274658203
100.36000061035156
101.79000854492188
103.1600112915039
103.23001098632813
104.6500015258789
102.90000915527344
102.45001220703125
103.43000793457031
102.09000396728516
100.01000213623047
101.98001098632813
102.22000122070313
99.95001220703125
101.06001281738281
103.12000274658203
102.1300048828125
100.55000305175781
101.04000091552734
103.46000671386719
103.1300048828125
102.60000610351563
103.57000732421875
104.760009765625
103.510009765625
103.0300064086914
102.80000305175781
105.2800064086914
105.09001159667969
104.91000366210938
103.94000244140625
103.58000946044922
104.08000946044922
104.80000305175781
104.27000427246094
103.79000854492188
102.00000762939453
102.60000610351563
104.85000610351563
103.61000061035156
102.18000793457031
103.79000854492188
101.54000091552734
103.15000915527344
103.12000274658203
102.59001159667969
103.77999877929688
103.52000427246094
102.6500015258789
102.70000457763672
103.13999938964844
104.82000732421875
103.06000518798828
104.260009765625
103.39000701904297
104.31000518798828
103.62000274658203
105.39000701904297
104.92000579833984
105.20000457763672
103.18000793457031
103.43000793457031
103.85000610351563
104.91000366210938
104.2800064086914
103.5
102.76000213623047
105.8499984741211
104.72000122070313
105.29000091552734
105.94001007080078
105.59001159667969
104.47000122070313
103.25000762939453
103.85000610351563
103.7300033569336
105.05000305175781
104.07000732421875
104.8800048828125
105.00000762939453
104.260009765625
102.75000762939453
100.87001037597656
100.75000762939453
101.31000518798828
103.91999816894531
102.89000701904297
102.62000274658203
103.42001342773438
103.1300048828125
103.27999877929688
103.66000366210938
103.3499984741211
103.010009765625
104.7300033569336
100.96000671386719
102.22000122070313
100.80001068115234
100.72000122070313
99.38999938964844
99.77000427246094
100.63999938964844
102.17001342773438
98.58000946044922
100.73001098632813
100.47000885009766
101.43000793457031
102.62000274658203
101.10000610351563
101.77000427246094
102.0999984741211
101.61000061035156
101.8800048828125
103.43000793457031
103.23001098632813
103.8800048828125
103.510009765625
103.91000366210938
103.26000213623047
103.20999908447266
102.87001037597656
100.99000549316406
101.97000122070313
102.68000793457031
99.760009765625
101.46000671386719
99.52999877929688
99.96000671386719
98.95000457763672
99.45000457763672
100.02000427246094
101.06001281738281
103.1300048828125
103.34000396728516
100.9000015258789
102.94999694824219
102.12001037597656
103.08999633789063
102.86000061035156
103.82000732421875
101.71000671386719
102.91000366210938
105.47000885009766
105.08000183105469
102.49000549316406
100.56999969482422
102.04000854492188
105.6100082397461
105.12000274658203
103.36000061035156
103.9000015258789
101.19000244140625
102.80999755859375
105.07000732421875
103.79000854492188
102.57000732421875
101.57000732421875
102.86000061035156
102.77000427246094
101.3800048828125
100.18000793457031
100.91999816894531
102.1300048828125
99.47000122070313
99.84000396728516
101.11000061035156
100.36000061035156
102.09000396728516
100.9800033569336
101.57000732421875
103.66000366210938
100.6600112915039
102.37000274658203
101.21000671386719
101.1300048828125
100.62000274658203
101.44000244140625
101.41000366210938
100.6300048828125
101.08000946044922
101.41999816894531
102.42000579833984
101.51000213623047
102.82000732421875
102.89000701904297
102.57000732421875
102.82000732421875
103.94000244140625
101.85000610351563
100.83000183105469
102.0999984741211
100.67000579833984
100.22000122070313
101.0
102.2800064086914
101.06001281738281
100.70000457763672
101.11000061035156
100.30999755859375
99.86000061035156
100.82000732421875
99.80000305175781
101.95999908447266
102.62000274658203
101.50000762939453
102.260009765625
101.48001098632813
101.0
103.05000305175781
104.31000518798828
103.05000305175781
101.95000457763672
101.41999816894531
103.76000213623047
102.9800033569336
101.4000015258789
101.41999816894531
102.99000549316406
101.35000610351563
100.80001068115234
104.29000854492188
103.0
103.67000579833984
102.68000793457031
103.06999969482422
102.0999984741211
104.05000305175781
103.43000793457031
103.58000946044922
102.62000274658203
103.22000122070313
102.43000030517578
101.83000183105469
104.15000915527344
102.08000183105469
103.62000274658203
101.55999755859375
102.75000762939453
101.83000183105469
102.59001159667969
103.20000457763672
103.1100082397461
101.85000610351563
101.69999694824219
101.74000549316406
102.41000366210938
100.9800033569336
100.68000793457031
101.50000762939453
102.76000213623047
102.260009765625
101.94000244140625
102.38999938964844
101.95999908447266
103.76000213623047
101.99000549316406
103.32000732421875
103.95000457763672
104.09000396728516
105.24000549316406
104.64000701904297
103.44001007080078
103.68000030517578
103.81000518798828
103.67000579833984
102.89000701904297
102.12001037597656
103.98001098632813
102.83000946044922
102.76000213623047
103.84001159667969
103.3499984741211
100.84000396728516
99.87000274658203
101.0
102.16000366210938
103.18000793457031
103.62000274658203
103.13999938964844
103.05000305175781
101.43000793457031
102.60000610351563
102.41000366210938
103.62000274658203
102.06000518798828
102.20000457763672
102.57000732421875
103.02000427246094
101.68000030517578
101.44000244140625
100.87001037597656
103.63999938964844
102.32000732421875
103.27999877929688
103.67000579833984
103.43000793457031
105.56999969482422
105.9000015258789
104.42000579833984
105.02999877929688
105.1100082397461
105.74000549316406
104.61000061035156
105.65000915527344
104.50000762939453
104.27000427246094
103.31000518798828
102.76000213623047
104.19999694824219
103.22000122070313
104.77000427246094
104.760009765625
104.52000427246094
105.08000183105469
104.56000518798828
104.260009765625
104.79000091552734
105.62000274658203
103.98001098632813
103.29000854492188
103.23001098632813
103.69000244140625
104.17000579833984
105.34000396728516
103.98001098632813
105.09001159667969
105.96000671386719
103.3800048828125
102.55000305175781
106.43000793457031
104.91000366210938
103.95000457763672
105.49000549316406
104.05000305175781
102.17001342773438
104.08000946044922
103.06999969482422
101.06001281738281
103.89000701904297
103.62000274658203
103.97000122070313
104.260009765625
105.68000793457031
104.54000854492188
102.64000701904297
104.52000427246094
104.87000274658203
103.69000244140625
104.37000274658203
102.52000427246094
103.37001037597656
104.07000732421875
104.12001037597656
104.43000793457031
103.65000915527344
103.98001098632813
101.72000885009766
103.1300048828125
102.80000305175781
104.2300033569336
100.95000457763672
99.02000427246094
100.08000183105469
101.80000305175781
102.46000671386719
102.21000671386719
100.52000427246094
101.02000427246094
102.14000701904297
102.55000305175781
98.84001159667969
100.63999938964844
101.69000244140625
100.82000732421875
100.20000457763672
102.82000732421875
101.15000915527344
100.56999969482422
98.70001220703125
100.32000732421875
102.37000274658203
102.34000396728516
102.82000732421875
103.58000946044922
99.83000946044922
99.74000549316406
100.8800048828125
100.5300064086914
100.37001037597656
100.27000427246094
99.70000457763672
99.83000946044922
102.14000701904297
102.4800033569336
102.09000396728516
102.34000396728516
101.20001220703125
101.3800048828125
102.00000762939453
102.99000549316406
101.8600082397461
100.37001037597656
99.79000091552734
100.63999938964844
102.29000091552734
101.16000366210938
99.760009765625
101.07000732421875
100.69000244140625
101.25000762939453
100.91000366210938
102.4800033569336
100.80001068115234
101.67000579833984
102.11000061035156
101.61000061035156
99.35000610351563
100.16000366210938
100.63999938964844
102.6100082397461
103.80000305175781
104.11000061035156
103.87000274658203
104.33000183105469
103.55000305175781
102.86000061035156
103.99000549316406
105.06000518798828
103.87000274658203
103.62000274658203
102.07000732421875
103.56001281738281
104.40000915527344
102.46000671386719
103.010009765625
101.85000610351563
102.94999694824219
101.83999633789063
101.99000549316406
103.0300064086914
103.81000518798828
102.86000061035156
102.62000274658203
103.24000549316406
102.89000701904297
101.010009765625
102.20000457763672
103.43000793457031
100.77000427246094
102.18000793457031
100.97000122070313
102.2800064086914
101.30000305175781
102.91000366210938
101.46000671386719
102.41000366210938
102.11000061035156
103.1300048828125
103.4800033569336
102.52999877929688
105.09001159667969
103.41000366210938
104.04000091552734
104.00000762939453
103.75000762939453
102.90000915527344
102.70000457763672
103.36000061035156
103.6300048828125
102.90000915527344
104.31999969482422
102.7800064086914
104.45999908447266
102.17001342773438
102.46000671386719
102.68000793457031
103.41000366210938
103.20999908447266
102.22000122070313
102.08000183105469
103.3800048828125
102.57000732421875
103.31000518798828
103.95000457763672
104.05000305175781
103.13999938964844
103.08999633789063
103.010009765625
104.10000610351563
104.3600082397461
103.91000366210938
103.55000305175781
102.14000701904297
101.49000549316406
104.49000549316406
104.44000244140625
103.60000610351563
104.15000915527344
102.02999877929688
102.06000518798828
103.13999938964844
104.92000579833984
103.79000854492188
106.010009765625
103.39000701904297
102.76000213623047
103.32000732421875
103.83000183105469
103.010009765625
103.0300064086914
101.12000274658203
103.20000457763672
104.2300033569336
102.260009765625
103.9000015258789
103.79000854492188
103.8600082397461
103.18000793457031
103.43000793457031
103.85000610351563
102.6500015258789
102.08000183105469
104.85000610351563
104.00000762939453
103.93000793457031
103.02000427246094
102.01000213623047
102.29000091552734
104.01000213623047
102.58000183105469
103.94000244140625
103.61000061035156
103.41000366210938
103.68000030517578
104.00000762939453
105.8800048828125
106.75
105.82000732421875
104.7800064086914
103.98001098632813
102.60000610351563
103.62000274658203
103.77999877929688
102.41000366210938
104.6300048828125
104.6500015258789
104.52000427246094
103.85000610351563
103.29000854492188
102.86000061035156
103.3800048828125
103.1100082397461
103.04000854492188
103.56001281738281
105.1500015258789
103.42001342773438
104.47000122070313
102.45001220703125
103.80000305175781
105.67000579833984
103.5
105.29000091552734
104.37000274658203
105.19000244140625
105.6600112915039
105.52000427246094
105.99000549316406
106.54000091552734
105.54000854492188
105.77999877929688
106.52000427246094
105.59001159667969
104.74000549316406
107.68000793457031
107.36000061035156
107.27000427246094
106.81999969482422
106.65000915527344
106.59000396728516
106.10000610351563
106.510009765625
106.13999938964844
106.04000091552734
105.56999969482422
106.30000305175781
108.1300048828125
109.05999755859375
108.75000762939453
107.21000671386719
106.510009765625
107.52000427246094
105.5
105.56000518798828
105.87001037597656
106.41000366210938
105.46000671386719
104.71000671386719
105.72000122070313
105.1500015258789
105.69000244140625
106.04000091552734
104.88999938964844
105.16999816894531
105.82000732421875
104.52000427246094
105.41000366210938
106.19000244140625
105.41000366210938
104.42000579833984
105.1300048828125
105.43000030517578
104.91000366210938
106.0300064086914
105.93000793457031
106.0300064086914
106.71000671386719
104.91000366210938
105.77999877929688
104.61000061035156
104.12001037597656
103.6300048828125
104.2800064086914
105.70999908447266
105.84000396728516
104.94000244140625
105.44000244140625
106.49000549316406
105.67000579833984
106.19000244140625
106.52000427246094
106.60000610351563
105.43000030517578
105.35000610351563
104.62001037597656
106.64000701904297
105.8800048828125
104.19000244140625
105.67000579833984
105.12000274658203
105.00000762939453
106.94000244140625
107.1500015258789
106.19000244140625
106.05000305175781
105.34000396728516
105.00000762939453
105.10000610351563
104.3800048828125
105.43000030517578
104.7300033569336
104.0300064086914
105.9800033569336
104.47000122070313
104.38999938964844
104.88999938964844
107.04000854492188
105.14000701904297
106.35000610351563
105.16000366210938
105.94001007080078
105.9800033569336
105.25000762939453
106.07000732421875
105.95000457763672
105.4800033569336
106.74000549316406
105.5300064086914
104.34001159667969
103.96000671386719
104.49000549316406
105.46000671386719
105.27000427246094
106.77000427246094
106.74000549316406
104.3800048828125
105.6300048828125
104.3800048828125
104.30000305175781
105.14000701904297
105.73001098632813
106.13999938964844
106.57000732421875
106.49000549316406
106.07000732421875
104.87000274658203
105.9800033569336
106.79000854492188
105.37001037597656
105.49000549316406
106.29000854492188
107.22000122070313
105.25000762939453
104.16000366210938
104.7800064086914
105.69000244140625
104.85000610351563
103.4000015258789
105.24000549316406
105.92001342773438
105.97000122070313
106.09000396728516
106.0300064086914
107.52000427246094
107.56000518798828
108.04000854492188
107.99000549316406
107.9800033569336
106.97000122070313
107.0999984741211
105.79000854492188
106.08000946044922
105.260009765625
105.1100082397461
106.43000793457031
106.68000030517578
105.77999877929688
105.260009765625
106.18000030517578
106.8600082397461
108.25000762939453
105.44999694824219
106.26000213623047
105.09001159667969
105.56999969482422
104.760009765625
104.48001098632813
104.93000030517578
106.80000305175781
106.4000015258789
103.70001220703125
102.9800033569336
104.31000518798828
103.25000762939453
102.66999816894531
104.48001098632813
103.27000427246094
104.19000244140625
103.04000854492188
102.75000762939453
104.33000183105469
105.58000183105469
102.6500015258789
102.36000061035156
103.08999633789063
102.57000732421875
103.25000762939453
103.70001220703125
105.56000518798828
104.96000671386719
105.04000854492188
104.71000671386719
104.47000122070313
105.02000427246094
104.25
104.2300033569336
104.760009765625
102.89000701904297
103.31000518798828
103.70001220703125
103.04000854492188
101.31000518798828
103.37001037597656
103.39000701904297
104.93000030517578
103.8800048828125
103.57000732421875
104.58000183105469
104.19000244140625
102.2300033569336
102.31001281738281
104.3600082397461
104.44000244140625
103.89000701904297
102.94999694824219
104.18000030517578
104.50000762939453
103.08999633789063
102.42000579833984
104.19000244140625
102.90000915527344
102.73001098632813
102.8800048828125
102.73001098632813
101.52000427246094
103.43000793457031
104.05999755859375
102.89000701904297
102.44000244140625
103.25000762939453
103.04000854492188
103.5300064086914
102.32000732421875
103.8800048828125
103.99000549316406
102.46000671386719
103.18000793457031
103.45000457763672
104.71000671386719
103.58000946044922
102.73001098632813
103.59000396728516
104.24000549316406
102.34000396728516
103.47000122070313
102.66000366210938
104.66000366210938
103.96000671386719
103.84001159667969
103.31000518798828
103.62000274658203
104.93000030517578
104.17000579833984
103.97000122070313
105.05000305175781
105.35000610351563
105.29000091552734
105.70000457763672
106.18000030517578
106.06001281738281
105.79000854492188
106.12000274658203
106.5300064086914
105.97000122070313
106.95000457763672
105.83000183105469
106.15000915527344
107.2800064086914
106.2300033569336
106.33000183105469
106.93000793457031
106.3600082397461
107.0999984741211
107.9800033569336
107.25
108.06000518798828
105.6100082397461
107.01000213623047
105.27000427246094
106.50000762939453
105.9800033569336
105.30000305175781
104.5999984741211
105.54000854492188
104.00000762939453
103.76000213623047
103.94000244140625
104.15000915527344
104.31000518798828
103.61000061035156
104.760009765625
103.82000732421875
104.68000793457031
104.87000274658203
103.68000030517578
104.3800048828125
105.08000183105469
105.77000427246094
105.52000427246094
106.41000366210938
105.6100082397461
105.16000366210938
105.41000366210938
107.41000366210938
106.87000274658203
105.32000732421875
106.2300033569336
107.32000732421875
105.49000549316406
104.55001068115234
104.45999908447266
105.1100082397461
104.00000762939453
107.45001220703125
106.55000305175781
105.54000854492188
105.33000946044922
105.37001037597656
105.55000305175781
104.68000793457031
106.61000061035156
105.27000427246094
105.44999694824219
106.71000671386719
103.89000701904297
105.1300048828125
104.17000579833984
104.24000549316406
105.54000854492188
103.60000610351563
105.10000610351563
104.7300033569336
103.3499984741211
103.83000183105469
104.82000732421875
104.7300033569336
105.30000305175781
103.72000885009766
105.01000213623047
104.59000396728516
106.17000579833984
106.09000396728516
105.76000213623047
104.93000030517578
104.95001220703125
104.82000732421875
106.16000366210938
106.88999938964844
105.02000427246094
105.8800048828125
105.16999816894531
106.0
103.7300033569336
105.54000854492188
104.6300048828125
105.89000701904297
106.55999755859375
105.91000366210938
106.3800048828125
107.43000793457031
108.39000701904297
105.62000274658203
105.49000549316406
106.510009765625
106.72000885009766
107.36000061035156
105.8499984741211
106.93000793457031
106.26000213623047
105.59001159667969
105.04000854492188
105.07000732421875
105.60000610351563
106.16000366210938
106.1300048828125
105.25000762939453
105.59001159667969
105.30000305175781
106.26000213623047
104.77000427246094
104.33000183105469
106.05000305175781
104.52999877929688
105.1100082397461
105.260009765625
103.8600082397461
103.9000015258789
104.47000122070313
104.1300048828125
105.84000396728516
105.94001007080078
104.51000213623047
104.94000244140625
104.7300033569336
106.33000183105469
104.50000762939453
105.260009765625
104.2800064086914
104.48001098632813
104.31000518798828
105.40000915527344
103.41000366210938
105.6300048828125
105.89000701904297
105.80001068115234
107.04000854492188
105.05000305175781
106.47000122070313
105.49000549316406
104.84000396728516
105.6600112915039
106.04000091552734
105.74000549316406
105.9000015258789
105.70000457763672
105.34000396728516
105.49000549316406
105.56000518798828
104.80000305175781
104.43000793457031
105.47000885009766
106.52000427246094
107.52000427246094
104.68000793457031
106.3800048828125
104.97000885009766
104.50000762939453
106.5300064086914
107.25
107.4800033569336
104.59000396728516
105.510009765625
105.77999877929688
105.96000671386719
105.52000427246094
107.9800033569336
106.69999694824219
105.33000946044922
105.08000183105469
104.33000183105469
104.260009765625
105.12000274658203
104.33000183105469
103.30001068115234
103.0300064086914
103.93000793457031
102.80000305175781
103.1600112915039
103.02000427246094
103.7300033569336
104.47000122070313
104.74000549316406
106.72000885009766
105.05000305175781
106.39000701904297
105.08000183105469
104.83000946044922
104.52999877929688
104.70000457763672
105.95000457763672
106.64000701904297
106.43000793457031
105.95000457763672
105.56999969482422
104.17000579833984
105.3800048828125
104.90000915527344
106.5300064086914
105.39000701904297
106.510009765625
104.50000762939453
105.30000305175781
104.45999908447266
105.2800064086914
104.93000030517578
106.27000427246094
105.81000518798828
105.41000366210938
105.84000396728516
106.45000457763672
106.510009765625
107.38999938964844
106.55000305175781
105.63999938964844
104.80000305175781
105.41000366210938
106.55000305175781
104.59000396728516
103.44001007080078
102.84000396728516
105.34000396728516
104.11000061035156
104.71000671386719
104.87000274658203
104.51000213623047
104.12001037597656
103.70001220703125
104.7800064086914
105.18000793457031
103.84001159667969
104.92000579833984
104.37000274658203
104.82000732421875
104.48001098632813
103.34000396728516
104.02000427246094
102.72000122070313
103.4800033569336
102.8800048828125
103.4000015258789
104.7800064086914
104.3600082397461
103.80000305175781
103.41000366210938
103.02000427246094
103.08999633789063
103.57000732421875
103.96000671386719
104.49000549316406
104.25
104.59000396728516
102.93000030517578
103.83000183105469
104.21000671386719
106.55999755859375
105.05000305175781
105.9800033569336
106.41000366210938
106.06001281738281
104.75
106.07000732421875
107.11000061035156
105.37001037597656
105.12000274658203
106.88999938964844
105.510009765625
105.83000183105469
106.29000854492188
106.31000518798828
105.46000671386719
106.6300048828125
105.58000183105469
105.83000183105469
106.4000015258789
106.0
105.59001159667969
105.1100082397461
105.04000854492188
105.42000579833984
105.6100082397461
105.14000701904297
104.8800048828125
106.27999877929688
104.3800048828125
104.760009765625
106.54000091552734
105.76000213623047
104.58000183105469
105.77999877929688
105.94001007080078
105.63999938964844
104.49000549316406
104.6300048828125
106.04000091552734
106.32000732421875
107.80999755859375
106.8800048828125
106.1300048828125
104.69001007080078
105.74000549316406
104.67001342773438
105.33000946044922
106.67000579833984
106.61000061035156
104.84000396728516
105.30999755859375
103.7300033569336
104.11000061035156
104.75
104.05999755859375
105.29000091552734
104.29000854492188
105.12000274658203
104.05000305175781
103.510009765625
102.90000915527344
104.18000030517578
104.24000549316406
104.54000854492188
105.04000854492188
104.79000091552734
103.45000457763672
104.81001281738281
104.3600082397461
106.50000762939453
104.9800033569336
104.9800033569336
104.21000671386719
104.88999938964844
105.23001098632813
104.37000274658203
105.34000396728516
104.17000579833984
105.68000793457031
105.14000701904297
105.19000244140625
106.07000732421875
106.45000457763672
105.1300048828125
107.24000549316406
105.2800064086914
105.83000183105469
105.510009765625
105.95000457763672
107.44000244140625
105.41000366210938
104.48001098632813
103.59000396728516
105.44999694824219
107.21000671386719
105.70000457763672
106.90000915527344
106.68000030517578
104.49000549316406
107.96000671386719
107.58000183105469
107.4800033569336
107.02999877929688
107.41000366210938
105.77000427246094
105.65000915527344
106.17000579833984
104.95001220703125
104.71000671386719
105.83000183105469
104.08000946044922
105.41000366210938
105.01000213623047
106.90000915527344
107.25
106.25000762939453
105.29000091552734
105.37001037597656
106.67000579833984
105.1100082397461
105.82000732421875
104.66000366210938
105.77999877929688
104.97000885009766
105.37001037597656
