112.90000915527344
114.68000793457031
113.79000854492188
113.1300048828125
113.98001098632813
114.45999908447266
114.760009765625
114.08000946044922
113.510009765625
113.6100082397461
113.93000793457031
113.9000015258789
114.96000671386719
116.31000518798828
115.89000701904297
116.55999755859375
116.5300064086914
115.52001190185547
115.74000549316406
114.58000183105469
114.49000549316406
116.81999969482422
116.08000946044922
114.70000457763672
114.18000030517578
115.30999755859375
115.95000457763672
115.01000213623047
115.22000122070313
116.24000549316406
114.9800033569336
113.77999877929688
113.68000793457031
115.05000305175781
112.84000396728516
113.1600112915039
116.27999877929688
114.70000457763672
114.40000915527344
113.46000671386719
114.96000671386719
115.1300048828125
113.08000183105469
113.36000061035156
115.56999969482422
115.02000427246094
115.20000457763672
114.19000244140625
114.7800064086914
113.17000579833984
115.46000671386719
113.18000793457031
115.5
116.7800064086914
117.31001281738281
117.29000091552734
116.68000030517578
117.52000427246094
116.0300064086914
117.30000305175781
115.56000518798828
114.52000427246094
116.31000518798828
114.49000549316406
114.64000701904297
114.16000366210938
114.35000610351563
113.76000213623047
112.52999877929688
114.96000671386719
113.29000854492188
114.18000030517578
114.44000244140625
114.47000122070313
113.95000457763672
113.54000091552734
113.83000183105469
112.6100082397461
111.74000549316406
112.6100082397461
116.35000610351563
115.85000610351563
116.07000732421875
116.94000244140625
116.81999969482422
115.44000244140625
116.09000396728516
117.260009765625
114.56000518798828
113.63999938964844
113.59000396728516
111.510009765625
111.4000015258789
113.36000061035156
112.93000030517578
111.4000015258789
113.54000091552734
112.02999877929688
112.47000885009766
113.27000427246094
113.30001068115234
112.35000610351563
115.18000793457031
115.34000396728516
114.2300033569336
113.79000854492188
113.83000183105469
113.80000305175781
115.68000793457031
114.9800033569336
116.19000244140625
116.02000427246094
114.67001342773438
116.35000610351563
116.6300048828125
116.57000732421875
116.24000549316406
113.60000610351563
114.52000427246094
116.67000579833984
113.81000518798828
113.24000549316406
114.25
114.61000061035156
113.04000854492188
116.37000274658203
115.93000793457031
115.35000610351563
116.49000549316406
115.08000183105469
113.1600112915039
113.84001159667969
114.33000183105469
114.92000579833984
115.2800064086914
116.0
115.08000183105469
116.13999938964844
116.10000610351563
115.99000549316406
118.10000610351563
117.37000274658203
116.10000610351563
115.6300048828125
115.30999755859375
117.6500015258789
115.9000015258789
117.35000610351563
116.16000366210938
116.62001037597656
115.79000854492188
117.80000305175781
118.09001159667969
117.40000915527344
116.20001220703125
116.60000610351563
115.76000213623047
116.10000610351563
117.60000610351563
116.34001159667969
115.33000946044922
115.29000091552734
116.20001220703125
117.260009765625
116.70001220703125
114.55001068115234
115.43000030517578
115.10000610351563
115.5
115.60000610351563
115.82000732421875
116.27000427246094
114.4100112915039
115.55000305175781
113.5300064086914
115.56000518798828
114.31000518798828
117.46000671386719
117.42000579833984
117.82000732421875
117.38999938964844
116.85000610351563
115.97000122070313
116.39000701904297
115.99000549316406
116.1300048828125
117.41000366210938
118.06999969482422
118.8800048828125
118.79000854492188
116.5300064086914
118.70001220703125
116.7300033569336
118.510009765625
116.4000015258789
117.3600082397461
116.68000030517578
118.19000244140625
117.12001037597656
115.33000946044922
115.25000762939453
115.18000793457031
116.43000793457031
116.510009765625
117.05001068115234
115.94001007080078
113.44001007080078
116.80000305175781
115.42000579833984
116.02000427246094
116.41000366210938
115.82000732421875
115.5300064086914
114.31999969482422
116.47000122070313
115.95000457763672
115.83000183105469
115.21000671386719
115.260009765625
113.89000701904297
115.60000610351563
116.71000671386719
115.96000671386719
115.32000732421875
114.00000762939453
114.15000915527344
115.67000579833984
115.260009765625
115.21000671386719
115.80001068115234
115.47000885009766
113.23001098632813
115.59001159667969
115.07000732421875
113.23001098632813
113.4800033569336
113.52000427246094
112.6100082397461
113.010009765625
112.05001068115234
112.60000610351563
113.23001098632813
113.68000793457031
113.99000549316406
112.46000671386719
112.2800064086914
111.55000305175781
110.52001190185547
111.13999938964844
108.61000061035156
112.25
111.90000915527344
111.79000854492188
113.77999877929688
112.22000122070313
112.90000915527344
112.96000671386719
112.60000610351563
113.1300048828125
113.85000610351563
114.1300048828125
113.95000457763672
112.34000396728516
113.84001159667969
113.43000793457031
112.46000671386719
114.40000915527344
112.1300048828125
112.21000671386719
114.16000366210938
114.81001281738281
115.1500015258789
115.54000854492188
113.71000671386719
114.1300048828125
114.11000061035156
115.68000793457031
116.39000701904297
115.69000244140625
116.0
116.25000762939453
115.08000183105469
117.06000518798828
115.8800048828125
114.31000518798828
114.75
114.79000091552734
114.25
113.17000579833984
115.34000396728516
114.56000518798828
114.08000946044922
113.91000366210938
114.3600082397461
115.68000793457031
114.59000396728516
117.41000366210938
116.13999938964844
117.68000793457031
118.25000762939453
116.52000427246094
115.97000122070313
113.96000671386719
114.79000091552734
114.49000549316406
115.5
115.5300064086914
116.90000915527344
118.13999938964844
115.56000518798828
117.01000213623047
114.35000610351563
115.74000549316406
116.54000091552734
115.39000701904297
116.20001220703125
117.06000518798828
116.760009765625
116.8800048828125
115.56999969482422
116.77001190185547
116.26000213623047
117.33000946044922
115.22000122070313
114.40000915527344
115.1500015258789
114.64000701904297
114.38999938964844
116.41000366210938
114.2800064086914
115.1300048828125
115.74000549316406
117.71000671386719
115.02999877929688
115.70999908447266
116.04000091552734
116.90000915527344
117.93000030517578
117.97000885009766
116.26000213623047
117.80000305175781
117.31001281738281
115.9000015258789
117.29000091552734
116.41999816894531
115.58000183105469
117.4800033569336
115.69000244140625
118.60000610351563
117.84000396728516
116.29000854492188
115.9800033569336
115.02999877929688
115.2800064086914
115.47000885009766
116.3800048828125
115.69000244140625
115.16999816894531
115.5
114.61000061035156
117.25
117.43000793457031
116.68000030517578
116.760009765625
116.6300048828125
117.14000701904297
116.32000732421875
115.63999938964844
114.50000762939453
113.49000549316406
114.52000427246094
115.42000579833984
116.72000885009766
115.25000762939453
116.8600082397461
116.35000610351563
115.6100082397461
114.77000427246094
112.4800033569336
112.73001098632813
112.64000701904297
113.47000122070313
114.96000671386719
115.30999755859375
113.94001007080078
113.87000274658203
115.44000244140625
113.99000549316406
113.4000015258789
114.79000091552734
115.19001007080078
115.54000854492188
116.54000091552734
116.59000396728516
114.760009765625
117.30000305175781
116.6300048828125
117.92000579833984
117.71000671386719
116.77001190185547
115.35000610351563
115.43000030517578
117.70000457763672
115.47000885009766
115.12000274658203
114.25
115.86000061035156
116.46000671386719
115.37001037597656
114.42000579833984
114.6300048828125
113.84001159667969
114.84000396728516
113.39000701904297
114.45999908447266
115.1500015258789
115.39000701904297
113.60000610351563
113.81000518798828
114.02000427246094
114.45000457763672
114.3600082397461
113.08000183105469
112.83000946044922
114.81001281738281
113.52000427246094
114.30000305175781
112.64000701904297
114.27001190185547
114.9800033569336
115.77000427246094
114.760009765625
115.73001098632813
115.99000549316406
116.90000915527344
118.08000183105469
118.44001007080078
117.3600082397461
115.8800048828125
116.3800048828125
117.68000793457031
116.3600082397461
116.33000183105469
115.2800064086914
116.41000366210938
114.84000396728516
114.74000549316406
114.97000885009766
115.05000305175781
116.71000671386719
116.99000549316406
117.94000244140625
116.80000305175781
116.62001037597656
117.25
115.9800033569336
115.67000579833984
115.02999877929688
116.32000732421875
116.54000091552734
116.12000274658203
114.82000732421875
117.00000762939453
116.48001098632813
116.55999755859375
118.96000671386719
119.38999938964844
116.98001098632813
118.45000457763672
118.29000854492188
118.39000701904297
117.68000793457031
119.0300064086914
118.33000183105469
119.1300048828125
118.66000366210938
117.55000305175781
118.1100082397461
116.52000427246094
116.75
114.80000305175781
116.27999877929688
116.13999938964844
116.13999938964844
114.52999877929688
116.0
115.44999694824219
117.03001403808594
114.74000549316406
115.78001403808594
113.42001342773438
114.27001190185547
115.70000457763672
115.16999816894531
114.34001159667969
113.77000427246094
113.31000518798828
115.27000427246094
115.95000457763672
116.19000244140625
116.93000793457031
116.3600082397461
116.70001220703125
117.14000701904297
115.92001342773438
114.58000183105469
112.73001098632813
112.66999816894531
111.24000549316406
111.64000701904297
113.18000793457031
114.24000549316406
116.41000366210938
114.52000427246094
114.94000244140625
113.09001159667969
114.55001068115234
114.19000244140625
115.19001007080078
111.5300064086914
112.10000610351563
114.19999694824219
113.79000854492188
110.97000122070313
113.04000854492188
114.00000762939453
113.95000457763672
115.73001098632813
113.49000549316406
112.69001007080078
113.24000549316406
111.87000274658203
112.71000671386719
112.1300048828125
112.99000549316406
114.71000671386719
113.20000457763672
112.70000457763672
113.510009765625
112.58000183105469
113.04000854492188
113.39000701904297
113.63999938964844
113.60000610351563
113.56001281738281
115.1100082397461
113.15000915527344
113.62000274658203
113.10000610351563
113.89000701904297
114.77000427246094
113.80000305175781
112.6500015258789
112.41000366210938
113.43000793457031
113.0300064086914
112.84000396728516
111.21000671386719
111.65000915527344
110.42000579833984
110.30000305175781
111.71000671386719
113.19000244140625
114.40000915527344
112.08000183105469
111.06001281738281
111.6300048828125
110.85000610351563
110.6300048828125
112.1500015258789
111.27000427246094
113.44001007080078
113.3800048828125
113.72000885009766
114.56000518798828
114.67001342773438
114.80000305175781
112.36000061035156
115.18000793457031
114.93000793457031
114.85000610351563
116.06001281738281
116.760009765625
118.06000518798828
117.42000579833984
117.19001007080078
116.88999938964844
116.27000427246094
114.48001098632813
114.82000732421875
113.63999938964844
114.45000457763672
114.68000793457031
115.55000305175781
114.42000579833984
115.5
113.4800033569336
112.87001037597656
114.64000701904297
114.49000549316406
114.31999969482422
115.99000549316406
110.73001098632813
112.02999877929688
112.85000610351563
113.06999969482422
112.44000244140625
114.25
115.30999755859375
113.62000274658203
114.51000213623047
116.02000427246094
114.60000610351563
116.06001281738281
114.66000366210938
115.07000732421875
114.7300033569336
114.8800048828125
114.48001098632813
116.71000671386719
115.97000122070313
115.44000244140625
116.99000549316406
117.17001342773438
115.9800033569336
117.66999816894531
117.37000274658203
118.0
118.79000854492188
117.47000885009766
118.28001403808594
115.67000579833984
115.36000061035156
113.39000701904297
114.91000366210938
114.02000427246094
114.260009765625
114.2300033569336
113.76000213623047
116.41000366210938
116.43000793457031
117.00000762939453
117.7800064086914
114.48001098632813
114.95001220703125
114.3800048828125
115.08000183105469
115.5300064086914
115.10000610351563
112.71000671386719
115.6300048828125
114.21000671386719
115.23001098632813
113.94001007080078
114.74000549316406
114.10000610351563
112.27000427246094
114.3800048828125
112.10000610351563
113.74000549316406
114.15000915527344
113.70001220703125
113.81000518798828
116.47000122070313
115.07000732421875
113.95000457763672
113.6300048828125
113.33000183105469
114.08000946044922
112.64000701904297
113.41000366210938
113.25000762939453
112.52999877929688
112.24000549316406
111.88999938964844
112.82000732421875
112.85000610351563
114.44000244140625
112.73001098632813
114.6500015258789
114.09000396728516
114.8600082397461
116.07000732421875
115.9800033569336
115.41000366210938
115.14000701904297
114.49000549316406
114.30000305175781
114.72000122070313
114.62001037597656
112.83000946044922
113.95000457763672
114.51000213623047
113.71000671386719
114.49000549316406
114.25
114.17000579833984
114.51000213623047
113.27999877929688
113.60000610351563
113.47000122070313
113.17000579833984
113.66000366210938
114.22000885009766
114.52000427246094
113.58000946044922
114.2800064086914
112.73001098632813
112.84000396728516
114.87000274658203
115.39000701904297
113.67000579833984
113.26000213623047
113.0
113.8800048828125
115.02000427246094
113.29000854492188
112.38999938964844
114.05999755859375
113.81000518798828
115.18000793457031
114.92000579833984
113.49000549316406
112.94000244140625
112.92000579833984
113.34000396728516
114.2300033569336
114.49000549316406
115.1100082397461
114.44000244140625
114.29000854492188
113.8600082397461
113.04000854492188
111.81000518798828
111.34001159667969
112.89000701904297
111.95000457763672
110.5
113.89000701904297
114.57000732421875
113.77000427246094
113.510009765625
113.1600112915039
112.73001098632813
113.57000732421875
113.44001007080078
112.4800033569336
113.5300064086914
111.45000457763672
113.99000549316406
113.81000518798828
114.22000885009766
113.52000427246094
114.30000305175781
114.3600082397461
115.37001037597656
113.9000015258789
115.2800064086914
114.81001281738281
114.2300033569336
112.97000885009766
114.4100112915039
113.52000427246094
112.89000701904297
112.45001220703125
110.94001007080078
111.74000549316406
112.80000305175781
112.6500015258789
110.43000030517578
109.69001007080078
110.97000122070313
111.3600082397461
112.21000671386719
110.260009765625
113.15000915527344
108.47000122070313
110.69000244140625
110.87001037597656
109.93000793457031
109.61000061035156
109.66000366210938
112.52000427246094
112.58000183105469
112.6500015258789
113.5
110.43000030517578
110.39000701904297
111.66000366210938
110.02999877929688
110.06000518798828
111.41999816894531
112.11000061035156
110.44000244140625
110.24000549316406
112.70000457763672
113.09001159667969
113.1300048828125
113.84001159667969
113.42001342773438
113.70001220703125
111.58000946044922
112.34000396728516
112.22000122070313
113.6100082397461
111.60000610351563
111.16000366210938
112.62000274658203
112.35000610351563
111.49000549316406
111.67000579833984
114.24000549316406
113.0300064086914
113.58000946044922
113.76000213623047
114.96000671386719
113.010009765625
113.74000549316406
113.36000061035156
114.75
115.9800033569336
113.57000732421875
114.47000122070313
114.37000274658203
114.2800064086914
116.94000244140625
114.61000061035156
115.07000732421875
115.36000061035156
114.12001037597656
115.56000518798828
114.38999938964844
113.56001281738281
115.18000793457031
113.34000396728516
113.30001068115234
113.30001068115234
112.71000671386719
113.13999938964844
112.89000701904297
113.26000213623047
113.4000015258789
114.3800048828125
115.27000427246094
114.49000549316406
114.83000946044922
113.62000274658203
115.12000274658203
114.68000793457031
115.2800064086914
115.87001037597656
115.16000366210938
113.44001007080078
115.6600112915039
113.36000061035156
114.2800064086914
112.96000671386719
114.64000701904297
114.40000915527344
115.69000244140625
115.55000305175781
114.6300048828125
114.27001190185547
116.09000396728516
114.72000122070313
116.61000061035156
116.06001281738281
116.15000915527344
115.1500015258789
116.17000579833984
115.34000396728516
115.260009765625
115.21000671386719
113.91999816894531
113.510009765625
113.46000671386719
112.1500015258789
115.02000427246094
114.31999969482422
115.16999816894531
115.63999938964844
115.27000427246094
115.27000427246094
114.99000549316406
114.0300064086914
114.56000518798828
115.22000122070313
113.65000915527344
114.55001068115234
114.67001342773438
116.75
114.94000244140625
114.85000610351563
114.62001037597656
116.98001098632813
113.55000305175781
115.43000030517578
115.19001007080078
115.39000701904297
116.30000305175781
114.2800064086914
116.55000305175781
115.68000793457031
116.58000946044922
115.49000549316406
116.54000091552734
115.82000732421875
116.6300048828125
116.66000366210938
116.71000671386719
117.30000305175781
116.48001098632813
116.05000305175781
114.45999908447266
115.32000732421875
114.67001342773438
114.010009765625
114.7800064086914
114.54000854492188
114.6300048828125
115.44999694824219
115.44000244140625
114.68000793457031
115.260009765625
116.27999877929688
115.56999969482422
113.82000732421875
114.22000885009766
113.9000015258789
114.260009765625
114.48001098632813
115.16999816894531
113.71000671386719
114.47000122070313
115.33000946044922
116.62001037597656
114.11000061035156
113.26000213623047
113.70001220703125
115.70999908447266
116.4000015258789
114.010009765625
114.68000793457031
113.44001007080078
112.69001007080078
114.84000396728516
114.68000793457031
114.3800048828125
113.8600082397461
113.43000793457031
113.62000274658203
114.00000762939453
112.82000732421875
113.59000396728516
114.24000549316406
112.86000061035156
113.85000610351563
116.49000549316406
114.05999755859375
114.3600082397461
113.33000183105469
115.24000549316406
115.9000015258789
111.81999969482422
114.87000274658203
112.6300048828125
113.96000671386719
114.52999877929688
113.20999908447266
114.35000610351563
113.9000015258789
114.10000610351563
114.38999938964844
114.08000946044922
114.21000671386719
115.08000183105469
113.83000183105469
114.4100112915039
115.72000122070313
117.20000457763672
114.94000244140625
115.5300064086914
115.6100082397461
114.67001342773438
114.38999938964844
114.81001281738281
115.72000122070313
112.34000396728516
114.24000549316406
114.54000854492188
113.67000579833984
114.14000701904297
114.88999938964844
113.91999816894531
114.69001007080078
115.08000183105469
114.81001281738281
114.84000396728516
114.010009765625
112.60000610351563
115.49000549316406
115.24000549316406
114.72000122070313
115.1300048828125
114.61000061035156
115.58000183105469
115.33000946044922
114.47000122070313
115.06000518798828
114.59000396728516
113.37001037597656
114.08000946044922
115.2800064086914
113.99000549316406
114.97000885009766
114.4100112915039
114.31000518798828
114.16000366210938
115.24000549316406
112.87001037597656
112.92000579833984
114.31999969482422
113.8800048828125
113.69000244140625
112.54000854492188
114.22000885009766
113.5300064086914
113.74000549316406
113.84001159667969
112.21000671386719
111.6300048828125
112.17001342773438
112.18000793457031
113.81000518798828
112.79000091552734
114.57000732421875
113.77999877929688
114.99000549316406
113.89000701904297
114.57000732421875
114.83000946044922
114.2300033569336
114.6300048828125
115.5
114.91000366210938
113.97000122070313
115.81000518798828
114.58000183105469
116.58000946044922
114.93000793457031
114.45000457763672
114.74000549316406
114.37000274658203
113.04000854492188
112.75000762939453
112.36000061035156
112.46000671386719
113.45000457763672
112.22000122070313
113.56001281738281
112.4800033569336
112.75000762939453
113.4800033569336
113.34000396728516
110.92001342773438
111.71000671386719
113.02001190185547
113.9000015258789
112.83000946044922
112.58000183105469
113.20000457763672
112.92000579833984
112.40000915527344
113.34000396728516
112.72000122070313
113.79000854492188
113.55000305175781
113.04000854492188
113.22000122070313
112.36000061035156
111.99000549316406
112.9800033569336
112.7800064086914
114.2800064086914
114.72000122070313
113.09001159667969
113.69000244140625
114.0300064086914
114.17000579833984
115.07000732421875
112.2300033569336
111.79000854492188
112.33000946044922
114.38999938964844
114.31999969482422
114.9800033569336
115.44999694824219
114.9800033569336
113.27000427246094
112.9800033569336
113.13999938964844
112.10000610351563
113.84001159667969
112.6100082397461
112.66000366210938
113.57000732421875
112.30000305175781
111.5300064086914
114.0300064086914
112.99000549316406
112.20000457763672
112.77000427246094
113.10000610351563
113.37001037597656
114.30000305175781
113.58000946044922
112.66999816894531
112.44000244140625
113.91000366210938
113.5
112.52999877929688
115.39000701904297
113.08000183105469
113.87000274658203
115.14000701904297
114.77000427246094
114.07000732421875
116.15000915527344
114.90000915527344
115.29000091552734
114.81001281738281
115.27000427246094
115.9800033569336
116.55000305175781
116.62001037597656
117.03001403808594
114.6500015258789
117.77000427246094
117.51000213623047
116.79000854492188
118.79000854492188
115.91000366210938
116.65000915527344
117.6300048828125
116.13999938964844
116.34001159667969
115.76000213623047
114.51000213623047
114.010009765625
114.31999969482422
111.94000244140625
115.1500015258789
113.26000213623047
111.31000518798828
113.1300048828125
113.29000854492188
114.49000549316406
114.57000732421875
113.95000457763672
113.62000274658203
116.010009765625
115.510009765625
110.65000915527344
111.87000274658203
113.91999816894531
113.77000427246094
112.73001098632813
116.18000793457031
114.29000854492188
114.19999694824219
113.6300048828125
114.29000854492188
115.40000915527344
115.16000366210938
114.34001159667969
113.66000366210938
113.19000244140625
114.80000305175781
116.39000701904297
114.84000396728516
115.09001159667969
114.24000549316406
114.16000366210938
113.39000701904297
114.4100112915039
115.62000274658203
114.45999908447266
114.37000274658203
115.16999816894531
115.29000091552734
115.65000915527344
114.85000610351563
117.34000396728516
115.14000701904297
115.96000671386719
114.99000549316406
117.66999816894531
115.65000915527344
112.760009765625
115.6600112915039
115.20000457763672
115.20000457763672
114.260009765625
116.48001098632813
116.1100082397461
115.58000183105469
115.84000396728516
116.99000549316406
114.96000671386719
114.3800048828125
116.13999938964844
116.3600082397461
115.16999816894531
115.6600112915039
114.04000091552734
113.57000732421875
113.89000701904297
113.25000762939453
115.6600112915039
114.18000030517578
114.2300033569336
113.6100082397461
111.93000793457031
111.77001190185547
114.11000061035156
112.64000701904297
113.72000885009766
111.67000579833984
113.37001037597656
112.260009765625
112.14000701904297
113.36000061035156
113.87000274658203
113.85000610351563
114.97000885009766
116.70001220703125
116.6300048828125
114.69001007080078
116.31000518798828
117.2800064086914
114.45999908447266
115.24000549316406
113.74000549316406
112.75000762939453
113.1300048828125
112.02000427246094
112.60000610351563
112.80000305175781
112.58000183105469
112.17001342773438
113.27999877929688
113.77000427246094
115.54000854492188
115.20000457763672
113.42001342773438
113.29000854492188
111.61000061035156
113.68000793457031
112.85000610351563
114.11000061035156
113.0
114.81001281738281
114.60000610351563
113.0
113.83000183105469
113.71000671386719
113.20000457763672
114.29000854492188
112.79000091552734
114.1300048828125
113.25000762939453
113.0300064086914
111.81999969482422
112.87001037597656
113.98001098632813
112.18000793457031
113.57000732421875
111.83000183105469
114.40000915527344
114.45000457763672
113.84001159667969
114.75
115.23001098632813
114.80000305175781
112.94999694824219
112.52000427246094
114.50000762939453
113.95000457763672
114.95001220703125
114.27001190185547
114.16000366210938
113.58000946044922
113.33000183105469
113.39000701904297
112.64000701904297
115.5
114.68000793457031
114.33000183105469
112.70000457763672
113.510009765625
113.9000015258789
113.47000122070313
112.35000610351563
114.55001068115234
114.83000946044922
114.71000671386719
116.37000274658203
115.89000701904297
115.72000122070313
114.00000762939453
115.25000762939453
115.6300048828125
115.01000213623047
113.32000732421875
115.07000732421875
115.06000518798828
116.2300033569336
115.70000457763672
113.1600112915039
113.56001281738281
114.68000793457031
114.08000946044922
112.4800033569336
115.12000274658203
114.22000885009766
114.4100112915039
114.69001007080078
112.52999877929688
113.27000427246094
115.72000122070313
114.31000518798828
114.43000793457031
111.46000671386719
114.25
114.68000793457031
111.99000549316406
113.71000671386719
113.8600082397461
114.90000915527344
114.97000885009766
114.51000213623047
113.52000427246094
113.06999969482422
113.24000549316406
114.47000122070313
113.36000061035156
115.76000213623047
115.19001007080078
116.18000793457031
114.43000793457031
113.25000762939453
114.51000213623047
113.9000015258789
114.31000518798828
113.0300064086914
113.8800048828125
115.27000427246094
113.31000518798828
114.07000732421875
114.48001098632813
113.06999969482422
113.9000015258789
113.39000701904297
113.76000213623047
112.40000915527344
114.19000244140625
112.6300048828125
113.1100082397461
112.32000732421875
113.27999877929688
112.70000457763672
112.55000305175781
113.77999877929688
112.93000030517578
114.42000579833984
112.6500015258789
113.96000671386719
116.12000274658203
115.70999908447266
116.60000610351563
115.12000274658203
115.16000366210938
116.50000762939453
114.79000091552734
114.68000793457031
112.68000793457031
113.29000854492188
113.29000854492188
114.61000061035156
114.68000793457031
114.3600082397461
114.7300033569336
115.27000427246094
115.18000793457031
116.12000274658203
116.49000549316406
114.2300033569336
115.58000183105469
116.44001007080078
116.3600082397461
115.70000457763672
117.58000183105469
117.16000366210938
116.58000946044922
116.57000732421875
116.27999877929688
114.85000610351563
114.80000305175781
113.91999816894531
115.39000701904297
114.18000030517578
114.85000610351563
115.25000762939453
114.57000732421875
115.5300064086914
116.17000579833984
114.6300048828125
116.02000427246094
116.69000244140625
116.06001281738281
116.55000305175781
116.32000732421875
115.94001007080078
115.16000366210938
116.47000122070313
115.16000366210938
116.0300064086914
115.30000305175781
114.62001037597656
114.93000793457031
115.65000915527344
116.12000274658203
115.30999755859375
116.84001159667969
115.01000213623047
114.51000213623047
113.96000671386719
111.55000305175781
112.58000183105469
111.66000366210938
113.99000549316406
112.73001098632813
111.67000579833984
111.66000366210938
111.69000244140625
113.69000244140625
114.11000061035156
115.80001068115234
114.7300033569336
115.91000366210938
115.70999908447266
115.85000610351563
115.39000701904297
113.65000915527344
115.91000366210938
114.90000915527344
115.37001037597656
115.62000274658203
115.81000518798828
114.6500015258789
115.94001007080078
115.07000732421875
116.16000366210938
115.96000671386719
115.63999938964844
114.66000366210938
114.82000732421875
116.10000610351563
114.45000457763672
114.38999938964844
113.6100082397461
115.55000305175781
113.91000366210938
115.46000671386719
115.44999694824219
113.55000305175781
115.24000549316406
114.29000854492188
116.55000305175781
113.68000793457031
115.41000366210938
116.85000610351563
117.92000579833984
116.47000122070313
115.96000671386719
116.06001281738281
116.20001220703125
115.73001098632813
114.70000457763672
114.17000579833984
115.44999694824219
114.38999938964844
114.11000061035156
114.91000366210938
114.49000549316406
114.45000457763672
116.3600082397461
115.43000030517578
116.19000244140625
114.45000457763672
114.21000671386719
114.96000671386719
116.8600082397461
115.56999969482422
116.16000366210938
116.41000366210938
116.32000732421875
116.22000885009766
117.09000396728516
115.74000549316406
117.01000213623047
116.27000427246094
114.79000091552734
115.67000579833984
115.06000518798828
117.21000671386719
117.1300048828125
116.83000183105469
116.3800048828125
118.10000610351563
116.41999816894531
115.6300048828125
115.30000305175781
116.17000579833984
114.69001007080078
114.6500015258789
115.86000061035156
117.04000854492188
115.72000122070313
115.30999755859375
115.58000183105469
116.93000793457031
118.15000915527344
115.16999816894531
116.55000305175781
117.85000610351563
116.52000427246094
117.3800048828125
116.760009765625
118.34000396728516
117.34000396728516
117.20000457763672
116.55999755859375
116.41000366210938
117.66000366210938
116.04000091552734
115.5
115.41000366210938
115.14000701904297
116.10000610351563
115.44999694824219
115.58000183105469
115.260009765625
114.87000274658203
114.84000396728516
113.77000427246094
112.52000427246094
113.7300033569336
114.6500015258789
114.74000549316406
114.00000762939453
114.71000671386719
115.25000762939453
114.74000549316406
115.81000518798828
114.67001342773438
114.91000366210938
115.1500015258789
114.49000549316406
116.3800048828125
115.80001068115234
114.85000610351563
113.98001098632813
115.81000518798828
115.46000671386719
114.17000579833984
116.16000366210938
114.72000122070313
115.30999755859375
114.3800048828125
115.63999938964844
114.29000854492188
115.09001159667969
113.19000244140625
115.1500015258789
115.19001007080078
114.35000610351563
113.89000701904297
114.45999908447266
116.62001037597656
115.08000183105469
116.18000793457031
115.39000701904297
115.72000122070313
114.97000885009766
116.93000793457031
116.75
117.6100082397461
116.0
117.3600082397461
115.82000732421875
116.07000732421875
116.55000305175781
115.06000518798828
114.11000061035156
114.79000091552734
115.32000732421875
116.55999755859375
115.33000946044922
115.39000701904297
115.74000549316406
116.75
116.0300064086914
116.20001220703125
115.25000762939453
115.54000854492188
114.12001037597656
115.74000549316406
117.1500015258789
116.05000305175781
116.37000274658203
116.8800048828125
116.50000762939453
117.11000061035156
118.44001007080078
117.99000549316406
118.13999938964844
116.50000762939453
116.19000244140625
115.42000579833984
116.67000579833984
117.38999938964844
115.85000610351563
115.5
115.94001007080078
115.6300048828125
114.97000885009766
115.67000579833984
115.44000244140625
115.9000015258789
117.71000671386719
116.98001098632813
115.60000610351563
116.18000793457031
116.43000793457031
115.76000213623047
115.20000457763672
115.82000732421875
116.92000579833984
116.83000183105469
118.45000457763672
116.44001007080078
114.51000213623047
114.68000793457031
115.5300064086914
114.14000701904297
114.40000915527344
116.08000946044922
116.41999816894531
113.60000610351563
113.8600082397461
113.27000427246094
114.52000427246094
113.8600082397461
114.25
116.79000854492188
115.24000549316406
115.75000762939453
116.43000793457031
116.41000366210938
113.79000854492188
114.8600082397461
113.57000732421875
115.39000701904297
114.69001007080078
114.8600082397461
114.6500015258789
113.76000213623047
113.87000274658203
116.97000122070313
114.87000274658203
115.54000854492188
114.6500015258789
114.08000946044922
114.75
114.72000122070313
115.14000701904297
114.19999694824219
113.77000427246094
114.69001007080078
113.69000244140625
114.6500015258789
113.75000762939453
113.65000915527344
113.45000457763672
114.05999755859375
112.08000183105469
113.13999938964844
113.02001190185547
111.92000579833984
115.29000091552734
114.77000427246094
113.95000457763672
113.15000915527344
114.31000518798828
114.49000549316406
115.10000610351563
115.09001159667969
114.05000305175781
114.760009765625
115.06000518798828
114.760009765625
113.52000427246094
112.51000213623047
114.3800048828125
114.59000396728516
114.6500015258789
113.20000457763672
115.16999816894531
114.68000793457031
113.72000885009766
113.1100082397461
113.77999877929688
113.58000946044922
114.27001190185547
113.91000366210938
113.65000915527344
113.34000396728516
114.77000427246094
114.64000701904297
114.08000946044922
115.78001403808594
114.57000732421875
114.50000762939453
115.62000274658203
113.94001007080078
115.35000610351563
114.43000793457031
115.82000732421875
115.4800033569336
116.0
116.79000854492188
115.46000671386719
117.32000732421875
115.70000457763672
115.68000793457031
114.760009765625
115.62000274658203
112.97000885009766
113.80000305175781
114.82000732421875
116.98001098632813
117.14000701904297
116.3800048828125
117.49000549316406
116.05000305175781
116.16000366210938
115.83000183105469
115.91000366210938
114.97000885009766
114.38999938964844
113.94001007080078
114.57000732421875
114.67001342773438
114.08000946044922
114.74000549316406
114.3800048828125
116.16000366210938
115.70000457763672
113.79000854492188
114.260009765625
114.30000305175781
115.77000427246094
116.27999877929688
116.85000610351563
116.22000885009766
115.85000610351563
117.59001159667969
116.29000854492188
117.79000091552734
116.7800064086914
114.00000762939453
117.2800064086914
118.24000549316406
117.21000671386719
116.27000427246094
118.41000366210938
117.06000518798828
116.87000274658203
117.19001007080078
116.48001098632813
116.15000915527344
116.05000305175781
115.86000061035156
114.83000946044922
116.60000610351563
116.3600082397461
116.31000518798828
117.01000213623047
115.70000457763672
115.4800033569336
115.36000061035156
115.55000305175781
116.68000030517578
116.20001220703125
116.37000274658203
116.30000305175781
116.06001281738281
115.54000854492188
114.17000579833984
116.27999877929688
115.69000244140625
114.62001037597656
116.24000549316406
115.04000854492188
115.33000946044922
115.16999816894531
115.44000244140625
116.88999938964844
116.10000610351563
116.06001281738281
114.88999938964844
115.55000305175781
114.59000396728516
115.63999938964844
114.90000915527344
114.9800033569336
114.260009765625
114.75
113.5300064086914
115.02000427246094
116.75
117.35000610351563
117.17001342773438
115.1300048828125
115.6100082397461
115.78001403808594
117.6100082397461
117.1300048828125
115.55000305175781
116.30000305175781
116.47000122070313
115.1100082397461
115.67000579833984
117.03001403808594
116.510009765625
116.05000305175781
114.8600082397461
115.260009765625
116.19000244140625
115.47000885009766
115.41000366210938
115.95000457763672
115.56000518798828
115.44000244140625
114.47000122070313
116.0
115.5
117.06000518798828
115.25000762939453
117.27000427246094
115.47000885009766
115.58000183105469
115.84000396728516
115.62000274658203
114.47000122070313
114.80000305175781
114.38999938964844
115.30999755859375
115.54000854492188
115.4800033569336
116.29000854492188
116.13999938964844
115.77000427246094
116.27999877929688
116.62001037597656
115.62000274658203
116.1100082397461
116.95000457763672
115.08000183105469
115.08000183105469
115.37001037597656
115.77000427246094
114.2800064086914
115.07000732421875
116.12000274658203
116.2300033569336
115.86000061035156
115.89000701904297
116.52000427246094
115.5300064086914
117.2800064086914
114.33000183105469
115.00000762939453
114.92000579833984
115.37001037597656
115.52001190185547
114.3800048828125
115.59001159667969
115.99000549316406
114.54000854492188
115.97000122070313
114.74000549316406
115.16999816894531
115.260009765625
114.31999969482422
116.61000061035156
115.56000518798828
114.27001190185547
114.54000854492188
115.39000701904297
115.36000061035156
113.4800033569336
113.94001007080078
114.92000579833984
112.96000671386719
116.33000183105469
115.6600112915039
113.94001007080078
113.42001342773438
113.34000396728516
113.58000946044922
113.5
113.8600082397461
114.09000396728516
115.23001098632813
115.5300064086914
114.68000793457031
114.29000854492188
114.10000610351563
115.05000305175781
114.68000793457031
112.84000396728516
112.79000091552734
112.52999877929688
113.4800033569336
112.02000427246094
113.5
114.10000610351563
114.7300033569336
114.35000610351563
113.60000610351563
113.010009765625
114.27001190185547
112.3800048828125
114.04000091552734
113.20999908447266
113.97000122070313
113.82000732421875
113.91000366210938
115.06000518798828
114.59000396728516
114.15000915527344
113.6100082397461
113.99000549316406
113.44001007080078
115.6600112915039
116.41999816894531
115.22000122070313
114.71000671386719
114.09000396728516
113.20999908447266
112.44000244140625
113.41000366210938
114.2800064086914
115.5300064086914
115.92001342773438
114.80000305175781
114.96000671386719
114.75
116.10000610351563
115.32000732421875
114.91000366210938
115.9000015258789
115.08000183105469
116.58000946044922
116.26000213623047
116.68000030517578
116.75
116.80000305175781
116.58000946044922
115.9800033569336
115.82000732421875
115.91000366210938
115.78001403808594
115.75000762939453
117.16000366210938
116.13999938964844
116.94000244140625
117.08000183105469
117.70000457763672
116.25000762939453
115.65000915527344
115.3800048828125
114.35000610351563
114.57000732421875
115.82000732421875
114.55001068115234
116.90000915527344
115.41000366210938
115.22000122070313
