113.17000579833984
114.35000610351563
112.9800033569336
113.22000122070313
116.45000457763672
116.0300064086914
115.35000610351563
114.99000549316406
114.15000915527344
113.58000946044922
114.09000396728516
113.91000366210938
113.54000091552734
114.84000396728516
114.30000305175781
115.89000701904297
115.01000213623047
113.8800048828125
114.56000518798828
113.42001342773438
113.65000915527344
115.69000244140625
115.1100082397461
113.75000762939453
112.11000061035156
113.52000427246094
114.15000915527344
111.60000610351563
112.02000427246094
114.38999938964844
113.59000396728516
112.8800048828125
113.47000122070313
113.09001159667969
111.0
111.37000274658203
115.82000732421875
113.20000457763672
112.50000762939453
113.35000610351563
113.82000732421875
114.72000122070313
112.85000610351563
112.94999694824219
114.15000915527344
114.45999908447266
113.20000457763672
112.80999755859375
111.98001098632813
111.27999877929688
112.58000183105469
110.74000549316406
113.4800033569336
112.51000213623047
112.2300033569336
112.08000183105469
112.90000915527344
112.85000610351563
110.58000183105469
111.81000518798828
110.56000518798828
111.06001281738281
111.24000549316406
110.20000457763672
111.12000274658203
109.9800033569336
108.93000793457031
109.44000244140625
110.67000579833984
110.72000122070313
109.64000701904297
110.58000183105469
111.41999816894531
110.62000274658203
110.02999877929688
110.69000244140625
109.33000183105469
107.94000244140625
107.6300048828125
109.60000610351563
113.43000793457031
112.11000061035156
113.46000671386719
113.20999908447266
113.20000457763672
110.83000183105469
113.43000793457031
114.45000457763672
112.72000122070313
111.95999908447266
112.47000885009766
109.55001068115234
109.1300048828125
108.68000793457031
111.81000518798828
110.30999755859375
110.92001342773438
109.7800064086914
110.63999938964844
110.12000274658203
110.44000244140625
110.510009765625
113.97000122070313
112.77000427246094
111.02000427246094
112.58000183105469
111.07000732421875
110.67000579833984
112.24000549316406
111.09000396728516
111.45000457763672
110.60000610351563
110.29000091552734
111.69000244140625
111.69000244140625
111.66000366210938
112.75000762939453
111.95999908447266
112.66000366210938
114.44000244140625
114.260009765625
112.18000793457031
112.84000396728516
110.02999877929688
110.04000854492188
111.68000030517578
112.52000427246094
113.15000915527344
113.98001098632813
112.16000366210938
110.32000732421875
110.30000305175781
111.04000091552734
110.1300048828125
110.68000793457031
110.56999969482422
110.40000915527344
111.95999908447266
111.32000732421875
111.98001098632813
112.91000366210938
112.47000885009766
110.9000015258789
111.87000274658203
111.2300033569336
111.94000244140625
111.59000396728516
113.46000671386719
112.00000762939453
112.43000793457031
110.69000244140625
113.60000610351563
111.84001159667969
112.41000366210938
112.59001159667969
113.29000854492188
111.35000610351563
112.05001068115234
113.3800048828125
113.04000854492188
111.34001159667969
111.17000579833984
110.52001190185547
109.760009765625
110.07000732421875
108.44001007080078
110.41000366210938
110.68000793457031
110.89000701904297
111.13999938964844
110.40000915527344
110.42000579833984
108.47000122070313
110.29000091552734
110.18000793457031
111.61000061035156
110.8800048828125
112.66999816894531
111.26000213623047
112.66999816894531
112.80999755859375
111.80000305175781
110.67000579833984
111.08000946044922
110.86000061035156
109.2300033569336
111.05000305175781
112.07000732421875
113.44001007080078
114.85000610351563
114.64000701904297
115.1100082397461
113.99000549316406
114.52999877929688
114.11000061035156
112.80000305175781
113.44001007080078
114.96000671386719
113.26000213623047
112.24000549316406
112.79000091552734
113.95000457763672
114.51000213623047
113.10000610351563
113.70001220703125
112.33000946044922
110.65000915527344
113.22000122070313
111.58000946044922
111.39000701904297
112.02000427246094
112.36000061035156
112.79000091552734
112.1300048828125
112.06000518798828
112.79000091552734
112.760009765625
111.7800064086914
111.21000671386719
111.99000549316406
114.19000244140625
113.89000701904297
111.66000366210938
111.80000305175781
111.24000549316406
111.41999816894531
113.32000732421875
112.2300033569336
113.08000183105469
114.42000579833984
115.23001098632813
111.99000549316406
111.99000549316406
112.24000549316406
112.21000671386719
111.24000549316406
111.33000183105469
112.42000579833984
111.3800048828125
110.6600112915039
112.69001007080078
111.95999908447266
112.43000793457031
112.80999755859375
114.31999969482422
111.6300048828125
111.34001159667969
109.71000671386719
110.9000015258789
108.27000427246094
109.94000244140625
109.67001342773438
110.16000366210938
112.46000671386719
110.65000915527344
112.41000366210938
112.2800064086914
111.3600082397461
113.19000244140625
113.70001220703125
112.27000427246094
113.7300033569336
113.7300033569336
114.45999908447266
112.69001007080078
113.37001037597656
113.27999877929688
109.72000122070313
111.0300064086914
114.62001037597656
112.99000549316406
112.86000061035156
113.8600082397461
112.87001037597656
112.75000762939453
112.80000305175781
113.02001190185547
112.24000549316406
113.94001007080078
113.42001342773438
113.63999938964844
113.08000183105469
114.87000274658203
114.92000579833984
114.50000762939453
113.77999877929688
113.68000793457031
112.94000244140625
112.40000915527344
113.5
111.08000946044922
111.510009765625
111.72000885009766
111.44000244140625
113.13999938964844
112.6300048828125
115.68000793457031
112.91000366210938
114.50000762939453
116.20001220703125
116.05000305175781
113.63999938964844
111.83000183105469
114.21000671386719
113.98001098632813
114.760009765625
115.08000183105469
115.56000518798828
118.43000793457031
116.49000549316406
115.05000305175781
113.65000915527344
114.15000915527344
115.1100082397461
113.80000305175781
115.44999694824219
115.16000366210938
115.70999908447266
116.45000457763672
112.82000732421875
114.25
114.24000549316406
113.87000274658203
114.04000091552734
111.61000061035156
112.1500015258789
113.18000793457031
111.17000579833984
113.76000213623047
110.75000762939453
113.08000183105469
112.4800033569336
112.52000427246094
111.68000030517578
111.41999816894531
114.07000732421875
112.73001098632813
112.22000122070313
113.65000915527344
111.6300048828125
112.71000671386719
111.6300048828125
111.11000061035156
111.3800048828125
111.04000091552734
111.45000457763672
113.42001342773438
111.75
113.04000854492188
112.74000549316406
111.15000915527344
112.89000701904297
111.33000183105469
112.73001098632813
111.08000946044922
112.6300048828125
113.25000762939453
111.39000701904297
113.26000213623047
113.77999877929688
114.260009765625
114.57000732421875
115.19001007080078
114.92000579833984
114.81001281738281
115.20000457763672
114.9800033569336
113.93000793457031
114.6500015258789
113.27999877929688
113.97000122070313
114.51000213623047
115.65000915527344
114.87000274658203
114.42000579833984
114.82000732421875
115.1300048828125
113.60000610351563
112.57000732421875
113.43000793457031
113.37001037597656
112.760009765625
114.45999908447266
114.010009765625
110.260009765625
110.86000061035156
110.41000366210938
112.90000915527344
111.58000946044922
112.06000518798828
113.06999969482422
112.00000762939453
114.68000793457031
115.260009765625
111.95000457763672
114.90000915527344
114.77000427246094
114.96000671386719
113.83000183105469
113.85000610351563
112.27000427246094
112.06000518798828
111.33000183105469
112.30000305175781
110.89000701904297
110.510009765625
112.59001159667969
113.4000015258789
111.71000671386719
110.07000732421875
112.21000671386719
110.20000457763672
112.59001159667969
111.510009765625
112.58000183105469
111.98001098632813
113.29000854492188
109.75
110.5
111.61000061035156
110.40000915527344
110.87001037597656
109.07000732421875
110.72000122070313
110.62000274658203
111.50000762939453
111.27999877929688
108.69000244140625
111.8800048828125
112.46000671386719
113.71000671386719
113.27000427246094
112.87001037597656
113.02001190185547
114.45000457763672
114.66000366210938
114.31999969482422
114.00000762939453
113.25000762939453
111.31000518798828
111.74000549316406
112.45001220703125
113.77000427246094
114.47000122070313
114.0300064086914
111.74000549316406
113.19000244140625
113.1600112915039
112.45001220703125
112.33000946044922
113.12000274658203
112.19001007080078
112.46000671386719
112.80999755859375
113.91999816894531
111.0
112.77000427246094
111.75
114.24000549316406
114.38999938964844
114.10000610351563
112.31001281738281
113.31000518798828
114.07000732421875
113.36000061035156
113.85000610351563
114.8600082397461
113.06000518798828
113.5
114.77000427246094
113.23001098632813
113.34000396728516
113.96000671386719
113.42001342773438
115.85000610351563
114.72000122070313
114.2800064086914
115.1300048828125
113.0300064086914
114.45999908447266
111.8600082397461
114.74000549316406
113.58000946044922
113.56001281738281
110.49000549316406
113.6300048828125
111.1300048828125
112.260009765625
110.5
112.69001007080078
110.62000274658203
111.09000396728516
111.11000061035156
112.94999694824219
110.55000305175781
111.45000457763672
111.67000579833984
112.2800064086914
112.66000366210938
112.08000183105469
111.77001190185547
112.50000762939453
113.81000518798828
113.77000427246094
114.19999694824219
112.57000732421875
111.32000732421875
111.72000885009766
110.73001098632813
109.88999938964844
110.81000518798828
109.6300048828125
114.1300048828125
110.07000732421875
111.8600082397461
110.37001037597656
111.95999908447266
110.9800033569336
112.2300033569336
110.23001098632813
110.72000122070313
113.79000854492188
113.08000183105469
110.95000457763672
112.94999694824219
112.93000030517578
114.66000366210938
114.35000610351563
111.8800048828125
111.20001220703125
112.69001007080078
111.34001159667969
113.13999938964844
110.33000946044922
111.510009765625
112.47000885009766
111.97000122070313
112.25
112.1500015258789
110.00000762939453
110.6100082397461
110.260009765625
110.93000793457031
110.95000457763672
112.6100082397461
112.2800064086914
112.33000946044922
113.49000549316406
112.50000762939453
114.51000213623047
112.91000366210938
110.94001007080078
112.42000579833984
112.89000701904297
112.97000885009766
112.62000274658203
113.06999969482422
112.33000946044922
110.27000427246094
109.3800048828125
107.66999816894531
107.47000885009766
107.45001220703125
109.88999938964844
107.68000793457031
109.6300048828125
109.94000244140625
108.22000122070313
108.79000854492188
110.16999816894531
108.8800048828125
108.57000732421875
109.17000579833984
108.45000457763672
111.80000305175781
111.34001159667969
111.760009765625
110.02999877929688
114.19000244140625
112.30000305175781
112.43000793457031
112.80999755859375
113.54000091552734
113.05000305175781
112.52999877929688
114.19999694824219
112.8800048828125
112.59001159667969
111.90000915527344
111.8600082397461
109.45000457763672
109.04000091552734
108.510009765625
110.67000579833984
110.58000183105469
110.5
109.3600082397461
109.17000579833984
111.39000701904297
110.63999938964844
111.29000854492188
112.05001068115234
109.47000122070313
108.74000549316406
110.1100082397461
110.4800033569336
107.84000396728516
109.260009765625
109.09000396728516
109.74000549316406
109.43000793457031
110.63999938964844
108.23001098632813
111.17000579833984
108.57000732421875
109.43000793457031
108.52000427246094
108.54000091552734
109.72000122070313
110.260009765625
109.94000244140625
109.4100112915039
110.05000305175781
109.37000274658203
109.35000610351563
111.50000762939453
110.8800048828125
112.25
112.02000427246094
110.77999877929688
111.35000610351563
109.97000885009766
109.71000671386719
108.57000732421875
109.7300033569336
109.86000061035156
110.25000762939453
111.33000183105469
110.510009765625
111.74000549316406
112.20000457763672
114.24000549316406
114.96000671386719
113.91999816894531
113.0300064086914
111.58000946044922
113.27999877929688
111.39000701904297
109.56000518798828
110.77000427246094
111.95999908447266
110.07000732421875
110.84000396728516
109.04000091552734
111.31000518798828
111.98001098632813
109.90000915527344
111.16000366210938
110.01000213623047
112.77000427246094
111.33000183105469
109.7300033569336
109.04000091552734
110.20000457763672
110.41000366210938
108.26000213623047
107.6500015258789
109.97000885009766
111.58000946044922
109.31999969482422
109.3600082397461
110.36000061035156
109.19000244140625
107.41000366210938
109.75
110.39000701904297
110.09001159667969
109.72000122070313
110.39000701904297
110.91000366210938
110.96000671386719
110.76000213623047
112.50000762939453
111.37000274658203
111.69999694824219
113.20999908447266
111.81999969482422
110.62000274658203
112.08000183105469
111.22000885009766
110.4800033569336
111.1300048828125
110.30999755859375
109.80000305175781
111.62001037597656
111.15000915527344
111.16000366210938
112.77000427246094
112.45001220703125
112.41000366210938
109.31000518798828
109.22000885009766
109.72000122070313
110.23001098632813
111.57000732421875
110.70000457763672
111.04000091552734
109.83000946044922
110.22000122070313
112.260009765625
113.34000396728516
110.6600112915039
112.37000274658203
111.61000061035156
110.9800033569336
112.99000549316406
109.93000793457031
110.3800048828125
110.5
111.69000244140625
111.09000396728516
110.99000549316406
110.99000549316406
110.89000701904297
111.95000457763672
109.67001342773438
110.91000366210938
111.71000671386719
112.42000579833984
112.4800033569336
112.75000762939453
111.80000305175781
110.73001098632813
109.55001068115234
107.92000579833984
109.93000793457031
108.52000427246094
106.77000427246094
109.79000091552734
109.79000091552734
108.85000610351563
110.39000701904297
108.13999938964844
108.68000793457031
108.32000732421875
108.45000457763672
108.85000610351563
110.16000366210938
109.37000274658203
111.04000091552734
110.44000244140625
110.74000549316406
110.77000427246094
111.95999908447266
109.68000793457031
110.56000518798828
110.95000457763672
111.24000549316406
112.45001220703125
113.26000213623047
110.16999816894531
109.85000610351563
109.45000457763672
108.82000732421875
110.21000671386719
109.45999908447266
109.45999908447266
108.7300033569336
111.85000610351563
108.20000457763672
108.72000885009766
109.60000610351563
108.10000610351563
109.38999938964844
107.36000061035156
108.91000366210938
105.87001037597656
109.7300033569336
110.55000305175781
109.64000701904297
109.05000305175781
108.65000915527344
111.47000122070313
110.56999969482422
109.61000061035156
110.39000701904297
109.00000762939453
109.48001098632813
110.47000885009766
109.19999694824219
107.66000366210938
109.760009765625
110.6100082397461
107.7800064086914
109.2800064086914
111.71000671386719
111.29000854492188
112.8800048828125
110.84000396728516
110.58000183105469
111.62001037597656
110.29000091552734
108.24000549316406
109.81001281738281
109.72000122070313
107.01000213623047
109.22000885009766
111.71000671386719
110.42000579833984
108.4000015258789
109.2800064086914
110.79000854492188
110.91000366210938
110.77999877929688
110.85000610351563
112.44000244140625
110.96000671386719
110.68000793457031
110.33000946044922
113.20000457763672
113.17000579833984
112.6300048828125
111.67000579833984
111.80000305175781
111.77001190185547
113.18000793457031
112.36000061035156
112.07000732421875
109.92000579833984
110.18000793457031
112.40000915527344
111.57000732421875
110.44000244140625
111.55000305175781
109.21000671386719
110.96000671386719
111.9100112915039
110.86000061035156
112.50000762939453
111.64000701904297
110.24000549316406
110.89000701904297
110.96000671386719
112.1300048828125
112.08000183105469
112.79000091552734
111.27000427246094
112.75000762939453
112.22000122070313
113.45000457763672
112.73001098632813
113.24000549316406
111.29000854492188
111.72000885009766
112.05001068115234
112.80999755859375
112.12001037597656
111.62001037597656
110.81000518798828
114.48001098632813
112.4800033569336
113.09001159667969
113.22000122070313
113.62000274658203
111.69999694824219
111.79000854492188
112.36000061035156
111.95000457763672
112.89000701904297
112.49000549316406
112.99000549316406
112.10000610351563
111.77001190185547
110.05000305175781
109.49000549316406
108.56001281738281
109.40000915527344
111.24000549316406
111.69000244140625
111.07000732421875
111.02000427246094
111.30000305175781
111.77001190185547
111.26000213623047
110.73001098632813
111.09000396728516
112.21000671386719
109.25
111.010009765625
109.15000915527344
109.10000610351563
107.58000183105469
108.17000579833984
109.02000427246094
110.77000427246094
107.11000061035156
108.84001159667969
110.37001037597656
109.60000610351563
110.23001098632813
108.97000122070313
110.10000610351563
110.02000427246094
109.0300064086914
110.00000762939453
110.41000366210938
111.20001220703125
111.32000732421875
110.94001007080078
111.50000762939453
110.59001159667969
111.31000518798828
110.70999908447266
109.2300033569336
109.8800048828125
111.13999938964844
108.5
109.58000183105469
108.20999908447266
108.30001068115234
106.74000549316406
107.84000396728516
108.1600112915039
109.56000518798828
111.92000579833984
111.19000244140625
108.5300064086914
110.91000366210938
110.04000854492188
111.16000366210938
110.87001037597656
111.92000579833984
110.16000366210938
110.30999755859375
113.510009765625
112.7800064086914
110.14000701904297
108.76000213623047
109.61000061035156
113.45000457763672
113.09001159667969
111.27000427246094
112.06000518798828
109.11000061035156
110.01000213623047
112.30000305175781
111.08000946044922
109.69001007080078
108.45000457763672
109.82000732421875
110.1100082397461
108.49000549316406
106.760009765625
108.06999969482422
109.19999694824219
106.61000061035156
106.81000518798828
109.35000610351563
108.06999969482422
109.99000549316406
108.83000183105469
109.86000061035156
110.67000579833984
107.760009765625
110.00000762939453
108.43000793457031
108.6300048828125
108.7300033569336
108.34000396728516
109.16000366210938
108.55000305175781
109.31999969482422
109.38999938964844
110.63999938964844
108.58000946044922
110.01000213623047
109.74000549316406
110.56999969482422
109.79000091552734
111.64000701904297
109.69001007080078
108.510009765625
109.0300064086914
108.99000549316406
108.0300064086914
108.60000610351563
109.56000518798828
108.4000015258789
108.4800033569336
108.74000549316406
108.47000122070313
107.69000244140625
108.69000244140625
107.77000427246094
110.67000579833984
111.760009765625
109.54000854492188
110.39000701904297
109.3800048828125
109.34001159667969
111.19000244140625
112.43000793457031
111.87000274658203
110.49000549316406
109.02000427246094
111.84001159667969
111.35000610351563
109.33000183105469
109.51000213623047
111.12000274658203
109.05000305175781
108.68000793457031
111.97000122070313
110.8800048828125
110.85000610351563
109.81001281738281
110.02999877929688
108.67000579833984
111.02000427246094
110.56999969482422
110.79000854492188
110.18000793457031
110.81000518798828
109.81001281738281
109.52999877929688
111.44000244140625
109.40000915527344
111.37000274658203
109.83000946044922
110.6300048828125
109.51000213623047
110.30999755859375
110.39000701904297
111.19000244140625
110.02999877929688
109.6500015258789
109.8800048828125
110.1300048828125
108.77999877929688
108.82000732421875
109.43000793457031
110.91000366210938
110.06000518798828
110.260009765625
110.44999694824219
108.94000244140625
111.02000427246094
109.49000549316406
110.9800033569336
112.49000549316406
110.05000305175781
112.02999877929688
111.24000549316406
110.87001037597656
111.13999938964844
111.34001159667969
111.13999938964844
109.56000518798828
108.41000366210938
110.21000671386719
110.56000518798828
111.3800048828125
110.81000518798828
110.80001068115234
108.42001342773438
107.66000366210938
108.510009765625
109.35000610351563
110.82000732421875
112.01000213623047
111.72000885009766
110.81000518798828
109.58000183105469
109.6300048828125
109.82000732421875
111.79000854492188
109.82000732421875
109.51000213623047
109.7300033569336
110.65000915527344
108.87000274658203
110.06000518798828
108.0300064086914
110.47000885009766
109.72000122070313
110.36000061035156
111.32000732421875
110.82000732421875
112.79000091552734
113.60000610351563
111.85000610351563
112.44000244140625
112.21000671386719
113.34000396728516
111.31000518798828
113.13999938964844
112.25
112.760009765625
110.94001007080078
110.55000305175781
110.86000061035156
109.57000732421875
111.97000122070313
110.77999877929688
107.31001281738281
108.04000854492188
107.12001037597656
106.95999908447266
107.06000518798828
108.71000671386719
106.45000457763672
105.46000671386719
106.4000015258789
106.39000701904297
106.16000366210938
107.760009765625
106.27999877929688
107.45001220703125
108.34000396728516
105.16999816894531
105.02000427246094
108.70001220703125
106.35000610351563
105.87001037597656
106.48001098632813
105.5
103.81000518798828
105.91000366210938
105.25000762939453
103.0
105.4800033569336
104.9800033569336
105.80001068115234
106.34001159667969
107.40000915527344
106.510009765625
105.24000549316406
106.88999938964844
106.62001037597656
106.09000396728516
106.62001037597656
105.07000732421875
106.09000396728516
107.02999877929688
106.97000122070313
106.7300033569336
106.33000183105469
106.04000091552734
104.7800064086914
106.02000427246094
103.95000457763672
105.84000396728516
102.91000366210938
100.94001007080078
103.25000762939453
103.41000366210938
104.04000091552734
104.24000549316406
104.01000213623047
103.54000091552734
104.31999969482422
104.79000091552734
101.17000579833984
102.32000732421875
103.85000610351563
103.27999877929688
101.12000274658203
105.56999969482422
103.95000457763672
102.71000671386719
102.11000061035156
103.43000793457031
104.69001007080078
104.19000244140625
105.29000091552734
105.84000396728516
102.55000305175781
103.17000579833984
104.38999938964844
103.19000244140625
103.3800048828125
103.13999938964844
102.75000762939453
102.97000885009766
104.40000915527344
104.86000061035156
104.48001098632813
104.59000396728516
104.67001342773438
104.09000396728516
104.8800048828125
105.56000518798828
105.80001068115234
102.69000244140625
103.1300048828125
103.84001159667969
104.45000457763672
103.29000854492188
101.98001098632813
103.76000213623047
102.41000366210938
102.86000061035156
103.4800033569336
104.48001098632813
103.30001068115234
103.98001098632813
103.8800048828125
102.96000671386719
101.55999755859375
101.90000915527344
103.15000915527344
103.77999877929688
105.4800033569336
106.8800048828125
105.95000457763672
106.5300064086914
106.19000244140625
104.80000305175781
106.54000091552734
107.57000732421875
106.43000793457031
105.56000518798828
104.59000396728516
105.56000518798828
107.17001342773438
105.1100082397461
103.59000396728516
103.55000305175781
105.01000213623047
103.63999938964844
104.93000030517578
106.79000854492188
106.8800048828125
106.20001220703125
104.69001007080078
106.09000396728516
105.67000579833984
103.1600112915039
104.92000579833984
106.27000427246094
103.1300048828125
105.16999816894531
103.34000396728516
104.24000549316406
103.0300064086914
104.9800033569336
103.12000274658203
104.5999984741211
104.1300048828125
104.01000213623047
104.72000122070313
104.16000366210938
106.69999694824219
106.11000061035156
106.08000946044922
104.61000061035156
104.8800048828125
105.62000274658203
104.69001007080078
105.6600112915039
105.02999877929688
104.99000549316406
106.41999816894531
104.85000610351563
106.47000122070313
104.82000732421875
104.42000579833984
104.50000762939453
105.1100082397461
105.20000457763672
105.70999908447266
104.43000793457031
104.59000396728516
104.05000305175781
104.0300064086914
105.02000427246094
105.25000762939453
104.7800064086914
106.15000915527344
104.86000061035156
104.86000061035156
106.4000015258789
105.80001068115234
105.36000061035156
103.6300048828125
102.6500015258789
106.17000579833984
105.33000946044922
105.41000366210938
104.56000518798828
102.96000671386719
103.8600082397461
104.71000671386719
106.17000579833984
105.34000396728516
106.90000915527344
106.09000396728516
104.54000854492188
105.02999877929688
105.40000915527344
104.77000427246094
104.92000579833984
102.47000885009766
105.06000518798828
106.02000427246094
104.10000610351563
105.6300048828125
105.3800048828125
105.79000854492188
105.06000518798828
106.79000854492188
106.13999938964844
105.41000366210938
103.37001037597656
106.83000183105469
106.65000915527344
105.81000518798828
105.24000549316406
103.20999908447266
104.21000671386719
106.47000122070313
104.85000610351563
105.62000274658203
106.08000946044922
105.8800048828125
105.58000183105469
105.84000396728516
107.36000061035156
108.34000396728516
108.02000427246094
107.35000610351563
105.6300048828125
104.67001342773438
106.61000061035156
106.55999755859375
104.97000885009766
106.50000762939453
107.1500015258789
107.40000915527344
106.57000732421875
106.34001159667969
104.74000549316406
104.77000427246094
105.33000946044922
105.05000305175781
106.30000305175781
106.67000579833984
106.24000549316406
106.9100112915039
104.70000457763672
105.76000213623047
107.60000610351563
105.30999755859375
106.7300033569336
106.34001159667969
107.62000274658203
107.6100082397461
107.38999938964844
106.68000030517578
108.45000457763672
107.60000610351563
107.9800033569336
108.56001281738281
108.04000854492188
107.07000732421875
109.25
109.05000305175781
107.760009765625
107.90000915527344
107.51000213623047
107.37000274658203
106.760009765625
106.83000183105469
107.64000701904297
107.30000305175781
107.49000549316406
108.09001159667969
109.08000946044922
110.02999877929688
110.3800048828125
108.29000854492188
107.40000915527344
109.2300033569336
107.22000122070313
107.64000701904297
107.9800033569336
107.43000793457031
107.12001037597656
107.35000610351563
107.36000061035156
107.54000854492188
107.34000396728516
108.06000518798828
108.08000183105469
107.36000061035156
108.05000305175781
107.21000671386719
107.75000762939453
107.97000885009766
108.37001037597656
107.22000122070313
108.59000396728516
108.27999877929688
107.21000671386719
107.08000183105469
107.36000061035156
107.11000061035156
108.05000305175781
106.2300033569336
106.75
105.20000457763672
105.04000854492188
105.52000427246094
105.59001159667969
107.17001342773438
107.8800048828125
106.50000762939453
106.93000793457031
107.97000885009766
106.94000244140625
107.09000396728516
107.06000518798828
108.43000793457031
106.80000305175781
106.79000854492188
106.59000396728516
107.75000762939453
107.66999816894531
105.29000091552734
106.85000610351563
107.50000762939453
107.79000091552734
108.44001007080078
108.96000671386719
108.45000457763672
108.0
106.52000427246094
106.29000854492188
107.38999938964844
106.02000427246094
107.16000366210938
106.30000305175781
106.12000274658203
108.08000183105469
105.68000793457031
106.72000885009766
107.01000213623047
108.9000015258789
107.40000915527344
108.39000701904297
106.1300048828125
108.76000213623047
108.26000213623047
106.79000854492188
108.510009765625
107.84000396728516
108.04000854492188
108.52000427246094
107.83000946044922
107.17001342773438
106.44000244140625
106.31000518798828
106.58000946044922
106.52000427246094
107.20000457763672
107.06000518798828
105.82000732421875
106.90000915527344
104.83000946044922
105.06000518798828
105.23001098632813
106.7300033569336
106.47000122070313
106.67000579833984
107.33000946044922
106.66000366210938
105.97000122070313
107.27000427246094
107.86000061035156
106.94000244140625
106.98001098632813
107.92000579833984
108.12000274658203
106.5300064086914
105.69000244140625
106.85000610351563
107.12001037597656
106.47000122070313
104.83000946044922
105.63999938964844
106.3800048828125
106.22000885009766
106.13999938964844
106.8600082397461
108.25000762939453
107.80000305175781
108.22000122070313
107.93000030517578
108.67000579833984
107.94999694824219
107.46000671386719
106.46000671386719
107.1500015258789
106.10000610351563
106.22000885009766
107.2800064086914
107.66999816894531
106.13999938964844
106.60000610351563
106.61000061035156
108.08000183105469
108.37001037597656
106.3600082397461
106.99000549316406
105.99000549316406
106.44000244140625
105.87001037597656
105.75000762939453
105.35000610351563
107.52999877929688
107.60000610351563
105.58000183105469
104.83000946044922
105.41000366210938
104.29000854492188
103.47000122070313
105.4800033569336
104.14000701904297
104.96000671386719
103.81000518798828
103.99000549316406
104.57000732421875
105.97000122070313
103.42001342773438
102.40000915527344
103.80000305175781
103.04000854492188
104.61000061035156
105.33000946044922
105.86000061035156
105.8499984741211
106.05000305175781
106.08000946044922
105.81000518798828
106.39000701904297
105.260009765625
105.54000854492188
105.76000213623047
104.87000274658203
104.86000061035156
104.5999984741211
104.47000122070313
102.80999755859375
104.40000915527344
104.66000366210938
105.36000061035156
104.85000610351563
104.0300064086914
105.1300048828125
104.81001281738281
102.37000274658203
102.44000244140625
105.1300048828125
104.07000732421875
104.04000091552734
103.8800048828125
104.83000946044922
105.20000457763672
103.91999816894531
103.71000671386719
105.20000457763672
103.0
102.85000610351563
104.17000579833984
103.22000122070313
102.80999755859375
104.97000885009766
105.09001159667969
104.00000762939453
103.76000213623047
104.33000183105469
104.44000244140625
104.6300048828125
103.60000610351563
105.00000762939453
105.09001159667969
103.57000732421875
104.260009765625
104.33000183105469
105.49000549316406
104.760009765625
103.24000549316406
104.31000518798828
104.72000122070313
103.20999908447266
105.1300048828125
103.6300048828125
105.54000854492188
105.08000183105469
104.70000457763672
104.9800033569336
104.21000671386719
105.79000854492188
105.04000854492188
104.74000549316406
104.72000122070313
105.00000762939453
105.89000701904297
106.0
105.95000457763672
106.95000457763672
105.60000610351563
106.46000671386719
106.7300033569336
106.39000701904297
108.1100082397461
106.29000854492188
106.39000701904297
106.77000427246094
106.87000274658203
106.67000579833984
107.20000457763672
106.81999969482422
107.68000793457031
108.68000793457031
107.60000610351563
108.55000305175781
106.510009765625
107.1300048828125
106.3600082397461
107.06000518798828
106.44000244140625
105.92001342773438
105.49000549316406
106.2300033569336
104.95001220703125
104.77000427246094
104.74000549316406
104.4100112915039
105.05000305175781
104.30000305175781
105.02000427246094
104.58000183105469
105.09001159667969
105.27000427246094
104.52999877929688
104.93000030517578
105.16999816894531
105.70999908447266
105.6600112915039
107.09000396728516
105.9000015258789
105.39000701904297
105.16000366210938
107.74000549316406
106.18000030517578
105.82000732421875
106.0300064086914
106.9100112915039
105.14000701904297
104.58000183105469
104.79000091552734
105.49000549316406
104.2300033569336
106.98001098632813
106.54000091552734
105.33000946044922
105.77999877929688
105.44999694824219
105.02000427246094
104.70000457763672
106.27000427246094
105.5
104.29000854492188
106.2300033569336
103.6300048828125
104.38999938964844
104.10000610351563
104.38999938964844
105.23001098632813
103.42001342773438
104.5999984741211
104.2800064086914
103.10000610351563
104.33000183105469
104.75
104.55001068115234
105.00000762939453
103.41000366210938
104.12001037597656
104.07000732421875
105.63999938964844
104.96000671386719
104.81001281738281
104.55001068115234
104.40000915527344
104.25
106.3600082397461
107.04000854492188
105.39000701904297
105.6300048828125
105.5300064086914
105.56000518798828
103.6300048828125
105.52000427246094
104.87000274658203
106.31000518798828
106.68000030517578
105.76000213623047
105.83000183105469
107.12001037597656
108.04000854492188
105.73001098632813
105.07000732421875
106.39000701904297
106.66000366210938
107.00000762939453
104.81001281738281
106.50000762939453
105.9800033569336
105.25000762939453
104.72000122070313
105.04000854492188
105.83000183105469
105.87001037597656
106.35000610351563
105.16999816894531
105.6300048828125
105.56999969482422
106.33000183105469
104.50000762939453
104.74000549316406
105.87001037597656
104.38999938964844
104.54000854492188
105.06000518798828
104.11000061035156
104.17000579833984
104.33000183105469
103.91999816894531
105.73001098632813
105.99000549316406
104.27000427246094
105.16999816894531
104.260009765625
106.20001220703125
103.47000122070313
104.75
103.9000015258789
105.05000305175781
104.8800048828125
105.42000579833984
104.07000732421875
105.47000885009766
106.66000366210938
105.99000549316406
107.06000518798828
105.00000762939453
106.17000579833984
107.0999984741211
105.42000579833984
105.68000793457031
106.55999755859375
104.83000946044922
105.30000305175781
105.47000885009766
104.75
105.86000061035156
105.5300064086914
104.3600082397461
104.24000549316406
105.05000305175781
106.06001281738281
107.42000579833984
105.56000518798828
107.29000091552734
105.81000518798828
105.46000671386719
106.58000946044922
107.92000579833984
107.99000549316406
105.5300064086914
106.3600082397461
106.79000854492188
105.96000671386719
106.0
108.29000854492188
107.07000732421875
106.25000762939453
105.56000518798828
105.32000732421875
105.54000854492188
105.65000915527344
104.7800064086914
104.6500015258789
104.47000122070313
105.76000213623047
104.29000854492188
104.3800048828125
104.04000091552734
104.92000579833984
105.37001037597656
104.760009765625
107.47000885009766
105.82000732421875
107.32000732421875
105.82000732421875
105.9000015258789
105.44999694824219
105.49000549316406
106.52000427246094
106.95999908447266
107.0999984741211
106.59000396728516
105.94001007080078
104.95001220703125
105.54000854492188
105.19000244140625
106.49000549316406
105.83000183105469
106.52000427246094
104.96000671386719
106.04000091552734
104.7300033569336
105.07000732421875
105.9000015258789
107.14000701904297
106.07000732421875
105.24000549316406
104.66000366210938
106.77000427246094
106.24000549316406
107.89000701904297
106.45000457763672
106.88999938964844
105.18000793457031
104.84000396728516
106.760009765625
105.6100082397461
104.10000610351563
103.59000396728516
106.17000579833984
104.08000946044922
104.50000762939453
104.81001281738281
104.75
104.6300048828125
103.80000305175781
104.77000427246094
105.01000213623047
104.31999969482422
104.95001220703125
105.12000274658203
104.70000457763672
104.09000396728516
102.6500015258789
103.30001068115234
102.7800064086914
104.48001098632813
101.88999938964844
103.5
105.02999877929688
104.04000091552734
104.0300064086914
103.17000579833984
103.1100082397461
102.52999877929688
103.72000885009766
103.8600082397461
104.22000885009766
103.80000305175781
104.30000305175781
102.73001098632813
104.0300064086914
105.02999877929688
106.72000885009766
104.44000244140625
106.24000549316406
105.36000061035156
106.3600082397461
104.52000427246094
105.22000122070313
106.8800048828125
105.3800048828125
104.260009765625
106.71000671386719
105.20000457763672
105.34000396728516
106.24000549316406
106.48001098632813
104.71000671386719
106.58000946044922
105.3800048828125
105.97000122070313
105.40000915527344
106.24000549316406
105.74000549316406
105.5300064086914
105.95000457763672
104.3600082397461
105.72000122070313
105.3800048828125
105.3800048828125
106.010009765625
104.75
104.90000915527344
106.19000244140625
105.5300064086914
104.31000518798828
106.04000091552734
105.84000396728516
104.81001281738281
104.6300048828125
104.45000457763672
105.69000244140625
105.30999755859375
107.18000793457031
106.27000427246094
105.69000244140625
104.22000885009766
105.21000671386719
104.59000396728516
105.5300064086914
106.59000396728516
106.17000579833984
105.36000061035156
105.22000122070313
104.05999755859375
104.34001159667969
105.16000366210938
104.85000610351563
106.13999938964844
104.43000793457031
105.20000457763672
104.09000396728516
103.89000701904297
102.62000274658203
103.76000213623047
104.50000762939453
104.40000915527344
105.09001159667969
104.50000762939453
102.97000885009766
105.1100082397461
104.05000305175781
105.9000015258789
104.68000793457031
104.5999984741211
104.67001342773438
104.45000457763672
105.89000701904297
104.64000701904297
104.95001220703125
104.21000671386719
106.06001281738281
105.87001037597656
105.80001068115234
106.71000671386719
107.66999816894531
106.26000213623047
107.56000518798828
106.27999877929688
106.41000366210938
106.1300048828125
106.44000244140625
108.49000549316406
106.44000244140625
105.79000854492188
105.87001037597656
107.1500015258789
106.32000732421875
105.9800033569336
106.7300033569336
106.24000549316406
103.8800048828125
107.79000091552734
107.73001098632813
107.16000366210938
107.06000518798828
107.21000671386719
105.75000762939453
105.16000366210938
105.96000671386719
104.75
104.57000732421875
105.18000793457031
104.15000915527344
105.3800048828125
104.37000274658203
106.66000366210938
106.60000610351563
105.96000671386719
104.79000091552734
104.82000732421875
105.42000579833984
105.4800033569336
105.40000915527344
105.72000122070313
106.22000885009766
104.54000854492188
104.72000122070313
