112.66999816894531
112.74000549316406
112.80999755859375
112.01000213623047
111.65000915527344
112.43000793457031
114.64000701904297
112.77000427246094
113.57000732421875
112.72000122070313
113.93000793457031
113.9000015258789
114.80000305175781
113.79000854492188
113.27999877929688
115.70999908447266
115.70000457763672
115.30999755859375
113.95000457763672
113.23001098632813
113.97000122070313
115.30000305175781
114.66000366210938
113.60000610351563
113.55000305175781
113.36000061035156
113.81000518798828
113.36000061035156
112.92000579833984
113.72000885009766
112.260009765625
111.62001037597656
112.52999877929688
113.1300048828125
112.10000610351563
112.99000549316406
114.9800033569336
114.05999755859375
113.24000549316406
112.94999694824219
113.69000244140625
113.1100082397461
112.1300048828125
111.4000015258789
111.30000305175781
111.44000244140625
113.36000061035156
111.61000061035156
112.09000396728516
110.56999969482422
114.02000427246094
112.87001037597656
111.83000183105469
114.6500015258789
114.40000915527344
113.29000854492188
114.44000244140625
115.58000183105469
114.7800064086914
114.40000915527344
114.56000518798828
113.23001098632813
114.55001068115234
113.1100082397461
113.94001007080078
114.38999938964844
112.35000610351563
112.55000305175781
111.44000244140625
113.24000549316406
111.93000793457031
112.9800033569336
111.94000244140625
112.38999938964844
113.510009765625
112.77000427246094
113.27000427246094
112.46000671386719
113.91999816894531
113.52000427246094
114.8800048828125
115.89000701904297
113.7300033569336
113.4800033569336
114.30000305175781
113.54000091552734
114.3600082397461
115.32000732421875
112.85000610351563
110.99000549316406
112.57000732421875
113.27999877929688
113.59000396728516
114.3600082397461
113.31000518798828
112.79000091552734
114.2300033569336
112.04000854492188
113.4000015258789
113.55000305175781
114.57000732421875
113.20999908447266
116.20001220703125
115.58000183105469
113.23001098632813
114.54000854492188
114.87000274658203
114.90000915527344
116.70001220703125
115.83000183105469
118.60000610351563
118.4000015258789
116.04000091552734
117.52999877929688
118.1300048828125
117.83000946044922
116.25000762939453
115.9000015258789
115.21000671386719
116.33000183105469
115.46000671386719
114.19000244140625
114.3600082397461
113.4800033569336
112.8800048828125
114.48001098632813
113.45000457763672
112.22000122070313
113.60000610351563
113.95000457763672
111.06001281738281
111.7800064086914
112.92000579833984
114.27001190185547
113.45000457763672
114.6300048828125
112.74000549316406
113.82000732421875
114.56000518798828
113.45000457763672
114.07000732421875
113.44001007080078
113.63999938964844
113.12000274658203
111.93000793457031
113.0300064086914
112.1500015258789
113.1600112915039
113.99000549316406
112.66000366210938
111.92000579833984
113.33000183105469
112.29000091552734
112.17001342773438
111.21000671386719
111.7800064086914
112.10000610351563
115.07000732421875
115.23001098632813
113.26000213623047
112.07000732421875
111.57000732421875
113.42001342773438
114.58000183105469
113.15000915527344
114.12001037597656
113.7300033569336
114.97000885009766
114.47000122070313
115.510009765625
115.5300064086914
115.5
112.74000549316406
115.44999694824219
113.10000610351563
115.02000427246094
113.43000793457031
116.21000671386719
113.44001007080078
116.60000610351563
116.49000549316406
115.4800033569336
115.5300064086914
115.16000366210938
114.60000610351563
115.05000305175781
116.010009765625
115.94001007080078
115.36000061035156
115.08000183105469
113.7300033569336
115.76000213623047
114.44000244140625
114.6300048828125
113.66000366210938
114.24000549316406
115.44999694824219
115.23001098632813
116.41999816894531
113.510009765625
115.00000762939453
114.71000671386719
115.2800064086914
115.16000366210938
116.64000701904297
116.5300064086914
114.81001281738281
115.6600112915039
115.34000396728516
117.73001098632813
116.07000732421875
115.93000793457031
114.9800033569336
113.97000122070313
114.58000183105469
112.99000549316406
113.06000518798828
113.49000549316406
113.20999908447266
112.22000122070313
113.87000274658203
115.80001068115234
114.48001098632813
114.96000671386719
113.18000793457031
115.12000274658203
114.12001037597656
114.27001190185547
114.3800048828125
114.2800064086914
114.81001281738281
113.74000549316406
114.82000732421875
113.1100082397461
113.66000366210938
113.76000213623047
112.60000610351563
114.29000854492188
113.05000305175781
112.44000244140625
113.45000457763672
114.45999908447266
113.71000671386719
114.50000762939453
113.41000366210938
113.69000244140625
113.18000793457031
113.36000061035156
114.17000579833984
112.85000610351563
117.30000305175781
114.79000091552734
113.68000793457031
113.6300048828125
112.72000122070313
114.85000610351563
113.83000183105469
113.27999877929688
115.00000762939453
114.85000610351563
114.6300048828125
115.02999877929688
113.60000610351563
114.43000793457031
114.82000732421875
114.60000610351563
114.93000793457031
112.70000457763672
113.55000305175781
114.19000244140625
113.49000549316406
112.73001098632813
113.85000610351563
113.47000122070313
113.02001190185547
113.06999969482422
113.60000610351563
114.43000793457031
115.21000671386719
113.47000122070313
113.68000793457031
113.30001068115234
116.13999938964844
114.95001220703125
113.5
115.70999908447266
115.16999816894531
114.8600082397461
113.19000244140625
114.1300048828125
114.45999908447266
114.02000427246094
112.41000366210938
112.3800048828125
113.15000915527344
113.29000854492188
115.29000091552734
114.05999755859375
114.8800048828125
114.87000274658203
114.97000885009766
115.09001159667969
112.32000732421875
114.16000366210938
114.29000854492188
113.1100082397461
113.12000274658203
114.31000518798828
114.81001281738281
112.69001007080078
114.50000762939453
113.8600082397461
114.57000732421875
114.45999908447266
114.22000885009766
114.30000305175781
115.25000762939453
116.16000366210938
115.8800048828125
114.6300048828125
115.21000671386719
115.82000732421875
116.79000854492188
114.04000091552734
113.70001220703125
113.94001007080078
113.09001159667969
112.91000366210938
116.30000305175781
114.4100112915039
115.5300064086914
116.06001281738281
116.94000244140625
115.86000061035156
115.41000366210938
115.23001098632813
115.47000885009766
117.34000396728516
116.2300033569336
116.45000457763672
118.010009765625
117.37000274658203
116.55000305175781
115.37001037597656
114.61000061035156
114.29000854492188
115.91000366210938
116.0
117.52999877929688
117.66000366210938
115.84000396728516
115.49000549316406
115.62000274658203
115.02999877929688
115.80001068115234
115.94001007080078
114.8800048828125
115.2800064086914
114.17000579833984
115.04000854492188
116.92000579833984
115.85000610351563
115.77000427246094
115.56999969482422
115.40000915527344
115.89000701904297
114.45999908447266
115.10000610351563
114.54000854492188
113.1600112915039
114.56000518798828
114.48001098632813
113.84001159667969
112.72000122070313
114.11000061035156
114.16000366210938
113.75000762939453
112.4800033569336
111.3800048828125
112.72000122070313
112.6100082397461
109.75
111.67000579833984
113.65000915527344
111.60000610351563
112.44000244140625
113.8800048828125
112.50000762939453
112.69001007080078
112.6100082397461
113.06999969482422
112.59001159667969
112.21000671386719
114.1300048828125
112.02999877929688
114.92000579833984
113.95000457763672
113.98001098632813
115.09001159667969
114.11000061035156
114.07000732421875
112.96000671386719
114.66000366210938
112.60000610351563
112.79000091552734
111.8600082397461
113.83000183105469
115.1300048828125
112.260009765625
112.12001037597656
112.07000732421875
111.47000122070313
113.9000015258789
112.24000549316406
112.96000671386719
112.260009765625
114.3800048828125
112.19001007080078
112.92000579833984
112.75000762939453
111.81999969482422
113.29000854492188
111.88999938964844
111.4000015258789
111.84001159667969
112.38999938964844
112.68000793457031
110.3800048828125
113.67000579833984
113.46000671386719
115.73001098632813
114.85000610351563
113.4800033569336
114.760009765625
114.74000549316406
113.7300033569336
114.4100112915039
115.4800033569336
115.4800033569336
113.44001007080078
113.91000366210938
114.16000366210938
114.14000701904297
112.42000579833984
113.15000915527344
111.3600082397461
112.9800033569336
112.14000701904297
111.27999877929688
112.56000518798828
111.88999938964844
112.22000122070313
112.2300033569336
111.06001281738281
113.83000183105469
111.67000579833984
111.71000671386719
110.37001037597656
110.6100082397461
112.24000549316406
111.21000671386719
110.4800033569336
110.94001007080078
110.39000701904297
110.54000854492188
112.57000732421875
111.79000854492188
109.60000610351563
110.30999755859375
110.63999938964844
111.3800048828125
110.59001159667969
110.2800064086914
110.24000549316406
110.510009765625
109.44000244140625
109.51000213623047
110.33000946044922
109.71000671386719
109.72000122070313
108.69000244140625
109.17000579833984
108.04000854492188
110.92001342773438
109.54000854492188
110.22000122070313
111.25000762939453
111.84001159667969
111.20001220703125
110.75000762939453
108.44001007080078
108.75000762939453
109.94000244140625
109.37000274658203
108.9000015258789
109.42000579833984
108.75000762939453
110.5
111.04000091552734
110.19000244140625
110.2800064086914
110.80001068115234
108.76000213623047
109.0300064086914
110.56000518798828
109.6300048828125
110.10000610351563
110.36000061035156
108.57000732421875
108.5
109.00000762939453
109.55001068115234
111.52000427246094
109.54000854492188
110.5300064086914
111.29000854492188
112.05001068115234
112.260009765625
112.31001281738281
109.7800064086914
109.4100112915039
112.90000915527344
111.74000549316406
109.9800033569336
110.99000549316406
113.5300064086914
112.50000762939453
113.74000549316406
113.99000549316406
112.14000701904297
113.34000396728516
112.27000427246094
112.83000946044922
112.55000305175781
112.27000427246094
112.80000305175781
111.74000549316406
112.02000427246094
111.6300048828125
111.68000030517578
111.33000183105469
112.43000793457031
111.41999816894531
112.83000946044922
112.80000305175781
113.20999908447266
112.90000915527344
114.34001159667969
113.70001220703125
114.00000762939453
115.09001159667969
113.7300033569336
113.42001342773438
112.47000885009766
112.94000244140625
112.82000732421875
112.86000061035156
111.5300064086914
111.06001281738281
113.06000518798828
112.37000274658203
111.47000122070313
111.07000732421875
113.1300048828125
112.47000885009766
112.35000610351563
111.65000915527344
111.45000457763672
111.48001098632813
112.93000030517578
110.6100082397461
111.48001098632813
112.51000213623047
112.6300048828125
112.30000305175781
111.69999694824219
109.25
108.55000305175781
110.25000762939453
111.39000701904297
110.9000015258789
111.75
111.75
113.24000549316406
112.86000061035156
113.63999938964844
112.73001098632813
112.12001037597656
110.20000457763672
110.1500015258789
110.46000671386719
110.20000457763672
112.20000457763672
112.91000366210938
110.55000305175781
111.77001190185547
112.19001007080078
110.8800048828125
112.46000671386719
111.67000579833984
112.45001220703125
111.59000396728516
108.23001098632813
110.68000793457031
111.68000030517578
110.4800033569336
109.2800064086914
110.97000122070313
111.760009765625
111.77001190185547
111.37000274658203
111.83000183105469
110.14000701904297
112.42000579833984
111.510009765625
111.02000427246094
108.4800033569336
109.91000366210938
109.0300064086914
110.96000671386719
110.70000457763672
111.06001281738281
112.71000671386719
112.69001007080078
111.760009765625
112.93000030517578
110.65000915527344
113.4000015258789
111.0300064086914
112.06000518798828
111.80000305175781
111.58000946044922
111.7800064086914
111.94000244140625
112.09000396728516
111.31000518798828
111.33000183105469
110.62000274658203
112.6500015258789
113.30001068115234
113.4000015258789
112.31001281738281
114.260009765625
111.94000244140625
111.44000244140625
112.41000366210938
113.30001068115234
113.33000183105469
112.59001159667969
110.69000244140625
112.75000762939453
111.37000274658203
112.45001220703125
110.77000427246094
112.06000518798828
110.52001190185547
110.67000579833984
112.14000701904297
110.09001159667969
112.6300048828125
113.13999938964844
112.47000885009766
113.08000183105469
112.80000305175781
112.8800048828125
112.22000122070313
113.26000213623047
112.89000701904297
112.1300048828125
113.6300048828125
113.15000915527344
112.57000732421875
112.18000793457031
112.2300033569336
112.64000701904297
113.3800048828125
112.27000427246094
112.40000915527344
111.49000549316406
112.84000396728516
112.17001342773438
112.52000427246094
112.40000915527344
114.2800064086914
112.29000091552734
111.75
111.84001159667969
112.57000732421875
112.27000427246094
112.47000885009766
109.4100112915039
110.510009765625
110.25000762939453
107.69000244140625
110.95000457763672
112.01000213623047
112.24000549316406
111.7800064086914
109.55001068115234
110.16999816894531
110.02000427246094
111.0
109.86000061035156
110.72000122070313
111.81999969482422
112.77000427246094
111.17000579833984
111.25000762939453
108.91000366210938
112.52000427246094
111.98001098632813
111.62001037597656
112.260009765625
111.88999938964844
113.5
113.54000091552734
113.20000457763672
112.41000366210938
113.10000610351563
112.12001037597656
113.93000793457031
112.55000305175781
113.15000915527344
110.77999877929688
112.49000549316406
114.05000305175781
113.67000579833984
113.26000213623047
112.92000579833984
114.16000366210938
114.45000457763672
113.7300033569336
114.17000579833984
113.23001098632813
113.0300064086914
114.30000305175781
115.67000579833984
113.5300064086914
115.44999694824219
115.82000732421875
113.83000183105469
115.84000396728516
114.49000549316406
113.06000518798828
111.50000762939453
112.52999877929688
113.06999969482422
111.65000915527344
110.5300064086914
111.41999816894531
113.47000122070313
113.71000671386719
113.6300048828125
113.36000061035156
111.9100112915039
112.74000549316406
113.39000701904297
113.1100082397461
113.42001342773438
113.24000549316406
114.25
113.24000549316406
113.15000915527344
112.27000427246094
113.3800048828125
112.96000671386719
114.60000610351563
113.63999938964844
112.85000610351563
110.16000366210938
111.12000274658203
111.9100112915039
111.57000732421875
114.31000518798828
110.58000183105469
113.510009765625
109.83000946044922
113.39000701904297
112.17001342773438
113.26000213623047
112.41000366210938
111.05000305175781
113.05000305175781
112.27000427246094
112.260009765625
112.42000579833984
111.37000274658203
110.54000854492188
112.85000610351563
111.88999938964844
112.80999755859375
111.67000579833984
112.07000732421875
110.8800048828125
110.46000671386719
112.18000793457031
112.24000549316406
113.26000213623047
113.41000366210938
115.00000762939453
113.6100082397461
113.06000518798828
114.35000610351563
114.52000427246094
115.08000183105469
114.31000518798828
113.59000396728516
114.7300033569336
113.27000427246094
112.92000579833984
112.91000366210938
114.56000518798828
113.55000305175781
112.82000732421875
113.70001220703125
114.50000762939453
115.29000091552734
114.0300064086914
113.34000396728516
114.1300048828125
115.05000305175781
113.94001007080078
114.45000457763672
114.29000854492188
113.12000274658203
114.17000579833984
113.06999969482422
113.8600082397461
113.41000366210938
112.27000427246094
113.35000610351563
113.08000183105469
110.77999877929688
112.44000244140625
111.99000549316406
111.7300033569336
111.74000549316406
111.39000701904297
110.75000762939453
109.55001068115234
111.94000244140625
111.510009765625
112.74000549316406
113.59000396728516
112.21000671386719
111.68000030517578
110.87001037597656
111.54000091552734
111.90000915527344
113.4800033569336
113.0
114.72000122070313
114.02000427246094
113.55000305175781
111.85000610351563
112.43000793457031
112.260009765625
112.32000732421875
112.1500015258789
111.85000610351563
111.22000885009766
110.6100082397461
111.19000244140625
109.7800064086914
110.59001159667969
111.52000427246094
111.41999816894531
110.10000610351563
109.95001220703125
111.65000915527344
109.00000762939453
109.81001281738281
110.12000274658203
111.7300033569336
109.82000732421875
110.9800033569336
110.96000671386719
112.8800048828125
112.29000091552734
112.60000610351563
114.00000762939453
112.59001159667969
113.26000213623047
113.71000671386719
113.31000518798828
113.37001037597656
113.80000305175781
113.6300048828125
114.30000305175781
113.97000122070313
116.010009765625
115.06000518798828
115.07000732421875
114.24000549316406
114.64000701904297
113.1300048828125
114.54000854492188
115.30999755859375
114.21000671386719
114.91000366210938
113.06999969482422
113.77000427246094
114.05999755859375
115.3800048828125
113.91999816894531
113.83000183105469
112.64000701904297
113.09001159667969
111.81999969482422
112.68000793457031
111.44000244140625
113.9000015258789
111.71000671386719
111.94000244140625
112.11000061035156
112.51000213623047
110.91000366210938
112.82000732421875
112.80999755859375
113.08000183105469
114.45999908447266
112.1300048828125
111.64000701904297
112.50000762939453
114.00000762939453
113.27999877929688
113.44001007080078
113.97000122070313
112.260009765625
113.57000732421875
114.45999908447266
115.02999877929688
113.96000671386719
113.77000427246094
115.5300064086914
115.99000549316406
114.80000305175781
114.6300048828125
113.98001098632813
114.74000549316406
117.05001068115234
114.05999755859375
114.6300048828125
112.6300048828125
111.44000244140625
113.25000762939453
113.79000854492188
115.1100082397461
113.81000518798828
114.31000518798828
114.31000518798828
114.60000610351563
113.29000854492188
113.41000366210938
114.45999908447266
112.54000854492188
111.49000549316406
112.62000274658203
113.12000274658203
112.6300048828125
111.07000732421875
112.92000579833984
114.18000030517578
110.80001068115234
112.1300048828125
112.02999877929688
113.09001159667969
114.43000793457031
113.43000793457031
113.30001068115234
113.7300033569336
113.56001281738281
113.56001281738281
114.45999908447266
115.69000244140625
116.44001007080078
114.97000885009766
114.05000305175781
114.19000244140625
115.1300048828125
113.97000122070313
114.27001190185547
115.24000549316406
113.6100082397461
114.9800033569336
113.56001281738281
113.55000305175781
112.73001098632813
114.6500015258789
114.31000518798828
113.87000274658203
111.97000122070313
113.7300033569336
113.08000183105469
113.5
113.99000549316406
114.55001068115234
115.21000671386719
113.31000518798828
113.04000854492188
115.34000396728516
115.4800033569336
114.27001190185547
113.96000671386719
113.96000671386719
115.39000701904297
114.35000610351563
113.77999877929688
114.72000122070313
114.260009765625
113.3800048828125
112.52000427246094
115.07000732421875
113.1600112915039
113.58000946044922
113.63999938964844
114.7800064086914
114.02000427246094
114.48001098632813
113.25000762939453
112.64000701904297
113.13999938964844
113.05000305175781
114.11000061035156
114.68000793457031
115.9000015258789
115.39000701904297
117.27000427246094
116.27999877929688
114.37000274658203
114.9800033569336
112.64000701904297
112.86000061035156
114.2800064086914
114.7800064086914
114.3800048828125
114.44000244140625
114.49000549316406
114.16000366210938
113.27999877929688
113.4800033569336
113.35000610351563
113.72000885009766
113.27999877929688
113.06999969482422
113.31000518798828
114.58000183105469
114.85000610351563
116.30000305175781
113.67000579833984
113.27999877929688
112.18000793457031
111.81000518798828
111.13999938964844
112.04000854492188
112.22000122070313
114.68000793457031
114.37000274658203
112.68000793457031
114.40000915527344
114.7300033569336
113.18000793457031
114.37000274658203
112.90000915527344
111.07000732421875
111.8800048828125
112.35000610351563
112.9800033569336
112.50000762939453
109.9800033569336
112.01000213623047
112.57000732421875
111.93000793457031
111.60000610351563
112.04000854492188
111.95000457763672
113.20000457763672
112.96000671386719
111.7800064086914
111.17000579833984
112.47000885009766
113.24000549316406
112.99000549316406
111.74000549316406
111.69000244140625
112.87001037597656
111.02000427246094
111.07000732421875
111.27000427246094
112.09000396728516
109.7300033569336
107.68000793457031
108.95000457763672
110.72000122070313
109.51000213623047
111.99000549316406
112.25
111.48001098632813
112.27000427246094
112.42000579833984
111.34001159667969
111.81000518798828
111.7800064086914
111.83000183105469
112.7800064086914
111.92000579833984
111.26000213623047
110.16000366210938
110.12000274658203
110.62000274658203
109.3600082397461
110.67000579833984
112.19001007080078
111.21000671386719
110.21000671386719
109.66000366210938
110.47000885009766
109.50000762939453
112.57000732421875
110.82000732421875
109.1300048828125
109.6500015258789
108.6300048828125
109.74000549316406
110.70000457763672
111.79000854492188
111.16000366210938
112.66999816894531
111.88999938964844
111.66000366210938
112.09000396728516
111.43000793457031
111.87000274658203
112.89000701904297
111.97000122070313
112.02000427246094
112.47000885009766
113.52000427246094
112.94000244140625
112.82000732421875
114.25
113.26000213623047
113.05000305175781
114.10000610351563
112.3800048828125
112.49000549316406
113.20999908447266
112.62000274658203
111.510009765625
111.27999877929688
111.3800048828125
114.11000061035156
113.45000457763672
112.42000579833984
112.91000366210938
111.7300033569336
113.70001220703125
114.6500015258789
116.10000610351563
114.96000671386719
117.16000366210938
114.72000122070313
112.44000244140625
111.97000122070313
113.80000305175781
112.25
112.50000762939453
116.04000091552734
114.52999877929688
112.9800033569336
113.83000183105469
114.60000610351563
116.0
116.13999938964844
114.3800048828125
114.14000701904297
115.09001159667969
114.80000305175781
116.29000854492188
115.47000885009766
114.75
114.07000732421875
115.5
113.96000671386719
114.07000732421875
114.11000061035156
113.02001190185547
110.5
112.80000305175781
111.60000610351563
112.06000518798828
111.8600082397461
112.37000274658203
111.74000549316406
111.7800064086914
112.86000061035156
114.21000671386719
112.35000610351563
111.4000015258789
112.58000183105469
110.52001190185547
111.92000579833984
110.89000701904297
111.83000183105469
110.73001098632813
110.44000244140625
111.32000732421875
111.54000091552734
110.86000061035156
111.41000366210938
112.62000274658203
113.19000244140625
114.69001007080078
111.7800064086914
112.10000610351563
112.41000366210938
112.14000701904297
111.98001098632813
113.65000915527344
113.05000305175781
111.44000244140625
113.22000122070313
112.37000274658203
112.57000732421875
113.70001220703125
112.260009765625
112.59001159667969
112.46000671386719
112.3800048828125
110.16999816894531
110.08000183105469
110.07000732421875
109.51000213623047
109.94000244140625
110.42000579833984
113.23001098632813
111.95999908447266
112.77000427246094
111.98001098632813
112.73001098632813
112.12001037597656
113.12000274658203
112.08000183105469
111.24000549316406
111.61000061035156
111.57000732421875
111.98001098632813
113.32000732421875
111.95000457763672
112.08000183105469
111.12000274658203
112.42000579833984
113.30001068115234
114.11000061035156
113.31000518798828
114.18000030517578
112.82000732421875
111.35000610351563
110.40000915527344
111.52000427246094
110.27000427246094
112.1500015258789
112.68000793457031
111.30000305175781
109.96000671386719
110.69000244140625
110.97000122070313
111.9100112915039
112.49000549316406
111.61000061035156
110.1300048828125
108.96000671386719
109.7300033569336
111.3600082397461
111.10000610351563
111.47000122070313
111.760009765625
109.64000701904297
111.12000274658203
111.510009765625
111.24000549316406
111.48001098632813
110.80001068115234
109.3600082397461
108.1300048828125
108.74000549316406
111.30000305175781
110.27000427246094
111.8600082397461
111.35000610351563
111.32000732421875
109.49000549316406
108.62000274658203
110.39000701904297
110.6300048828125
112.17001342773438
111.20001220703125
110.94001007080078
110.260009765625
111.58000946044922
110.79000854492188
111.05000305175781
110.43000030517578
111.9100112915039
111.61000061035156
109.93000793457031
112.02000427246094
111.46000671386719
112.37000274658203
111.45000457763672
109.07000732421875
111.59000396728516
112.36000061035156
112.6100082397461
112.69001007080078
112.57000732421875
113.1300048828125
113.4000015258789
112.760009765625
111.93000793457031
113.09001159667969
111.31000518798828
110.3800048828125
110.9000015258789
110.91000366210938
111.90000915527344
111.35000610351563
108.89000701904297
110.41000366210938
112.11000061035156
111.90000915527344
111.7800064086914
110.74000549316406
111.95999908447266
112.90000915527344
110.73001098632813
112.30000305175781
112.1300048828125
112.80000305175781
111.25000762939453
112.46000671386719
111.75
111.44000244140625
112.52999877929688
111.60000610351563
110.75000762939453
114.11000061035156
112.29000091552734
112.90000915527344
111.67000579833984
111.62001037597656
114.2300033569336
114.00000762939453
111.9100112915039
110.44999694824219
110.14000701904297
112.66999816894531
112.4800033569336
110.32000732421875
110.99000549316406
110.77999877929688
110.16999816894531
110.24000549316406
110.85000610351563
108.70001220703125
109.60000610351563
111.1300048828125
110.41000366210938
108.27000427246094
109.8800048828125
108.91999816894531
110.52001190185547
110.76000213623047
111.010009765625
110.96000671386719
110.34000396728516
110.9000015258789
111.87000274658203
111.69999694824219
111.60000610351563
110.72000122070313
109.77000427246094
110.37001037597656
109.00000762939453
108.99000549316406
107.58000183105469
110.20000457763672
110.14000701904297
110.8800048828125
111.57000732421875
111.87000274658203
111.05000305175781
110.92001342773438
110.04000854492188
109.9800033569336
109.71000671386719
110.75000762939453
109.51000213623047
108.94000244140625
108.68000793457031
109.66000366210938
110.09001159667969
110.37001037597656
109.9800033569336
110.97000122070313
112.71000671386719
111.80000305175781
112.58000183105469
111.25000762939453
112.94000244140625
110.16000366210938
111.55000305175781
110.01000213623047
109.27000427246094
110.72000122070313
112.27000427246094
110.73001098632813
110.44000244140625
112.3800048828125
112.08000183105469
111.760009765625
110.79000854492188
109.60000610351563
108.76000213623047
111.47000122070313
109.87000274658203
111.43000793457031
110.83000183105469
111.4000015258789
111.45000457763672
111.61000061035156
111.93000793457031
111.0300064086914
111.81999969482422
110.73001098632813
111.41999816894531
111.06001281738281
109.80000305175781
111.44000244140625
109.45999908447266
110.92001342773438
110.96000671386719
110.08000183105469
108.30001068115234
108.81000518798828
109.87000274658203
109.27000427246094
111.74000549316406
109.15000915527344
109.35000610351563
109.31999969482422
109.27000427246094
109.50000762939453
108.77999877929688
110.8800048828125
111.4000015258789
110.44999694824219
112.02999877929688
111.15000915527344
110.30000305175781
110.16999816894531
109.57000732421875
109.760009765625
109.51000213623047
109.95001220703125
109.24000549316406
108.89000701904297
110.05000305175781
108.45000457763672
108.62000274658203
110.06000518798828
110.73001098632813
110.46000671386719
111.41000366210938
111.25000762939453
108.8800048828125
110.14000701904297
109.19000244140625
110.3800048828125
107.1300048828125
108.70001220703125
111.510009765625
110.47000885009766
109.80000305175781
111.2300033569336
110.93000793457031
111.010009765625
110.83000183105469
109.25
110.02999877929688
109.47000122070313
109.92000579833984
107.97000885009766
109.69001007080078
109.11000061035156
108.85000610351563
108.5300064086914
108.41000366210938
107.08000183105469
108.95000457763672
109.00000762939453
108.34000396728516
109.44000244140625
111.010009765625
110.05000305175781
110.89000701904297
109.61000061035156
109.44000244140625
109.82000732421875
111.68000030517578
111.48001098632813
111.0
109.04000091552734
110.91000366210938
109.96000671386719
112.07000732421875
111.22000885009766
113.43000793457031
112.02000427246094
113.82000732421875
113.32000732421875
113.43000793457031
112.06000518798828
110.37001037597656
112.37000274658203
111.71000671386719
112.92000579833984
111.04000091552734
111.49000549316406
110.16000366210938
109.93000793457031
111.45000457763672
112.14000701904297
110.59001159667969
112.47000885009766
112.87001037597656
112.43000793457031
111.95999908447266
111.4000015258789
112.71000671386719
111.7300033569336
111.81000518798828
111.50000762939453
112.94000244140625
111.16000366210938
109.45999908447266
109.88999938964844
110.3800048828125
111.27999877929688
111.20001220703125
111.77001190185547
112.96000671386719
112.42000579833984
112.12001037597656
109.71000671386719
109.64000701904297
108.19000244140625
109.74000549316406
111.52000427246094
110.70000457763672
111.0
110.2800064086914
111.54000091552734
109.19000244140625
109.7300033569336
110.19000244140625
111.13999938964844
109.34001159667969
110.43000030517578
110.73001098632813
110.80001068115234
110.75000762939453
109.3600082397461
110.46000671386719
111.6300048828125
110.97000122070313
112.56000518798828
111.9100112915039
111.69999694824219
109.34001159667969
111.06001281738281
109.7800064086914
110.04000854492188
107.35000610351563
110.5
110.6600112915039
110.97000122070313
109.45000457763672
110.93000793457031
111.0
109.93000793457031
110.52001190185547
110.73001098632813
110.70000457763672
109.47000122070313
111.90000915527344
111.55999755859375
112.30000305175781
112.02000427246094
112.07000732421875
110.8800048828125
110.1100082397461
111.27999877929688
110.05000305175781
109.96000671386719
110.21000671386719
110.04000854492188
109.90000915527344
109.08000946044922
110.23001098632813
109.80000305175781
109.62001037597656
110.10000610351563
110.86000061035156
110.36000061035156
110.70999908447266
109.4100112915039
111.18000793457031
111.7800064086914
111.60000610351563
110.44000244140625
111.66000366210938
112.06000518798828
110.63999938964844
112.05001068115234
112.75000762939453
111.83000183105469
110.44000244140625
110.16999816894531
109.31999969482422
108.93000793457031
109.7800064086914
109.2300033569336
108.27000427246094
108.20999908447266
108.20999908447266
108.67000579833984
108.69000244140625
109.86000061035156
108.70001220703125
110.65000915527344
110.46000671386719
110.08000183105469
108.82000732421875
110.14000701904297
109.86000061035156
110.35000610351563
110.99000549316406
109.45000457763672
111.6300048828125
112.11000061035156
109.11000061035156
108.61000061035156
109.56000518798828
111.07000732421875
109.51000213623047
110.00000762939453
111.11000061035156
111.90000915527344
110.58000183105469
109.07000732421875
109.58000183105469
110.20000457763672
110.9000015258789
110.23001098632813
111.10000610351563
108.59000396728516
111.17000579833984
111.3600082397461
111.61000061035156
108.67000579833984
109.94000244140625
110.68000793457031
110.70999908447266
110.30000305175781
111.37000274658203
110.42000579833984
111.05000305175781
112.46000671386719
112.09000396728516
111.9100112915039
113.06000518798828
111.93000793457031
110.04000854492188
112.33000946044922
112.01000213623047
111.12000274658203
111.0
111.37000274658203
110.93000793457031
109.81001281738281
111.95000457763672
111.0300064086914
111.5300064086914
110.3800048828125
110.4800033569336
109.3600082397461
110.35000610351563
110.42000579833984
109.58000183105469
111.54000091552734
110.86000061035156
109.10000610351563
109.35000610351563
109.77000427246094
110.80001068115234
111.09000396728516
110.81000518798828
109.71000671386719
111.18000793457031
110.60000610351563
110.58000183105469
109.31999969482422
107.77000427246094
110.02000427246094
110.65000915527344
109.74000549316406
109.72000122070313
111.29000854492188
110.65000915527344
108.67000579833984
110.1100082397461
110.1100082397461
110.06000518798828
110.9800033569336
111.1300048828125
110.99000549316406
111.16000366210938
111.97000122070313
110.40000915527344
109.4100112915039
111.49000549316406
111.71000671386719
109.760009765625
110.19000244140625
110.27000427246094
111.46000671386719
110.40000915527344
112.04000854492188
111.93000793457031
111.4000015258789
109.48001098632813
109.62001037597656
112.10000610351563
111.08000946044922
110.06000518798828
110.30000305175781
112.20000457763672
109.88999938964844
110.18000793457031
110.55000305175781
111.7300033569336
109.77000427246094
112.22000122070313
112.89000701904297
107.71000671386719
109.94000244140625
109.69001007080078
110.2800064086914
110.52001190185547
110.93000793457031
108.95000457763672
109.16000366210938
108.36000061035156
109.31999969482422
109.09000396728516
109.10000610351563
112.18000793457031
111.88999938964844
112.80000305175781
110.83000183105469
111.62001037597656
111.83000183105469
112.68000793457031
112.41000366210938
112.79000091552734
112.57000732421875
113.1100082397461
112.260009765625
113.43000793457031
112.47000885009766
109.72000122070313
114.24000549316406
115.1300048828125
113.04000854492188
111.93000793457031
113.19000244140625
112.2300033569336
111.35000610351563
112.3800048828125
111.68000030517578
110.19000244140625
111.35000610351563
109.57000732421875
110.20000457763672
111.7800064086914
110.63999938964844
111.81000518798828
112.43000793457031
111.7800064086914
111.62001037597656
111.90000915527344
111.81999969482422
112.08000183105469
112.49000549316406
110.99000549316406
110.93000793457031
110.25000762939453
108.65000915527344
107.12001037597656
107.71000671386719
108.13999938964844
107.64000701904297
108.79000854492188
108.31000518798828
107.06000518798828
107.66999816894531
108.60000610351563
109.31999969482422
108.44001007080078
108.23001098632813
109.22000885009766
109.95001220703125
108.47000122070313
108.20999908447266
108.52000427246094
107.90000915527344
107.89000701904297
108.33000183105469
108.12000274658203
109.50000762939453
111.60000610351563
112.25
112.18000793457031
110.40000915527344
109.3800048828125
111.29000854492188
113.02001190185547
112.31001281738281
112.30000305175781
112.86000061035156
112.79000091552734
111.08000946044922
110.5
110.55000305175781
111.45000457763672
112.00000762939453
111.74000549316406
112.66999816894531
112.54000854492188
112.6500015258789
111.02000427246094
112.36000061035156
111.47000122070313
109.97000885009766
109.02000427246094
110.1500015258789
111.81000518798828
112.04000854492188
109.3600082397461
110.37001037597656
109.00000762939453
108.62000274658203
109.760009765625
109.8800048828125
110.58000183105469
110.9000015258789
110.85000610351563
108.5300064086914
110.02999877929688
109.4100112915039
110.87001037597656
110.00000762939453
109.59000396728516
110.75000762939453
110.33000946044922
110.84000396728516
107.80000305175781
110.6600112915039
108.8600082397461
108.06000518798828
109.1300048828125
107.35000610351563
107.2800064086914
107.60000610351563
108.56001281738281
108.3800048828125
108.9000015258789
108.5300064086914
109.3600082397461
109.49000549316406
110.62000274658203
108.10000610351563
108.5300064086914
108.49000549316406
109.33000183105469
109.80000305175781
109.52000427246094
109.92000579833984
108.82000732421875
109.7300033569336
110.20000457763672
111.1300048828125
110.02999877929688
109.6500015258789
108.91999816894531
108.75000762939453
108.5300064086914
107.41000366210938
106.09000396728516
109.04000091552734
110.05000305175781
108.60000610351563
108.77000427246094
109.2800064086914
110.92001342773438
111.65000915527344
111.4000015258789
111.99000549316406
111.22000885009766
110.96000671386719
110.510009765625
111.12000274658203
111.75
112.00000762939453
110.36000061035156
111.05000305175781
111.83000183105469
111.3600082397461
110.19000244140625
109.2800064086914
109.2800064086914
107.44000244140625
108.62000274658203
109.70000457763672
109.48001098632813
109.31000518798828
109.42000579833984
109.56000518798828
109.52999877929688
111.19000244140625
109.79000091552734
109.43000793457031
111.02000427246094
110.35000610351563
110.73001098632813
110.82000732421875
109.19000244140625
111.13999938964844
109.67001342773438
110.95000457763672
112.18000793457031
110.6100082397461
111.69000244140625
112.760009765625
111.35000610351563
111.62001037597656
113.24000549316406
111.7300033569336
112.25
111.68000030517578
112.14000701904297
110.30000305175781
109.55001068115234
109.11000061035156
111.22000885009766
109.96000671386719
110.35000610351563
110.67000579833984
111.31000518798828
111.21000671386719
109.15000915527344
108.95000457763672
108.02000427246094
107.09000396728516
109.92000579833984
108.85000610351563
110.20000457763672
110.62000274658203
113.010009765625
109.67001342773438
107.68000793457031
107.82000732421875
111.17000579833984
111.97000122070313
112.90000915527344
111.32000732421875
109.52000427246094
108.31000518798828
109.3800048828125
109.05999755859375
108.96000671386719
109.02000427246094
108.1100082397461
107.87001037597656
107.33000946044922
106.94000244140625
107.32000732421875
108.67000579833984
108.42001342773438
109.8800048828125
