112.74000549316406
112.10000610351563
112.59001159667969
113.52000427246094
112.71000671386719
112.09000396728516
114.47000122070313
112.06000518798828
113.05000305175781
112.17001342773438
112.55000305175781
112.6300048828125
112.83000946044922
113.9000015258789
112.50000762939453
115.60000610351563
114.51000213623047
112.60000610351563
112.90000915527344
111.7800064086914
113.45000457763672
114.24000549316406
113.96000671386719
113.79000854492188
113.31000518798828
113.54000091552734
114.19000244140625
112.50000762939453
111.18000793457031
112.94000244140625
112.85000610351563
111.94000244140625
112.71000671386719
112.38999938964844
111.32000732421875
113.39000701904297
115.36000061035156
114.35000610351563
113.23001098632813
115.75000762939453
116.15000915527344
116.69000244140625
115.18000793457031
116.06001281738281
114.88999938964844
117.6300048828125
114.97000885009766
113.77999877929688
112.92000579833984
113.77999877929688
115.510009765625
113.84001159667969
113.37001037597656
113.45000457763672
113.15000915527344
111.59000396728516
113.8800048828125
114.19999694824219
112.89000701904297
114.43000793457031
112.05001068115234
111.29000854492188
112.40000915527344
111.41999816894531
112.85000610351563
111.72000885009766
110.58000183105469
110.91000366210938
110.84000396728516
111.27999877929688
110.67000579833984
112.05001068115234
111.81999969482422
111.47000122070313
111.3600082397461
111.3600082397461
112.41000366210938
109.93000793457031
110.85000610351563
111.87000274658203
112.71000671386719
113.1300048828125
113.57000732421875
113.43000793457031
113.29000854492188
112.97000885009766
114.17000579833984
114.67001342773438
113.91000366210938
113.63999938964844
113.27999877929688
113.08000183105469
113.37001037597656
113.36000061035156
115.24000549316406
113.06999969482422
114.79000091552734
113.4800033569336
113.74000549316406
113.24000549316406
113.19000244140625
113.23001098632813
115.77000427246094
115.56999969482422
112.91000366210938
113.95000457763672
113.54000091552734
113.76000213623047
114.52999877929688
113.57000732421875
116.1100082397461
115.82000732421875
113.98001098632813
114.79000091552734
115.22000122070313
114.8800048828125
115.76000213623047
114.51000213623047
113.4800033569336
117.96000671386719
116.46000671386719
114.4100112915039
114.42000579833984
113.66000366210938
114.0300064086914
113.0
113.77999877929688
113.49000549316406
114.2800064086914
112.66000366210938
110.86000061035156
112.18000793457031
112.90000915527344
112.40000915527344
111.93000793457031
112.01000213623047
111.11000061035156
112.43000793457031
112.85000610351563
113.23001098632813
112.2800064086914
113.05000305175781
112.04000854492188
113.27999877929688
113.12000274658203
112.83000946044922
110.24000549316406
112.84000396728516
113.83000183105469
112.7800064086914
111.66000366210938
111.87000274658203
109.10000610351563
110.1500015258789
110.16999816894531
110.33000946044922
111.55000305175781
113.77000427246094
114.08000946044922
112.260009765625
110.01000213623047
110.14000701904297
110.47000885009766
109.22000885009766
110.02000427246094
108.49000549316406
112.06000518798828
111.17000579833984
111.1300048828125
111.35000610351563
110.82000732421875
112.22000122070313
111.33000183105469
112.91000366210938
112.52999877929688
112.34000396728516
110.99000549316406
111.010009765625
108.94000244140625
111.20001220703125
110.67000579833984
110.68000793457031
111.27999877929688
109.70000457763672
109.05000305175781
107.72000122070313
109.09000396728516
109.99000549316406
110.32000732421875
111.22000885009766
109.7300033569336
112.25
111.6300048828125
111.48001098632813
110.67000579833984
111.37000274658203
112.92000579833984
114.02000427246094
114.02000427246094
112.9800033569336
112.33000946044922
112.70000457763672
112.71000671386719
113.0300064086914
113.59000396728516
112.760009765625
112.33000946044922
113.26000213623047
112.97000885009766
113.23001098632813
113.05000305175781
113.6100082397461
113.04000854492188
113.4000015258789
113.010009765625
112.97000885009766
112.82000732421875
113.43000793457031
113.09001159667969
113.04000854492188
114.8600082397461
115.09001159667969
113.91999816894531
114.56000518798828
115.58000183105469
114.44000244140625
115.09001159667969
115.02000427246094
116.31000518798828
115.46000671386719
115.42000579833984
113.13999938964844
114.94000244140625
114.62001037597656
114.760009765625
113.25000762939453
113.06000518798828
113.47000122070313
112.66000366210938
113.97000122070313
114.31999969482422
114.72000122070313
115.24000549316406
113.84001159667969
116.60000610351563
114.18000030517578
114.27001190185547
113.27999877929688
114.25
112.33000946044922
115.29000091552734
114.02000427246094
113.91000366210938
115.65000915527344
111.99000549316406
113.91000366210938
113.75000762939453
112.89000701904297
114.6300048828125
114.19999694824219
113.34000396728516
114.02000427246094
113.15000915527344
113.79000854492188
112.14000701904297
112.49000549316406
112.50000762939453
110.70999908447266
111.41999816894531
112.71000671386719
110.83000183105469
111.43000793457031
112.6500015258789
111.55999755859375
111.10000610351563
111.4000015258789
111.67000579833984
110.18000793457031
111.27000427246094
109.57000732421875
112.16000366210938
109.80000305175781
114.4100112915039
113.05000305175781
112.25
112.12001037597656
113.30001068115234
112.16000366210938
112.6300048828125
111.68000030517578
109.40000915527344
109.31000518798828
111.57000732421875
109.71000671386719
111.67000579833984
111.7300033569336
113.8800048828125
111.39000701904297
112.6500015258789
114.2800064086914
114.38999938964844
112.1500015258789
109.45999908447266
112.19001007080078
113.43000793457031
111.64000701904297
112.71000671386719
112.8800048828125
113.9000015258789
111.95000457763672
113.34000396728516
112.83000946044922
112.02999877929688
113.15000915527344
111.92000579833984
112.52999877929688
111.50000762939453
114.7800064086914
116.05000305175781
113.63999938964844
114.72000122070313
115.06000518798828
114.8800048828125
113.37001037597656
111.55000305175781
111.4000015258789
111.0300064086914
111.48001098632813
112.06000518798828
110.65000915527344
112.2300033569336
113.37001037597656
111.20001220703125
110.9000015258789
110.70999908447266
111.17000579833984
110.68000793457031
110.62000274658203
110.07000732421875
110.22000122070313
111.61000061035156
111.64000701904297
111.32000732421875
109.95001220703125
110.16000366210938
109.21000671386719
110.46000671386719
111.18000793457031
112.97000885009766
111.65000915527344
110.73001098632813
111.510009765625
110.30999755859375
109.97000885009766
110.33000946044922
110.65000915527344
110.89000701904297
110.56000518798828
109.77000427246094
110.77999877929688
113.29000854492188
113.68000793457031
113.010009765625
113.43000793457031
110.9800033569336
112.92000579833984
112.17001342773438
112.2300033569336
111.74000549316406
110.60000610351563
112.20000457763672
110.47000885009766
111.07000732421875
111.80000305175781
111.65000915527344
112.29000091552734
111.5300064086914
110.12000274658203
110.42000579833984
112.42000579833984
111.5300064086914
109.48001098632813
111.29000854492188
113.31000518798828
111.24000549316406
110.6100082397461
111.49000549316406
111.57000732421875
110.89000701904297
111.71000671386719
110.67000579833984
109.3600082397461
109.52000427246094
111.3600082397461
109.14000701904297
110.83000183105469
111.3600082397461
109.90000915527344
111.22000885009766
110.9800033569336
110.21000671386719
110.08000183105469
109.87000274658203
108.1600112915039
108.69000244140625
107.96000671386719
110.35000610351563
110.29000091552734
108.34000396728516
106.7800064086914
107.92000579833984
106.81999969482422
110.33000946044922
109.07000732421875
109.70000457763672
107.55000305175781
110.77999877929688
107.60000610351563
108.74000549316406
110.16999816894531
109.09000396728516
108.77999877929688
108.25000762939453
108.94000244140625
109.45999908447266
108.91999816894531
110.35000610351563
109.19000244140625
110.56999969482422
111.17000579833984
112.54000854492188
113.45000457763672
112.74000549316406
113.06000518798828
113.98001098632813
111.72000885009766
111.18000793457031
111.26000213623047
110.91000366210938
108.89000701904297
110.52001190185547
109.51000213623047
110.93000793457031
110.72000122070313
111.52000427246094
111.15000915527344
112.84000396728516
111.41999816894531
110.91000366210938
110.85000610351563
111.39000701904297
110.29000091552734
110.91000366210938
110.02999877929688
112.32000732421875
108.31000518798828
109.12001037597656
107.93000030517578
109.4100112915039
111.0
111.09000396728516
109.70000457763672
109.6300048828125
109.15000915527344
109.16000366210938
110.49000549316406
111.41000366210938
108.74000549316406
109.48001098632813
110.52001190185547
109.45000457763672
108.8600082397461
108.91000366210938
108.84001159667969
109.6300048828125
109.31000518798828
110.56999969482422
111.19000244140625
111.02000427246094
110.79000854492188
109.19000244140625
111.67000579833984
110.6600112915039
111.68000030517578
110.67000579833984
111.33000183105469
110.52001190185547
111.08000946044922
110.75000762939453
110.23001098632813
109.37000274658203
108.06000518798828
108.13999938964844
108.55000305175781
109.30000305175781
108.62000274658203
108.70001220703125
109.7300033569336
110.6100082397461
109.15000915527344
109.75
109.4100112915039
109.99000549316406
110.86000061035156
111.55000305175781
109.4100112915039
108.44001007080078
109.18000030517578
106.79000854492188
105.9800033569336
106.34001159667969
108.15000915527344
106.34001159667969
103.7300033569336
105.9000015258789
105.91000366210938
106.45000457763672
106.08000946044922
105.39000701904297
103.57000732421875
106.010009765625
109.33000183105469
108.75000762939453
105.93000793457031
109.15000915527344
109.81001281738281
108.27000427246094
108.93000793457031
107.8800048828125
109.58000183105469
108.56001281738281
108.3499984741211
107.31001281738281
106.0
105.260009765625
106.95999908447266
107.38999938964844
105.36000061035156
105.01000213623047
106.26000213623047
103.8800048828125
104.43000793457031
101.68000030517578
102.92000579833984
103.47000122070313
104.0300064086914
104.85000610351563
103.52000427246094
104.3600082397461
105.77999877929688
106.18000030517578
104.82000732421875
105.33000946044922
104.2300033569336
104.72000122070313
105.9000015258789
105.92001342773438
104.45999908447266
103.77999877929688
104.01000213623047
102.9800033569336
103.45000457763672
102.68000793457031
102.83000946044922
103.08000183105469
104.45999908447266
104.00000762939453
102.74000549316406
103.47000122070313
103.63999938964844
100.37001037597656
100.68000793457031
102.50000762939453
102.96000671386719
104.05000305175781
104.80000305175781
103.81000518798828
101.65000915527344
103.1600112915039
103.10000610351563
103.69000244140625
101.25000762939453
101.95000457763672
101.59000396728516
102.4800033569336
104.71000671386719
103.19000244140625
103.91999816894531
102.99000549316406
102.12001037597656
102.8800048828125
100.76000213623047
100.97000122070313
103.18000793457031
101.97000122070313
102.02000427246094
101.90000915527344
99.48001098632813
100.68000793457031
103.44001007080078
103.77000427246094
103.97000122070313
99.82000732421875
102.44000244140625
102.87001037597656
101.98001098632813
101.3600082397461
102.64000701904297
102.42000579833984
101.55000305175781
101.7800064086914
102.04000854492188
99.8800048828125
102.6500015258789
102.24000549316406
99.24000549316406
99.79000091552734
101.30000305175781
102.08000183105469
102.36000061035156
103.20000457763672
102.6300048828125
101.010009765625
99.84000396728516
98.8600082397461
100.83000183105469
100.07000732421875
101.760009765625
101.22000885009766
99.7300033569336
100.12000274658203
99.6500015258789
100.44000244140625
99.90000915527344
100.70000457763672
100.60000610351563
101.83000183105469
99.74000549316406
100.02000427246094
100.94001007080078
99.81001281738281
100.8499984741211
103.24000549316406
102.57000732421875
101.49000549316406
101.59000396728516
102.58000183105469
102.1500015258789
101.69000244140625
100.1500015258789
99.83000946044922
99.93000030517578
101.2300033569336
99.80000305175781
100.19000244140625
100.30999755859375
98.55000305175781
102.44000244140625
99.21000671386719
102.1500015258789
102.79000091552734
99.96000671386719
100.36000061035156
99.91000366210938
99.40000915527344
97.74000549316406
97.6100082397461
98.22000122070313
101.93000793457031
101.07000732421875
101.44000244140625
101.58000946044922
101.87000274658203
102.02000427246094
101.9100112915039
102.06000518798828
101.21000671386719
100.21000671386719
101.58000946044922
100.56999969482422
101.22000885009766
101.99000549316406
102.83000946044922
103.08000183105469
104.11000061035156
103.66000366210938
101.80000305175781
102.37000274658203
102.02999877929688
102.22000122070313
99.47000122070313
102.6100082397461
101.34001159667969
99.74000549316406
102.09000396728516
101.61000061035156
101.81000518798828
102.64000701904297
102.51000213623047
102.62000274658203
100.29000091552734
101.30000305175781
100.16999816894531
103.20000457763672
104.71000671386719
103.77000427246094
104.02000427246094
101.8600082397461
102.90000915527344
102.52999877929688
105.08000183105469
104.02000427246094
104.31999969482422
103.41000366210938
102.69000244140625
104.59000396728516
101.60000610351563
101.33000183105469
101.52000427246094
101.43000793457031
100.39000701904297
99.64000701904297
100.5
100.49000549316406
101.32000732421875
101.62001037597656
102.17001342773438
102.35000610351563
101.34001159667969
104.7300033569336
104.42000579833984
103.76000213623047
103.57000732421875
101.97000122070313
100.16999816894531
101.09000396728516
100.75000762939453
99.61000061035156
102.52000427246094
102.30000305175781
99.75
102.72000122070313
101.09000396728516
98.94000244140625
99.7300033569336
99.22000885009766
100.21000671386719
101.95000457763672
99.52000427246094
99.9800033569336
100.89000701904297
100.4800033569336
100.5
102.07000732421875
99.74000549316406
100.18000793457031
100.9000015258789
100.07000732421875
101.43000793457031
102.83000946044922
101.47000122070313
101.48001098632813
100.54000854492188
98.82000732421875
102.09000396728516
101.39000701904297
103.12000274658203
101.60000610351563
102.33000946044922
98.8800048828125
100.8499984741211
100.5300064086914
100.9800033569336
101.85000610351563
99.30000305175781
101.65000915527344
98.32000732421875
102.66999816894531
104.01000213623047
103.06999969482422
102.19001007080078
100.9800033569336
103.77999877929688
102.83000946044922
101.57000732421875
102.36000061035156
101.98001098632813
102.60000610351563
102.60000610351563
102.47000885009766
101.55000305175781
103.54000091552734
103.91999816894531
100.63999938964844
101.67000579833984
103.13999938964844
102.17001342773438
103.66000366210938
102.41000366210938
102.35000610351563
101.8800048828125
102.09000396728516
100.14000701904297
101.33000183105469
101.80000305175781
100.4800033569336
100.12000274658203
101.760009765625
102.34000396728516
101.79000854492188
101.7800064086914
103.71000671386719
102.69000244140625
102.1300048828125
103.45000457763672
104.2800064086914
103.29000854492188
103.52000427246094
102.01000213623047
102.06000518798828
104.27000427246094
103.3800048828125
102.8800048828125
103.6300048828125
101.93000793457031
101.95000457763672
101.83999633789063
101.21000671386719
102.32000732421875
101.50000762939453
103.68000030517578
102.1500015258789
99.52000427246094
102.3800048828125
100.41000366210938
100.09001159667969
101.10000610351563
101.92000579833984
102.08000183105469
100.84000396728516
101.12000274658203
100.56999969482422
101.16000366210938
100.73001098632813
99.3800048828125
101.41999816894531
100.22000122070313
100.67000579833984
99.50000762939453
100.40000915527344
101.37000274658203
103.0
100.32000732421875
100.3800048828125
102.49000549316406
101.25000762939453
101.45000457763672
98.4800033569336
100.96000671386719
99.96000671386719
98.3499984741211
98.94000244140625
99.91000366210938
97.97000885009766
97.8800048828125
98.10000610351563
97.83000183105469
97.00000762939453
98.59000396728516
99.27000427246094
97.41000366210938
98.27000427246094
97.01000213623047
98.95000457763672
95.4800033569336
97.29000091552734
97.33000946044922
98.18000793457031
99.44000244140625
98.94000244140625
98.63999938964844
98.91000366210938
99.48001098632813
100.02000427246094
100.05000305175781
99.30000305175781
99.51000213623047
98.4000015258789
99.04000091552734
97.7800064086914
99.25
97.05001068115234
97.42000579833984
96.66000366210938
97.37000274658203
94.80000305175781
98.13999938964844
98.97000122070313
97.6100082397461
99.16000366210938
96.10000610351563
97.94000244140625
98.59000396728516
98.06000518798828
97.96000671386719
98.69000244140625
98.12000274658203
97.51000213623047
98.4800033569336
97.85000610351563
97.06000518798828
98.30001068115234
96.88999938964844
96.57000732421875
97.06000518798828
97.89000701904297
97.40000915527344
99.15000915527344
95.14000701904297
96.7300033569336
96.67000579833984
97.79000091552734
96.87000274658203
97.94999694824219
98.58000946044922
99.29000854492188
98.77000427246094
99.85000610351563
98.20999908447266
99.40000915527344
100.47000885009766
99.80000305175781
98.8600082397461
100.07000732421875
102.07000732421875
102.51000213623047
101.24000549316406
99.50000762939453
99.7300033569336
101.81999969482422
102.93000030517578
102.52999877929688
103.08000183105469
99.9800033569336
100.58000183105469
101.9100112915039
100.9800033569336
100.52000427246094
100.06000518798828
102.02000427246094
100.99000549316406
101.31000518798828
100.68000793457031
100.82000732421875
101.33000183105469
99.43000793457031
96.83000183105469
98.69000244140625
98.02000427246094
98.5300064086914
98.47000122070313
99.5999984741211
101.34001159667969
97.71000671386719
97.6500015258789
97.92000579833984
99.74000549316406
99.33999633789063
99.260009765625
99.79000091552734
100.5300064086914
101.2300033569336
101.37000274658203
101.07000732421875
101.45000457763672
103.20999908447266
101.75
100.54000854492188
101.61000061035156
101.32000732421875
102.6500015258789
100.6300048828125
102.14000701904297
101.26000213623047
100.62000274658203
100.5300064086914
100.87001037597656
100.44999694824219
102.43000030517578
102.41000366210938
102.45001220703125
100.16999816894531
101.19000244140625
100.70000457763672
101.12000274658203
103.12000274658203
101.43000793457031
102.64000701904297
101.760009765625
101.4000015258789
104.48001098632813
104.17000579833984
103.1600112915039
102.42000579833984
101.45000457763672
104.16000366210938
103.510009765625
102.42000579833984
102.80999755859375
104.21000671386719
103.08999633789063
101.2300033569336
104.82000732421875
102.00000762939453
101.97000122070313
103.3499984741211
102.42000579833984
102.50000762939453
102.41000366210938
103.5
102.84000396728516
103.27000427246094
102.64000701904297
103.89000701904297
101.66000366210938
105.70999908447266
104.34001159667969
106.3800048828125
105.260009765625
104.70000457763672
105.76000213623047
103.9000015258789
104.90000915527344
104.45000457763672
103.06999969482422
103.13999938964844
104.30000305175781
105.46000671386719
102.9800033569336
102.2800064086914
102.6300048828125
102.72000122070313
102.4800033569336
103.23001098632813
102.60000610351563
100.82000732421875
103.52000427246094
101.33000183105469
103.22000122070313
104.0300064086914
103.82000732421875
102.77000427246094
102.24000549316406
101.22000885009766
101.7800064086914
102.42000579833984
104.260009765625
103.12000274658203
101.93000793457031
104.8800048828125
104.15000915527344
103.23001098632813
103.23001098632813
101.81999969482422
100.97000122070313
100.3800048828125
100.3800048828125
100.8499984741211
103.22000122070313
101.3600082397461
101.94000244140625
101.45000457763672
100.14000701904297
101.57000732421875
101.21000671386719
101.75
101.18000030517578
102.01000213623047
101.9100112915039
101.97000122070313
101.94000244140625
101.26000213623047
100.1100082397461
100.67000579833984
98.77000427246094
101.12000274658203
99.8800048828125
100.82000732421875
101.64000701904297
103.23001098632813
102.18000793457031
101.49000549316406
102.19001007080078
100.87001037597656
100.84000396728516
101.83999633789063
101.61000061035156
100.29000091552734
99.75
100.26000213623047
100.40000915527344
101.81999969482422
101.24000549316406
103.04000854492188
102.72000122070313
103.8800048828125
101.95999908447266
100.44000244140625
100.9800033569336
101.52000427246094
101.98001098632813
100.58999633789063
100.9000015258789
101.010009765625
103.29000854492188
101.08000946044922
102.41000366210938
103.52000427246094
104.01000213623047
100.33000946044922
101.66000366210938
102.32000732421875
102.64000701904297
104.11000061035156
105.09001159667969
102.36000061035156
100.36000061035156
101.64000701904297
100.69000244140625
100.5300064086914
100.77000427246094
102.18000793457031
103.06000518798828
102.2800064086914
102.43000030517578
100.96000671386719
100.35000610351563
100.9800033569336
101.13999938964844
99.19000244140625
100.63999938964844
100.09001159667969
100.41000366210938
102.46000671386719
101.21000671386719
101.8800048828125
100.68000793457031
101.69000244140625
100.69000244140625
101.92000579833984
100.55000305175781
102.41000366210938
101.93000793457031
101.31000518798828
102.45001220703125
101.11000061035156
105.32000732421875
103.63999938964844
102.84000396728516
101.4000015258789
102.6500015258789
101.31000518798828
99.15000915527344
102.3800048828125
103.1300048828125
100.99000549316406
100.9800033569336
102.96000671386719
102.16000366210938
100.55000305175781
98.77000427246094
100.33000946044922
101.69999694824219
102.29000091552734
99.79000091552734
102.44000244140625
100.77000427246094
100.1100082397461
100.54000854492188
100.24000549316406
100.26000213623047
100.68000793457031
100.9000015258789
99.35000610351563
101.69000244140625
100.84000396728516
100.43000030517578
98.94000244140625
98.77000427246094
98.79000854492188
98.46000671386719
99.19000244140625
99.2800064086914
98.24000549316406
97.62000274658203
96.97000122070313
98.93000793457031
98.44001007080078
98.52000427246094
97.96000671386719
97.69000244140625
98.37001037597656
97.29000091552734
98.36000061035156
99.16000366210938
97.6500015258789
98.37001037597656
97.89000701904297
96.54000091552734
98.02000427246094
98.77000427246094
100.16999816894531
100.36000061035156
98.05000305175781
99.3600082397461
97.94999694824219
99.10000610351563
99.08000946044922
100.16000366210938
100.1100082397461
100.16000366210938
100.68000793457031
99.7800064086914
101.66000366210938
102.51000213623047
99.59000396728516
100.81000518798828
101.34001159667969
101.71000671386719
98.62000274658203
99.18000030517578
99.33000183105469
99.62001037597656
99.54000854492188
98.39000701904297
100.60000610351563
98.1600112915039
100.34000396728516
99.0300064086914
100.30999755859375
97.80000305175781
99.82000732421875
97.87001037597656
97.57000732421875
100.01000213623047
98.75
99.00000762939453
100.91000366210938
100.6300048828125
102.80000305175781
101.92000579833984
100.95000457763672
103.59000396728516
101.83999633789063
102.24000549316406
102.44000244140625
101.9100112915039
99.16000366210938
101.26000213623047
100.87001037597656
99.16000366210938
99.74000549316406
99.9800033569336
98.97000122070313
98.15000915527344
97.42000579833984
98.0
98.25000762939453
99.14000701904297
98.33000183105469
96.760009765625
96.39000701904297
96.67000579833984
97.02000427246094
97.27000427246094
98.75
98.81000518798828
97.32000732421875
97.68000793457031
96.12000274658203
97.5
97.47000885009766
97.84000396728516
95.81000518798828
93.94000244140625
94.33000183105469
97.29000091552734
98.04000854492188
96.55000305175781
96.92000579833984
96.13999938964844
96.10000610351563
96.21000671386719
98.4000015258789
97.41000366210938
99.0300064086914
97.42000579833984
97.52000427246094
98.54000091552734
100.83000183105469
99.18000030517578
97.1300048828125
97.45001220703125
97.11000061035156
99.05999755859375
98.06000518798828
99.09000396728516
98.18000793457031
98.8600082397461
97.22000122070313
98.72000885009766
100.34000396728516
100.47000885009766
98.79000854492188
100.37001037597656
99.75
100.32000732421875
99.47000122070313
97.75000762939453
99.49000549316406
101.20001220703125
100.20000457763672
98.41000366210938
98.89000701904297
99.97000885009766
100.09001159667969
99.58000183105469
97.38999938964844
98.1100082397461
98.62000274658203
98.93000793457031
99.35000610351563
98.82000732421875
98.4800033569336
99.99000549316406
98.33000183105469
99.88999938964844
102.24000549316406
99.19999694824219
97.73001098632813
98.60000610351563
99.66999816894531
98.77000427246094
98.84001159667969
97.6500015258789
98.8800048828125
101.52000427246094
98.95000457763672
99.50000762939453
97.04000854492188
98.46000671386719
100.6600112915039
98.55000305175781
100.05000305175781
98.44001007080078
98.71000671386719
98.27999877929688
100.72000122070313
98.08999633789063
97.97000885009766
96.16000366210938
96.66000366210938
97.7800064086914
98.83000183105469
97.64000701904297
99.88999938964844
98.82000732421875
99.44000244140625
99.38999938964844
99.57000732421875
98.34000396728516
98.96000671386719
99.97000885009766
101.44000244140625
99.07000732421875
98.04000854492188
97.43000030517578
100.12000274658203
99.75
98.20000457763672
98.20000457763672
96.54000091552734
98.55000305175781
96.72000885009766
96.97000122070313
96.7300033569336
98.7300033569336
98.17000579833984
99.82000732421875
97.56000518798828
98.70001220703125
97.02000427246094
96.81000518798828
95.2800064086914
97.94999694824219
98.08999633789063
98.71000671386719
98.65000915527344
97.33000946044922
96.1300048828125
96.47000122070313
96.27999877929688
97.75000762939453
96.7300033569336
97.25
100.6300048828125
99.75
100.41000366210938
98.98001098632813
99.80000305175781
98.63999938964844
98.22000122070313
97.9800033569336
97.12001037597656
97.86000061035156
100.80001068115234
99.12001037597656
98.6300048828125
100.54000854492188
100.09001159667969
101.72000885009766
101.92000579833984
100.44000244140625
100.6300048828125
100.60000610351563
98.5300064086914
99.99000549316406
99.47000122070313
100.04000854492188
99.44000244140625
99.93000030517578
100.94001007080078
99.68000793457031
100.20000457763672
99.42000579833984
98.61000061035156
99.62001037597656
100.8800048828125
100.69000244140625
99.08000946044922
100.04000854492188
98.9000015258789
99.42000579833984
99.45999908447266
98.3499984741211
97.58000183105469
97.52999877929688
99.66000366210938
96.61000061035156
97.64000701904297
97.68000793457031
99.96000671386719
97.8800048828125
99.35000610351563
100.08000183105469
100.72000122070313
99.68000793457031
99.91000366210938
99.22000885009766
98.72000885009766
98.06000518798828
97.29000091552734
96.94000244140625
96.69000244140625
98.67000579833984
99.61000061035156
99.40000915527344
99.86000061035156
99.09000396728516
100.91000366210938
99.70000457763672
101.55999755859375
100.72000122070313
100.65000915527344
100.89000701904297
100.58999633789063
99.07000732421875
98.65000915527344
98.45000457763672
95.87001037597656
97.91000366210938
98.77999877929688
98.97000122070313
97.9800033569336
98.12000274658203
97.5
98.3800048828125
98.13999938964844
97.35000610351563
97.49000549316406
99.55001068115234
98.20999908447266
99.42000579833984
100.07000732421875
99.21000671386719
99.85000610351563
99.8800048828125
98.44001007080078
98.23001098632813
97.45001220703125
99.91000366210938
99.66000366210938
99.82000732421875
99.48001098632813
99.09000396728516
97.72000122070313
97.72000122070313
97.00000762939453
98.69000244140625
101.69000244140625
99.18000030517578
99.69001007080078
99.62001037597656
99.24000549316406
98.4800033569336
99.66000366210938
97.66999816894531
99.64000701904297
97.35000610351563
101.05000305175781
100.82000732421875
97.33000946044922
96.8600082397461
97.66999816894531
99.33000183105469
99.30000305175781
99.50000762939453
98.77999877929688
98.34000396728516
97.84000396728516
98.08000183105469
97.2800064086914
99.09000396728516
98.96000671386719
98.27999877929688
99.96000671386719
96.57000732421875
96.97000122070313
97.07000732421875
99.47000122070313
99.95001220703125
99.84000396728516
99.94000244140625
100.09001159667969
99.90000915527344
97.54000854492188
96.7800064086914
97.54000854492188
97.49000549316406
96.44000244140625
96.58000183105469
97.71000671386719
94.8800048828125
96.29000854492188
96.87000274658203
97.72000122070313
96.16000366210938
97.69000244140625
98.37001037597656
97.75000762939453
96.93000793457031
97.6500015258789
98.33000183105469
96.58000183105469
97.62000274658203
96.95000457763672
98.20999908447266
96.41000366210938
96.58000183105469
95.24000549316406
95.84000396728516
96.45000457763672
96.81000518798828
97.00000762939453
97.76000213623047
95.95000457763672
97.99000549316406
97.27000427246094
97.02000427246094
95.02000427246094
96.5300064086914
97.70000457763672
97.94999694824219
96.54000091552734
98.55000305175781
98.20000457763672
98.02000427246094
97.49000549316406
96.97000122070313
97.51000213623047
97.11000061035156
96.09000396728516
96.87000274658203
96.49000549316406
95.68000793457031
96.11000061035156
96.44000244140625
99.49000549316406
97.72000122070313
96.41000366210938
95.32000732421875
95.84000396728516
95.05000305175781
93.70001220703125
95.47000885009766
96.43000793457031
96.61000061035156
98.02000427246094
96.61000061035156
96.33000183105469
97.06000518798828
95.10000610351563
96.15000915527344
97.82000732421875
99.16000366210938
98.95000457763672
97.79000091552734
98.74000549316406
98.63999938964844
98.18000793457031
98.5300064086914
97.1500015258789
97.47000885009766
97.11000061035156
98.5300064086914
97.55000305175781
99.42000579833984
97.73001098632813
98.55000305175781
97.85000610351563
97.75000762939453
96.12000274658203
95.62000274658203
95.22000122070313
97.3800048828125
96.39000701904297
95.22000122070313
95.74000549316406
95.79000854492188
94.760009765625
95.83000183105469
95.99000549316406
95.72000122070313
95.6300048828125
95.09001159667969
95.89000701904297
96.32000732421875
96.15000915527344
95.3800048828125
96.69000244140625
96.94000244140625
96.64000701904297
96.95000457763672
97.29000091552734
99.54000854492188
97.86000061035156
97.38999938964844
97.97000885009766
98.84001159667969
96.09000396728516
95.94001007080078
97.47000885009766
98.12000274658203
96.72000885009766
96.95000457763672
98.18000793457031
96.20001220703125
98.57000732421875
97.22000122070313
97.66999816894531
96.52000427246094
98.12000274658203
97.77000427246094
99.45999908447266
99.80000305175781
96.5300064086914
96.22000885009766
97.2300033569336
97.66000366210938
97.07000732421875
96.68000030517578
98.46000671386719
97.74000549316406
94.75
95.62000274658203
96.7300033569336
95.8499984741211
97.76000213623047
97.52999877929688
97.54000854492188
96.97000122070313
99.50000762939453
98.98001098632813
98.1600112915039
95.94001007080078
95.65000915527344
95.73001098632813
98.4800033569336
98.41000366210938
96.95999908447266
96.83000183105469
94.52000427246094
95.9800033569336
94.38999938964844
94.66000366210938
96.17000579833984
97.11000061035156
97.34000396728516
96.91000366210938
97.2300033569336
97.260009765625
98.39000701904297
96.67000579833984
96.75
95.93000793457031
96.98001098632813
97.4800033569336
96.88999938964844
99.37000274658203
97.68000793457031
95.69000244140625
96.20001220703125
96.10000610351563
97.05001068115234
98.54000091552734
97.01000213623047
96.72000885009766
96.30000305175781
97.05001068115234
97.27000427246094
94.760009765625
95.54000854492188
98.36000061035156
95.89000701904297
96.17000579833984
97.60000610351563
96.09000396728516
95.73001098632813
96.45000457763672
96.3600082397461
96.81999969482422
95.55000305175781
95.22000122070313
97.02000427246094
95.510009765625
95.40000915527344
95.12000274658203
96.60000610351563
96.17000579833984
96.8800048828125
95.18000793457031
97.31001281738281
95.16999816894531
96.50000762939453
98.54000091552734
96.48001098632813
99.04000091552734
96.77000427246094
97.27000427246094
97.55000305175781
96.87000274658203
97.42000579833984
96.55999755859375
96.35000610351563
96.71000671386719
96.95999908447266
97.72000122070313
98.44001007080078
97.54000854492188
97.91000366210938
98.26000213623047
97.92000579833984
98.57000732421875
99.42000579833984
97.47000885009766
99.66000366210938
97.97000885009766
98.44001007080078
98.45000457763672
100.29000091552734
98.39000701904297
97.80999755859375
98.3800048828125
99.5999984741211
99.93000030517578
98.4800033569336
99.42000579833984
99.10000610351563
97.80000305175781
98.98001098632813
96.58000183105469
98.66000366210938
97.69000244140625
97.08000183105469
96.54000091552734
97.62000274658203
97.52000427246094
96.50000762939453
96.80000305175781
97.5
98.62000274658203
97.07000732421875
97.2800064086914
98.82000732421875
96.22000885009766
98.27999877929688
97.47000885009766
94.56000518798828
95.44000244140625
96.25
96.99000549316406
96.49000549316406
97.25
96.54000091552734
96.0
93.79000854492188
96.0300064086914
96.67000579833984
96.91000366210938
97.84000396728516
98.1100082397461
97.77000427246094
98.25000762939453
96.91000366210938
97.69000244140625
97.77000427246094
97.64000701904297
95.82000732421875
97.11000061035156
96.95999908447266
97.79000091552734
98.44001007080078
100.27000427246094
100.02000427246094
98.82000732421875
97.80000305175781
97.12001037597656
97.49000549316406
97.73001098632813
97.85000610351563
96.62001037597656
97.73001098632813
96.55999755859375
96.55999755859375
95.89000701904297
98.10000610351563
98.68000030517578
98.99000549316406
100.40000915527344
100.5300064086914
99.02000427246094
98.18000793457031
98.59000396728516
97.18000793457031
97.01000213623047
94.33000183105469
96.3600082397461
96.83999633789063
96.55999755859375
95.74000549316406
96.37000274658203
96.20001220703125
95.91999816894531
96.18000030517578
96.71000671386719
96.33000183105469
96.83000183105469
98.59000396728516
96.88999938964844
97.79000091552734
97.72000122070313
97.21000671386719
95.91999816894531
96.24000549316406
95.84000396728516
97.83000183105469
97.41000366210938
97.46000671386719
99.97000885009766
98.27999877929688
97.64000701904297
100.16000366210938
100.26000213623047
99.21000671386719
98.91000366210938
99.30000305175781
98.71000671386719
99.18000030517578
99.01000213623047
97.96000671386719
98.22000122070313
96.79000854492188
96.71000671386719
98.63999938964844
98.3499984741211
98.80000305175781
97.94000244140625
98.41000366210938
100.2800064086914
99.44000244140625
101.08000946044922
99.61000061035156
100.83000183105469
100.80001068115234
99.31999969482422
98.36000061035156
98.45000457763672
97.54000854492188
96.45000457763672
97.42000579833984
98.87000274658203
98.8800048828125
98.23001098632813
97.99000549316406
99.5999984741211
98.84001159667969
99.62001037597656
100.30000305175781
100.69000244140625
100.46000671386719
101.62001037597656
99.01000213623047
99.90000915527344
100.8800048828125
100.63999938964844
98.80000305175781
98.68000030517578
99.33999633789063
99.17000579833984
98.52000427246094
96.81999969482422
97.09000396728516
96.51000213623047
97.22000122070313
97.74000549316406
97.94000244140625
98.06999969482422
97.43000030517578
98.68000030517578
97.44000244140625
97.73001098632813
98.63999938964844
97.68000793457031
98.5
99.30000305175781
99.93000030517578
98.93000793457031
98.510009765625
98.02000427246094
98.52000427246094
100.65000915527344
98.99000549316406
101.6300048828125
101.79000854492188
101.07000732421875
100.99000549316406
100.79000854492188
100.82000732421875
101.90000915527344
100.73001098632813
101.8600082397461
100.42000579833984
100.60000610351563
98.26000213623047
98.62000274658203
99.2800064086914
98.99000549316406
97.75000762939453
98.44001007080078
98.05000305175781
99.02000427246094
97.40000915527344
98.49000549316406
97.42000579833984
97.02000427246094
100.21000671386719
99.2300033569336
99.9800033569336
100.83000183105469
101.35000610351563
99.55001068115234
98.34000396728516
98.95000457763672
97.97000885009766
97.54000854492188
97.25
98.49000549316406
97.260009765625
96.85000610351563
99.05000305175781
98.74000549316406
99.55001068115234
99.42000579833984
98.82000732421875
100.63999938964844
100.10000610351563
99.83000946044922
99.40000915527344
99.7800064086914
99.24000549316406
100.5
