106.90000915527344
106.65000915527344
106.760009765625
106.12000274658203
105.73001098632813
106.20001220703125
108.0300064086914
106.65000915527344
107.50000762939453
106.58000946044922
108.02000427246094
107.80999755859375
108.3800048828125
108.04000854492188
106.93000793457031
109.7800064086914
109.17000579833984
109.17000579833984
107.82000732421875
106.98001098632813
107.70000457763672
109.19999694824219
108.43000793457031
107.40000915527344
107.29000091552734
107.62000274658203
107.02999877929688
107.62000274658203
106.99000549316406
107.90000915527344
106.26000213623047
105.74000549316406
106.68000030517578
106.99000549316406
105.5300064086914
106.8600082397461
108.76000213623047
108.1100082397461
107.21000671386719
106.81000518798828
107.59001159667969
107.31001281738281
105.80001068115234
105.70000457763672
105.34000396728516
105.62000274658203
106.7800064086914
105.09001159667969
105.52000427246094
104.47000122070313
107.46000671386719
105.96000671386719
105.96000671386719
108.02000427246094
108.04000854492188
107.68000793457031
108.19000244140625
109.30000305175781
108.55000305175781
108.37001037597656
108.10000610351563
106.8800048828125
108.30001068115234
107.04000854492188
107.6100082397461
107.52000427246094
105.35000610351563
105.65000915527344
104.83000946044922
106.84001159667969
105.86000061035156
106.47000122070313
105.95000457763672
106.10000610351563
107.50000762939453
106.3800048828125
107.24000549316406
105.47000885009766
107.4800033569336
106.62001037597656
108.30001068115234
108.95000457763672
106.97000122070313
106.85000610351563
107.4800033569336
107.12001037597656
107.52999877929688
107.99000549316406
105.99000549316406
104.43000793457031
106.16000366210938
106.04000091552734
105.8800048828125
107.52999877929688
106.94000244140625
105.5300064086914
107.6500015258789
105.96000671386719
106.95999908447266
107.36000061035156
107.49000549316406
106.24000549316406
109.48001098632813
108.44001007080078
106.2300033569336
107.44000244140625
108.44001007080078
108.02000427246094
109.17000579833984
108.84001159667969
111.32000732421875
110.84000396728516
108.47000122070313
110.3800048828125
110.52001190185547
110.6600112915039
110.37001037597656
108.79000854492188
108.95000457763672
109.49000549316406
108.47000122070313
106.8600082397461
106.94000244140625
106.93000793457031
106.21000671386719
107.44000244140625
106.95999908447266
105.55000305175781
106.54000091552734
107.0999984741211
104.05999755859375
105.02999877929688
106.34001159667969
107.40000915527344
106.43000793457031
108.05000305175781
106.12000274658203
106.85000610351563
108.0
107.37000274658203
107.82000732421875
106.55999755859375
106.8800048828125
106.34001159667969
105.27000427246094
106.77000427246094
105.72000122070313
106.54000091552734
107.35000610351563
106.24000549316406
105.49000549316406
107.36000061035156
105.95000457763672
105.41000366210938
104.68000793457031
105.5300064086914
106.0300064086914
108.12000274658203
108.60000610351563
106.43000793457031
105.54000854492188
105.19000244140625
107.260009765625
107.68000793457031
106.44000244140625
107.33000946044922
107.68000793457031
108.0
107.83000946044922
108.45000457763672
108.81000518798828
109.05000305175781
106.02000427246094
108.18000793457031
106.6300048828125
107.72000122070313
106.80000305175781
109.04000091552734
107.1300048828125
109.35000610351563
109.6500015258789
109.05999755859375
109.19999694824219
108.41000366210938
108.19000244140625
108.20000457763672
109.35000610351563
109.42000579833984
108.5300064086914
108.96000671386719
107.42000579833984
108.60000610351563
107.91000366210938
108.27999877929688
107.52999877929688
107.47000885009766
108.54000091552734
108.67000579833984
109.84000396728516
107.33000946044922
108.04000854492188
107.79000091552734
108.97000122070313
109.00000762939453
110.00000762939453
109.64000701904297
108.75000762939453
109.48001098632813
108.33000183105469
110.80001068115234
109.22000885009766
109.15000915527344
108.22000122070313
107.05001068115234
107.57000732421875
106.20001220703125
106.9100112915039
107.20000457763672
106.83000183105469
105.83000183105469
107.37000274658203
108.83000183105469
107.58000183105469
108.06999969482422
106.27000427246094
108.31000518798828
107.74000549316406
107.96000671386719
108.20999908447266
107.55000305175781
108.49000549316406
107.22000122070313
108.19000244140625
106.3600082397461
107.32000732421875
107.08000183105469
105.91000366210938
107.31001281738281
105.70999908447266
105.44999694824219
106.77000427246094
107.57000732421875
106.95999908447266
108.06999969482422
106.69000244140625
106.85000610351563
107.17001342773438
107.21000671386719
107.6300048828125
106.12000274658203
109.66000366210938
107.87001037597656
106.7300033569336
107.58000183105469
106.62001037597656
108.65000915527344
107.6100082397461
107.7800064086914
108.79000854492188
108.7300033569336
108.61000061035156
108.72000885009766
107.40000915527344
108.54000091552734
108.23001098632813
108.36000061035156
108.82000732421875
106.54000091552734
107.60000610351563
107.69000244140625
107.0999984741211
107.2800064086914
107.54000854492188
107.31001281738281
106.87000274658203
107.32000732421875
107.91000366210938
108.49000549316406
108.96000671386719
107.40000915527344
107.8800048828125
107.16000366210938
109.8800048828125
108.84001159667969
107.85000610351563
109.66000366210938
108.43000793457031
108.30001068115234
107.70000457763672
108.37001037597656
107.77000427246094
107.8800048828125
106.62001037597656
105.59001159667969
106.760009765625
107.1300048828125
108.95000457763672
108.06000518798828
108.98001098632813
108.80000305175781
109.19000244140625
108.22000122070313
106.32000732421875
107.75000762939453
108.34000396728516
106.54000091552734
107.18000793457031
108.04000854492188
108.93000793457031
106.60000610351563
108.010009765625
107.54000854492188
108.59000396728516
108.4000015258789
108.47000122070313
107.84000396728516
108.70001220703125
108.91000366210938
109.760009765625
108.05000305175781
108.33000183105469
109.92000579833984
110.06000518798828
107.760009765625
107.46000671386719
107.35000610351563
106.11000061035156
106.49000549316406
109.68000793457031
108.05000305175781
109.29000854492188
110.06000518798828
110.82000732421875
109.16000366210938
109.87000274658203
108.99000549316406
109.1300048828125
110.1100082397461
110.59001159667969
110.58000183105469
111.83000183105469
111.12000274658203
110.37001037597656
109.33000183105469
108.56001281738281
108.31000518798828
109.51000213623047
110.09001159667969
111.47000122070313
111.50000762939453
109.93000793457031
110.12000274658203
109.6300048828125
108.76000213623047
109.57000732421875
110.06000518798828
108.89000701904297
108.80000305175781
108.0
109.1300048828125
110.86000061035156
110.00000762939453
109.81001281738281
109.6500015258789
109.18000030517578
110.25000762939453
108.41000366210938
108.67000579833984
108.43000793457031
106.95000457763672
109.1300048828125
108.4800033569336
108.05000305175781
106.6300048828125
108.15000915527344
108.46000671386719
107.75000762939453
106.16000366210938
105.82000732421875
106.79000854492188
106.54000091552734
104.52999877929688
106.0300064086914
107.24000549316406
105.68000793457031
106.68000030517578
108.06000518798828
106.69999694824219
106.80000305175781
106.81000518798828
106.75
107.12001037597656
106.3800048828125
107.9800033569336
105.6100082397461
108.70001220703125
107.82000732421875
108.17000579833984
108.65000915527344
108.5
107.91000366210938
107.2800064086914
108.41000366210938
106.64000701904297
107.00000762939453
105.60000610351563
107.86000061035156
109.15000915527344
106.79000854492188
106.510009765625
106.510009765625
105.72000122070313
107.96000671386719
106.08000946044922
106.90000915527344
106.98001098632813
108.68000793457031
106.62001037597656
107.29000091552734
107.04000854492188
105.58000183105469
107.3800048828125
105.58000183105469
105.68000793457031
106.27999877929688
106.55999755859375
107.02999877929688
104.5999984741211
107.62000274658203
107.60000610351563
109.86000061035156
109.11000061035156
108.12000274658203
108.5
108.82000732421875
107.55000305175781
108.68000793457031
109.11000061035156
109.58000183105469
107.29000091552734
108.37001037597656
108.18000793457031
108.15000915527344
106.75
108.19000244140625
106.25000762939453
108.02000427246094
107.0999984741211
106.49000549316406
107.58000183105469
107.02999877929688
107.31001281738281
107.59001159667969
106.29000854492188
108.76000213623047
106.77000427246094
106.69000244140625
105.81000518798828
105.97000122070313
107.50000762939453
106.760009765625
105.93000793457031
106.64000701904297
105.99000549316406
105.8800048828125
107.87001037597656
107.71000671386719
105.09001159667969
105.91000366210938
106.39000701904297
107.34000396728516
105.9000015258789
106.6300048828125
106.17000579833984
106.31000518798828
106.80000305175781
106.04000091552734
107.54000854492188
106.7300033569336
106.26000213623047
104.72000122070313
105.21000671386719
104.55001068115234
105.82000732421875
104.93000030517578
105.47000885009766
106.65000915527344
107.00000762939453
106.16000366210938
106.41000366210938
104.11000061035156
104.72000122070313
105.3800048828125
104.7800064086914
104.760009765625
104.42000579833984
104.04000091552734
105.5300064086914
106.45000457763672
105.70000457763672
106.06001281738281
106.87000274658203
105.39000701904297
105.43000030517578
106.79000854492188
105.56000518798828
104.91000366210938
105.6300048828125
103.63999938964844
102.54000854492188
104.01000213623047
104.4100112915039
106.2300033569336
104.45000457763672
105.56000518798828
105.81000518798828
106.06001281738281
106.61000061035156
107.0999984741211
103.44001007080078
104.50000762939453
107.29000091552734
105.80001068115234
103.74000549316406
105.30000305175781
107.52000427246094
106.35000610351563
108.20000457763672
108.22000122070313
106.69999694824219
107.51000213623047
106.45000457763672
106.95999908447266
106.81999969482422
106.52000427246094
106.83000183105469
106.10000610351563
105.82000732421875
106.18000030517578
105.89000701904297
105.01000213623047
106.30000305175781
105.29000091552734
106.98001098632813
107.20000457763672
107.8800048828125
107.07000732421875
108.80000305175781
108.19000244140625
108.7300033569336
108.91000366210938
108.25000762939453
108.3800048828125
107.2800064086914
107.42000579833984
107.62000274658203
107.79000091552734
105.86000061035156
105.76000213623047
107.1500015258789
107.09000396728516
105.9800033569336
105.36000061035156
107.00000762939453
106.65000915527344
106.54000091552734
105.79000854492188
105.92001342773438
105.96000671386719
107.20000457763672
105.40000915527344
106.39000701904297
107.84000396728516
107.69000244140625
106.77000427246094
106.59000396728516
104.34001159667969
103.84001159667969
105.6300048828125
105.9000015258789
105.30999755859375
106.31000518798828
106.92000579833984
108.08000183105469
107.57000732421875
108.46000671386719
107.42000579833984
106.41999816894531
105.10000610351563
104.64000701904297
104.97000885009766
105.23001098632813
106.48001098632813
107.42000579833984
105.84000396728516
106.1300048828125
106.75
105.19000244140625
106.67000579833984
105.93000793457031
106.80000305175781
106.17000579833984
102.60000610351563
104.71000671386719
106.0300064086914
105.00000762939453
103.98001098632813
105.16000366210938
106.25000762939453
105.70000457763672
105.35000610351563
105.73001098632813
104.83000946044922
107.2300033569336
105.1300048828125
104.66000366210938
103.52000427246094
104.50000762939453
104.2300033569336
104.75
105.5
105.19000244140625
107.40000915527344
107.71000671386719
106.7800064086914
106.79000854492188
105.94001007080078
107.91000366210938
105.65000915527344
106.9100112915039
106.48001098632813
106.0300064086914
106.48001098632813
106.07000732421875
106.81000518798828
105.5
105.86000061035156
105.69000244140625
106.43000793457031
107.21000671386719
107.50000762939453
106.80000305175781
108.5
106.24000549316406
106.59000396728516
106.85000610351563
107.0999984741211
107.54000854492188
106.65000915527344
105.16000366210938
107.31001281738281
105.96000671386719
107.0999984741211
104.93000030517578
106.5300064086914
105.14000701904297
104.8800048828125
106.60000610351563
104.50000762939453
107.56000518798828
107.51000213623047
107.34000396728516
107.85000610351563
108.1300048828125
107.49000549316406
106.6300048828125
107.05001068115234
106.93000793457031
106.97000122070313
108.26000213623047
107.66999816894531
107.68000793457031
106.7300033569336
106.55999755859375
106.95000457763672
106.87000274658203
106.15000915527344
106.61000061035156
105.260009765625
107.04000854492188
106.26000213623047
107.38999938964844
107.02000427246094
108.0
106.52000427246094
106.02000427246094
106.06001281738281
107.04000854492188
106.18000030517578
106.5300064086914
103.65000915527344
104.82000732421875
104.56000518798828
102.21000671386719
105.5300064086914
106.93000793457031
106.59000396728516
106.27999877929688
104.11000061035156
104.68000793457031
104.70000457763672
105.73001098632813
104.8800048828125
105.30999755859375
106.59000396728516
107.20000457763672
105.91000366210938
105.44999694824219
103.65000915527344
106.8800048828125
107.1500015258789
106.20001220703125
106.7800064086914
105.8800048828125
107.05001068115234
107.90000915527344
107.22000122070313
106.10000610351563
107.12001037597656
106.77000427246094
108.0300064086914
106.55999755859375
107.0999984741211
105.3800048828125
107.62000274658203
107.87001037597656
108.1300048828125
107.43000793457031
107.14000701904297
108.3800048828125
109.02000427246094
108.25000762939453
107.87001037597656
107.47000885009766
106.60000610351563
108.06999969482422
108.96000671386719
107.36000061035156
109.31000518798828
110.30000305175781
107.92000579833984
109.24000549316406
108.5
107.36000061035156
106.10000610351563
106.29000854492188
106.92000579833984
105.9800033569336
105.1100082397461
105.8499984741211
107.52999877929688
107.71000671386719
107.44000244140625
107.19001007080078
106.37000274658203
106.77000427246094
107.260009765625
107.4800033569336
107.84000396728516
107.94999694824219
108.33000183105469
107.54000854492188
107.45001220703125
106.3600082397461
107.05001068115234
106.8800048828125
108.36000061035156
107.6300048828125
106.94000244140625
104.34001159667969
105.97000122070313
105.96000671386719
106.30000305175781
108.05000305175781
105.19000244140625
107.2800064086914
103.69000244140625
107.47000885009766
106.39000701904297
106.95999908447266
106.62001037597656
105.1300048828125
106.68000030517578
106.18000030517578
106.64000701904297
106.8600082397461
105.8499984741211
104.57000732421875
106.7800064086914
106.010009765625
106.52000427246094
106.09000396728516
106.15000915527344
104.92000579833984
104.5999984741211
106.2300033569336
106.68000030517578
107.84000396728516
107.97000885009766
109.07000732421875
108.0
107.80000305175781
108.1100082397461
108.4800033569336
109.07000732421875
108.1100082397461
107.46000671386719
108.9000015258789
107.47000885009766
106.99000549316406
106.6300048828125
108.63999938964844
107.760009765625
107.46000671386719
107.66999816894531
108.77999877929688
109.97000885009766
108.45000457763672
107.6500015258789
108.3800048828125
108.83000183105469
108.4000015258789
108.52000427246094
109.19000244140625
107.68000793457031
108.1100082397461
108.56001281738281
109.14000701904297
107.72000122070313
106.79000854492188
107.6300048828125
107.51000213623047
105.70999908447266
107.1300048828125
106.37000274658203
105.70000457763672
106.05000305175781
106.15000915527344
105.6300048828125
104.40000915527344
106.2300033569336
106.47000122070313
107.41000366210938
108.45000457763672
106.33000183105469
105.77999877929688
104.99000549316406
104.83000946044922
105.33000946044922
105.94001007080078
107.02999877929688
108.1100082397461
107.42000579833984
106.49000549316406
105.46000671386719
105.89000701904297
105.87001037597656
105.81000518798828
106.09000396728516
105.8499984741211
105.25000762939453
103.82000732421875
105.10000610351563
104.88999938964844
104.83000946044922
106.54000091552734
105.4800033569336
104.85000610351563
104.94000244140625
106.26000213623047
104.33000183105469
104.75
104.59000396728516
106.18000030517578
104.25
105.81000518798828
105.70999908447266
106.97000122070313
106.19000244140625
106.7800064086914
108.4800033569336
107.56000518798828
108.08000183105469
107.94000244140625
108.12000274658203
107.99000549316406
108.7300033569336
107.68000793457031
108.31000518798828
109.04000091552734
109.88999938964844
109.18000030517578
109.2800064086914
108.32000732421875
109.00000762939453
107.52999877929688
109.2800064086914
109.71000671386719
108.09001159667969
109.25
107.86000061035156
108.70001220703125
108.12000274658203
109.87000274658203
108.5
109.07000732421875
107.66000366210938
108.43000793457031
107.1500015258789
107.07000732421875
106.11000061035156
108.0300064086914
105.93000793457031
106.39000701904297
106.27000427246094
106.98001098632813
106.05000305175781
106.21000671386719
106.7300033569336
106.93000793457031
108.77000427246094
106.37000274658203
105.82000732421875
106.32000732421875
107.43000793457031
106.94000244140625
106.59000396728516
107.33000946044922
106.66000366210938
107.58000183105469
108.20999908447266
109.17000579833984
107.6100082397461
108.13999938964844
109.7300033569336
110.2800064086914
108.1300048828125
108.23001098632813
108.05000305175781
107.58000183105469
110.99000549316406
108.68000793457031
108.36000061035156
106.79000854492188
105.19000244140625
107.3800048828125
107.91000366210938
109.80000305175781
107.56000518798828
108.510009765625
108.47000122070313
108.72000885009766
107.45001220703125
107.41000366210938
108.3800048828125
106.5300064086914
104.90000915527344
106.21000671386719
106.67000579833984
107.16000366210938
105.16999816894531
107.44000244140625
107.79000091552734
104.69001007080078
106.81999969482422
105.99000549316406
106.50000762939453
107.52999877929688
106.72000885009766
106.4000015258789
107.94000244140625
107.64000701904297
107.66999816894531
109.58000183105469
109.60000610351563
110.32000732421875
108.3800048828125
108.06000518798828
108.42001342773438
109.24000549316406
108.24000549316406
109.00000762939453
109.62001037597656
107.30000305175781
108.62000274658203
107.94000244140625
108.29000854492188
106.60000610351563
108.5300064086914
108.59000396728516
108.09001159667969
106.80000305175781
107.73001098632813
107.22000122070313
107.97000885009766
108.27000427246094
108.69000244140625
109.45000457763672
108.3499984741211
107.11000061035156
109.40000915527344
109.54000854492188
109.05000305175781
107.96000671386719
108.08000183105469
108.91000366210938
108.20999908447266
107.25
108.32000732421875
108.05000305175781
106.72000885009766
106.7800064086914
109.21000671386719
107.27000427246094
107.22000122070313
107.52999877929688
108.30001068115234
107.54000854492188
108.81000518798828
107.24000549316406
106.98001098632813
107.4800033569336
107.09000396728516
108.37001037597656
108.67000579833984
109.83000946044922
109.84000396728516
110.86000061035156
110.42000579833984
109.260009765625
108.97000122070313
106.7300033569336
107.2800064086914
109.05000305175781
108.41000366210938
109.1300048828125
109.10000610351563
109.4100112915039
108.72000885009766
107.62000274658203
108.55000305175781
108.15000915527344
107.94000244140625
107.84000396728516
107.07000732421875
107.42000579833984
109.24000549316406
109.29000854492188
110.58000183105469
108.1300048828125
107.89000701904297
106.52000427246094
106.33000183105469
105.63999938964844
106.0
106.85000610351563
108.81000518798828
108.94000244140625
106.92000579833984
109.16000366210938
108.70001220703125
107.47000885009766
108.49000549316406
106.84001159667969
105.34000396728516
105.93000793457031
106.52000427246094
106.69000244140625
106.47000122070313
103.74000549316406
105.65000915527344
106.35000610351563
105.94001007080078
105.19000244140625
105.77999877929688
105.56999969482422
106.72000885009766
106.81000518798828
105.80001068115234
105.6100082397461
106.24000549316406
107.01000213623047
107.00000762939453
106.0
105.82000732421875
106.32000732421875
104.5999984741211
105.10000610351563
105.260009765625
105.95000457763672
103.32000732421875
102.01000213623047
103.20000457763672
105.1500015258789
103.58000946044922
106.27000427246094
106.510009765625
106.12000274658203
106.17000579833984
106.93000793457031
106.11000061035156
106.05000305175781
106.15000915527344
106.30000305175781
106.74000549316406
106.24000549316406
105.00000762939453
104.37000274658203
104.27000427246094
103.94000244140625
103.60000610351563
104.64000701904297
105.70999908447266
105.54000854492188
104.10000610351563
103.43000793457031
104.84000396728516
103.80000305175781
106.1300048828125
103.55000305175781
103.1100082397461
104.3600082397461
102.69000244140625
103.77000427246094
105.40000915527344
105.02999877929688
104.43000793457031
105.77999877929688
104.92000579833984
105.70999908447266
105.1500015258789
104.99000549316406
105.52000427246094
106.35000610351563
105.9800033569336
106.13999938964844
106.64000701904297
107.32000732421875
106.77000427246094
106.18000030517578
108.06999969482422
106.87000274658203
106.6300048828125
107.760009765625
106.1300048828125
106.25000762939453
107.07000732421875
106.25000762939453
105.54000854492188
106.8800048828125
106.04000091552734
108.24000549316406
107.30000305175781
106.62001037597656
106.90000915527344
105.49000549316406
107.86000061035156
107.19001007080078
108.8800048828125
108.60000610351563
110.72000122070313
107.82000732421875
105.72000122070313
105.93000793457031
107.83000946044922
106.45000457763672
106.20001220703125
110.10000610351563
108.12000274658203
106.3800048828125
107.66000366210938
108.44001007080078
109.83000946044922
110.5300064086914
108.13999938964844
108.43000793457031
108.62000274658203
108.56001281738281
109.60000610351563
109.45999908447266
108.19000244140625
108.1600112915039
109.04000091552734
107.9800033569336
108.67000579833984
108.71000671386719
107.11000061035156
104.7800064086914
106.87000274658203
106.1300048828125
106.43000793457031
106.05000305175781
107.50000762939453
106.010009765625
106.22000885009766
106.68000030517578
108.3499984741211
107.12001037597656
106.0300064086914
106.95999908447266
104.87000274658203
106.72000885009766
104.8800048828125
105.70000457763672
105.35000610351563
105.42000579833984
105.69000244140625
106.0300064086914
105.22000122070313
105.94001007080078
107.00000762939453
105.91000366210938
107.25
104.38999938964844
104.19000244140625
105.44000244140625
105.06000518798828
105.02000427246094
106.08000946044922
105.30000305175781
104.3800048828125
105.41000366210938
105.89000701904297
104.9800033569336
105.91000366210938
104.94000244140625
105.43000030517578
105.41000366210938
106.47000122070313
104.14000701904297
103.5
103.87000274658203
102.76000213623047
103.13999938964844
103.8600082397461
106.55999755859375
105.19000244140625
105.40000915527344
105.97000122070313
106.1300048828125
105.23001098632813
104.33000183105469
104.18000030517578
103.3800048828125
103.96000671386719
103.91000366210938
103.94000244140625
105.06000518798828
104.10000610351563
104.52999877929688
104.01000213623047
104.4100112915039
105.36000061035156
106.0300064086914
105.19000244140625
105.84000396728516
104.45000457763672
103.81000518798828
102.34000396728516
104.05000305175781
102.73001098632813
104.260009765625
104.94000244140625
103.45000457763672
102.11000061035156
103.02000427246094
102.96000671386719
103.96000671386719
104.97000885009766
104.260009765625
103.05000305175781
101.54000091552734
101.92000579833984
103.52000427246094
103.6300048828125
103.84001159667969
104.5999984741211
102.27000427246094
103.94000244140625
103.4000015258789
103.99000549316406
103.8600082397461
102.94999694824219
101.83000183105469
100.37001037597656
100.80001068115234
103.1300048828125
102.66000366210938
104.4100112915039
103.26000213623047
103.15000915527344
101.85000610351563
100.81000518798828
102.21000671386719
102.25
104.27000427246094
103.19000244140625
102.84000396728516
102.51000213623047
103.56001281738281
103.18000793457031
103.36000061035156
102.64000701904297
103.37001037597656
103.98001098632813
102.08000183105469
104.260009765625
103.4800033569336
104.67001342773438
103.71000671386719
101.760009765625
103.81000518798828
104.29000854492188
104.55001068115234
104.35000610351563
104.49000549316406
105.46000671386719
105.27000427246094
104.33000183105469
103.89000701904297
104.91000366210938
103.36000061035156
102.36000061035156
102.57000732421875
102.92000579833984
104.01000213623047
103.45000457763672
100.77999877929688
102.34000396728516
104.3800048828125
103.94000244140625
103.61000061035156
102.64000701904297
104.08000946044922
104.84000396728516
102.46000671386719
104.02000427246094
103.99000549316406
104.91000366210938
103.4000015258789
104.19999694824219
103.5300064086914
103.75000762939453
104.38999938964844
103.010009765625
103.0300064086914
105.9000015258789
103.8600082397461
104.75
103.57000732421875
103.39000701904297
106.33000183105469
105.5
103.80000305175781
102.94999694824219
102.02999877929688
104.40000915527344
104.38999938964844
102.07000732421875
102.80000305175781
102.47000885009766
102.38999938964844
101.97000122070313
102.57000732421875
100.4800033569336
101.760009765625
103.20000457763672
102.77000427246094
100.37001037597656
101.80000305175781
100.80001068115234
103.04000854492188
102.49000549316406
103.26000213623047
103.42001342773438
102.41000366210938
103.0300064086914
103.71000671386719
103.67000579833984
103.27999877929688
102.71000671386719
101.98001098632813
102.46000671386719
100.9000015258789
101.25000762939453
99.38999938964844
102.3800048828125
102.22000122070313
103.20999908447266
103.67000579833984
103.510009765625
103.20000457763672
103.27999877929688
102.69000244140625
102.69000244140625
102.37000274658203
102.64000701904297
101.33000183105469
101.94000244140625
100.99000549316406
102.58000183105469
102.83000946044922
102.96000671386719
102.14000701904297
103.37001037597656
105.07000732421875
103.96000671386719
104.51000213623047
102.71000671386719
105.14000701904297
101.92000579833984
103.56001281738281
102.19001007080078
101.29000854492188
102.71000671386719
104.6300048828125
102.59001159667969
102.68000793457031
104.84000396728516
104.61000061035156
104.69001007080078
103.18000793457031
101.85000610351563
101.02000427246094
103.4800033569336
102.27000427246094
103.19000244140625
103.10000610351563
103.68000030517578
103.6300048828125
103.57000732421875
104.17000579833984
103.17000579833984
103.91000366210938
103.27999877929688
103.34000396728516
103.6300048828125
102.37000274658203
103.95000457763672
102.2300033569336
103.20999908447266
103.32000732421875
102.17001342773438
100.99000549316406
101.21000671386719
102.29000091552734
102.07000732421875
103.9000015258789
101.55999755859375
101.67000579833984
101.9100112915039
101.72000885009766
101.88999938964844
101.3600082397461
102.77000427246094
103.91000366210938
102.45001220703125
104.05000305175781
103.91999816894531
103.12000274658203
103.37001037597656
102.32000732421875
102.71000671386719
102.66999816894531
102.44000244140625
101.75
101.77000427246094
102.92000579833984
100.86000061035156
101.0300064086914
102.8800048828125
102.72000122070313
102.6500015258789
103.44001007080078
103.45000457763672
101.29000854492188
102.31001281738281
101.30000305175781
102.31001281738281
99.77000427246094
101.09000396728516
103.5300064086914
103.4000015258789
103.3499984741211
103.60000610351563
103.63999938964844
103.54000091552734
103.26000213623047
101.51000213623047
102.260009765625
101.81999969482422
101.79000854492188
100.07000732421875
102.21000671386719
101.45000457763672
101.35000610351563
101.34001159667969
100.12000274658203
100.04000854492188
101.15000915527344
101.18000030517578
100.8800048828125
102.14000701904297
102.82000732421875
102.02999877929688
104.31999969482422
102.2300033569336
102.01000213623047
102.52000427246094
104.1300048828125
103.81000518798828
103.67000579833984
102.37000274658203
103.20999908447266
102.52000427246094
103.97000122070313
103.94000244140625
105.55000305175781
104.10000610351563
106.5300064086914
105.35000610351563
104.81001281738281
104.44000244140625
102.33000946044922
104.2300033569336
103.84001159667969
104.7300033569336
103.30001068115234
103.97000122070313
102.3800048828125
102.59001159667969
103.62000274658203
104.00000762939453
103.1600112915039
104.47000122070313
105.08000183105469
104.45999908447266
104.77000427246094
103.5300064086914
104.87000274658203
104.05999755859375
104.25
104.12001037597656
105.30000305175781
103.67000579833984
102.3800048828125
102.260009765625
102.60000610351563
103.27000427246094
103.15000915527344
103.59000396728516
105.1300048828125
104.72000122070313
104.45000457763672
102.07000732421875
102.68000793457031
100.9000015258789
102.32000732421875
103.8600082397461
104.30000305175781
103.30001068115234
103.54000091552734
104.38999938964844
102.2300033569336
103.02000427246094
103.36000061035156
104.09000396728516
102.80999755859375
103.05000305175781
103.9000015258789
103.1300048828125
103.17000579833984
102.05001068115234
102.71000671386719
103.9000015258789
103.06000518798828
105.1300048828125
104.09000396728516
103.91999816894531
101.98001098632813
103.72000885009766
102.94999694824219
103.17000579833984
100.40000915527344
103.30001068115234
102.99000549316406
103.4000015258789
101.67000579833984
103.0300064086914
103.83000183105469
103.49000549316406
103.3800048828125
103.39000701904297
103.05000305175781
102.52999877929688
103.93000793457031
104.50000762939453
105.02000427246094
104.6500015258789
104.61000061035156
103.27999877929688
103.41000366210938
103.69000244140625
102.06000518798828
102.08000183105469
102.50000762939453
102.60000610351563
102.47000885009766
102.18000793457031
102.85000610351563
103.05000305175781
102.32000732421875
102.4800033569336
103.60000610351563
102.94000244140625
103.59000396728516
102.32000732421875
103.25000762939453
104.6500015258789
104.38999938964844
103.46000671386719
104.44000244140625
104.42000579833984
103.82000732421875
105.55000305175781
106.0300064086914
105.30000305175781
103.67000579833984
103.36000061035156
102.3800048828125
102.56000518798828
102.55000305175781
102.36000061035156
101.83000183105469
101.41000366210938
100.9800033569336
101.75
101.81000518798828
103.20999908447266
101.87000274658203
103.25000762939453
103.18000793457031
102.69000244140625
102.14000701904297
102.40000915527344
102.94000244140625
103.29000854492188
103.27999877929688
102.80999755859375
104.52000427246094
105.02999877929688
102.41000366210938
101.8800048828125
102.30000305175781
104.05000305175781
102.30000305175781
103.04000854492188
103.61000061035156
104.22000885009766
102.92000579833984
101.760009765625
102.04000854492188
102.44000244140625
103.70001220703125
103.46000671386719
103.71000671386719
101.8600082397461
103.87000274658203
103.76000213623047
104.08000946044922
101.59000396728516
102.82000732421875
103.3800048828125
103.23001098632813
103.20000457763672
103.91000366210938
102.83000946044922
103.13999938964844
104.2800064086914
104.01000213623047
103.71000671386719
105.47000885009766
103.77000427246094
102.84000396728516
104.54000854492188
103.97000122070313
103.69000244140625
103.58000946044922
103.39000701904297
103.0
102.19001007080078
103.58000946044922
103.96000671386719
103.96000671386719
102.52999877929688
103.0
101.60000610351563
102.52000427246094
102.60000610351563
102.29000091552734
103.82000732421875
102.86000061035156
101.6300048828125
101.39000701904297
102.12001037597656
102.77000427246094
103.67000579833984
103.44001007080078
102.16000366210938
103.66000366210938
103.45000457763672
103.66000366210938
100.93000793457031
101.35000610351563
102.94000244140625
103.13999938964844
101.95999908447266
101.62001037597656
103.56001281738281
102.66000366210938
101.26000213623047
102.24000549316406
102.47000885009766
101.9100112915039
103.76000213623047
103.57000732421875
102.93000030517578
102.96000671386719
104.57000732421875
103.0300064086914
101.4000015258789
104.260009765625
103.98001098632813
101.99000549316406
103.17000579833984
103.05000305175781
103.67000579833984
102.90000915527344
104.29000854492188
104.00000762939453
103.84001159667969
102.47000885009766
102.52000427246094
104.3600082397461
103.7300033569336
102.43000030517578
103.06999969482422
104.93000030517578
102.43000030517578
102.43000030517578
103.30001068115234
103.77000427246094
102.17001342773438
104.62001037597656
104.92000579833984
100.6600112915039
102.73001098632813
102.1300048828125
103.02000427246094
103.06000518798828
103.7300033569336
102.77000427246094
102.56000518798828
102.38999938964844
102.49000549316406
102.34000396728516
102.22000122070313
104.6500015258789
104.55001068115234
104.9800033569336
103.98001098632813
104.48001098632813
104.31000518798828
104.79000091552734
103.8800048828125
104.90000915527344
104.15000915527344
104.66000366210938
103.99000549316406
105.02000427246094
104.71000671386719
101.77000427246094
106.13999938964844
106.59000396728516
105.04000854492188
104.33000183105469
104.70000457763672
104.10000610351563
102.99000549316406
104.15000915527344
103.61000061035156
102.34000396728516
103.75000762939453
101.59000396728516
102.09000396728516
103.81000518798828
103.5
103.36000061035156
104.67001342773438
103.96000671386719
103.33000183105469
103.62000274658203
103.57000732421875
103.72000885009766
104.37000274658203
103.08000183105469
103.5300064086914
102.21000671386719
101.17000579833984
99.79000091552734
100.6600112915039
100.2800064086914
99.70000457763672
100.8499984741211
100.69000244140625
99.74000549316406
99.45000457763672
101.55999755859375
101.81999969482422
101.27999877929688
101.21000671386719
101.83999633789063
102.87001037597656
101.12000274658203
101.21000671386719
101.13999938964844
100.97000122070313
100.77000427246094
101.71000671386719
100.4800033569336
102.76000213623047
104.42000579833984
105.02999877929688
105.54000854492188
104.31000518798828
102.20000457763672
103.70001220703125
105.42000579833984
105.02000427246094
104.85000610351563
105.06000518798828
105.62000274658203
103.37001037597656
103.47000122070313
103.59000396728516
104.00000762939453
105.00000762939453
104.08000946044922
105.33000946044922
104.47000122070313
104.75
103.62000274658203
104.21000671386719
104.19999694824219
102.6500015258789
101.3600082397461
103.39000701904297
104.17000579833984
104.3600082397461
101.95000457763672
102.6100082397461
101.99000549316406
101.26000213623047
102.58000183105469
102.83000946044922
103.04000854492188
103.24000549316406
102.38999938964844
101.05000305175781
102.35000610351563
101.69000244140625
103.08999633789063
102.91000366210938
102.31001281738281
103.34000396728516
103.04000854492188
102.99000549316406
100.5
103.05000305175781
101.41999816894531
100.79000854492188
101.83000183105469
99.94000244140625
99.69001007080078
100.39000701904297
101.30000305175781
101.44000244140625
101.39000701904297
100.14000701904297
101.79000854492188
101.010009765625
102.44000244140625
100.26000213623047
100.10000610351563
100.1500015258789
99.31000518798828
101.11000061035156
101.26000213623047
101.60000610351563
101.24000549316406
101.55000305175781
102.24000549316406
102.40000915527344
101.69999694824219
101.85000610351563
100.60000610351563
101.0300064086914
98.74000549316406
99.66000366210938
98.74000549316406
100.77999877929688
102.37000274658203
100.9800033569336
101.22000885009766
102.22000122070313
102.21000671386719
103.87000274658203
102.97000885009766
103.02000427246094
102.08000183105469
101.8800048828125
102.82000732421875
101.81000518798828
102.76000213623047
103.43000793457031
102.74000549316406
103.60000610351563
103.010009765625
103.08000183105469
102.02000427246094
100.96000671386719
101.02000427246094
99.66999816894531
100.32000732421875
101.4000015258789
100.97000122070313
100.6600112915039
101.27000427246094
101.0300064086914
100.82000732421875
102.1300048828125
101.92000579833984
100.9800033569336
102.29000091552734
102.35000610351563
102.02000427246094
101.77000427246094
100.83000183105469
102.24000549316406
101.0
101.6300048828125
103.1100082397461
102.55000305175781
102.76000213623047
104.15000915527344
102.74000549316406
104.04000091552734
104.85000610351563
103.97000122070313
103.20999908447266
103.12000274658203
103.10000610351563
101.24000549316406
102.30000305175781
101.3800048828125
102.9800033569336
102.33000946044922
103.34000396728516
102.30000305175781
101.62001037597656
102.34000396728516
101.4000015258789
102.74000549316406
103.20999908447266
101.9100112915039
103.72000885009766
103.60000610351563
103.52000427246094
103.93000793457031
105.62000274658203
103.75000762939453
102.38999938964844
102.87001037597656
103.08000183105469
104.50000762939453
104.04000091552734
105.54000854492188
103.33000183105469
103.25000762939453
102.74000549316406
103.46000671386719
103.57000732421875
103.02000427246094
103.39000701904297
102.40000915527344
102.24000549316406
102.02000427246094
102.40000915527344
103.8800048828125
103.83000183105469
104.17000579833984
