99.48001098632813
98.4000015258789
99.11000061035156
99.88999938964844
99.57000732421875
98.46000671386719
101.10000610351563
98.56001281738281
99.83000946044922
99.31999969482422
99.49000549316406
99.88999938964844
99.88999938964844
100.99000549316406
99.31999969482422
102.02000427246094
101.41999816894531
99.04000091552734
99.66000366210938
98.83000183105469
100.29000091552734
101.27000427246094
101.33000183105469
100.54000854492188
100.21000671386719
100.9000015258789
101.97000122070313
100.23001098632813
98.60000610351563
100.33000946044922
99.54000854492188
100.30999755859375
100.10000610351563
99.0300064086914
98.19000244140625
99.38999938964844
101.81000518798828
101.06001281738281
100.29000091552734
102.32000732421875
102.56000518798828
103.77999877929688
101.99000549316406
102.45001220703125
101.80000305175781
104.43000793457031
102.07000732421875
100.9000015258789
100.9000015258789
101.16000366210938
102.82000732421875
101.12000274658203
100.83000183105469
101.12000274658203
100.60000610351563
99.7300033569336
101.24000549316406
101.31000518798828
100.30000305175781
102.16000366210938
99.5999984741211
99.07000732421875
99.08000946044922
98.0
99.33999633789063
97.92000579833984
96.85000610351563
97.30000305175781
97.2800064086914
98.97000122070313
98.02000427246094
99.2300033569336
99.83000946044922
99.22000885009766
98.97000122070313
98.84001159667969
98.89000701904297
97.66000366210938
98.4800033569336
97.99000549316406
99.33999633789063
100.60000610351563
100.1100082397461
100.08000183105469
100.510009765625
99.85000610351563
100.73001098632813
101.50000762939453
100.94001007080078
100.82000732421875
100.24000549316406
99.9800033569336
100.18000793457031
100.41000366210938
102.55000305175781
99.7300033569336
101.55000305175781
100.56999969482422
100.67000579833984
99.52999877929688
99.93000030517578
99.760009765625
103.15000915527344
102.32000732421875
100.60000610351563
101.27999877929688
100.70999908447266
100.08000183105469
100.97000122070313
100.16000366210938
102.33000946044922
101.95999908447266
100.20000457763672
101.08000946044922
101.62001037597656
101.48001098632813
102.51000213623047
100.94001007080078
100.46000671386719
104.40000915527344
103.12000274658203
100.83000183105469
100.8800048828125
99.90000915527344
100.26000213623047
98.74000549316406
100.02000427246094
99.59000396728516
100.44000244140625
98.63999938964844
96.93000793457031
97.79000091552734
98.62000274658203
98.27000427246094
98.12000274658203
98.08999633789063
97.0999984741211
98.23001098632813
98.39000701904297
99.35000610351563
98.44001007080078
99.00000762939453
97.73001098632813
99.49000549316406
99.04000091552734
98.63999938964844
98.18000793457031
98.91000366210938
99.79000091552734
98.76000213623047
97.70000457763672
97.8800048828125
96.7800064086914
97.08000183105469
97.66999816894531
97.93000030517578
98.32000732421875
101.13999938964844
100.89000701904297
99.09000396728516
97.16999816894531
96.25
96.99000549316406
96.19000244140625
96.08000946044922
95.94001007080078
98.54000091552734
98.06999969482422
98.510009765625
98.66000366210938
98.45000457763672
99.71000671386719
97.6300048828125
99.57000732421875
98.22000122070313
99.50000762939453
97.59001159667969
98.25000762939453
96.3600082397461
98.23001098632813
97.8800048828125
97.09000396728516
98.46000671386719
97.32000732421875
97.260009765625
96.10000610351563
97.70000457763672
98.63999938964844
98.010009765625
99.05999755859375
98.49000549316406
100.83000183105469
99.55001068115234
99.19999694824219
97.89000701904297
98.54000091552734
100.22000122070313
102.45001220703125
101.79000854492188
100.42000579833984
100.52000427246094
100.21000671386719
101.33000183105469
100.56999969482422
100.8499984741211
100.70999908447266
100.20000457763672
101.09000396728516
99.5999984741211
100.83000183105469
101.05000305175781
101.1300048828125
100.69000244140625
100.9800033569336
100.56999969482422
101.19000244140625
100.5
101.69000244140625
100.76000213623047
101.19000244140625
103.20000457763672
103.66000366210938
101.58000946044922
102.37000274658203
102.85000610351563
101.75
103.06999969482422
102.70000457763672
104.90000915527344
104.260009765625
103.99000549316406
101.31000518798828
102.38999938964844
102.57000732421875
103.010009765625
101.3800048828125
100.5300064086914
101.27999877929688
100.60000610351563
101.72000885009766
102.2800064086914
102.64000701904297
103.18000793457031
101.69999694824219
103.77999877929688
101.16000366210938
101.46000671386719
100.82000732421875
101.10000610351563
100.20000457763672
102.75000762939453
100.77999877929688
100.62000274658203
101.74000549316406
99.43000793457031
102.01000213623047
101.80000305175781
100.74000549316406
101.99000549316406
101.35000610351563
100.21000671386719
101.64000701904297
101.43000793457031
101.7800064086914
100.93000793457031
100.80001068115234
100.30000305175781
98.18000793457031
98.69000244140625
100.12000274658203
98.81000518798828
98.77000427246094
100.26000213623047
99.0300064086914
98.74000549316406
98.77000427246094
98.74000549316406
96.97000122070313
98.80000305175781
96.79000854492188
99.33999633789063
97.52000427246094
101.11000061035156
100.14000701904297
98.99000549316406
99.10000610351563
100.49000549316406
99.68000793457031
99.95001220703125
99.2800064086914
97.92000579833984
98.24000549316406
99.85000610351563
97.7800064086914
99.40000915527344
99.90000915527344
101.44000244140625
99.38999938964844
100.43000030517578
101.75
101.69999694824219
101.75
98.63999938964844
100.56000518798828
101.48001098632813
99.50000762939453
100.42000579833984
101.06001281738281
101.8800048828125
99.69001007080078
101.32000732421875
100.4800033569336
99.83000946044922
101.18000030517578
100.72000122070313
100.9800033569336
100.81000518798828
102.47000885009766
103.32000732421875
101.45000457763672
102.19001007080078
101.83999633789063
102.12001037597656
100.68000793457031
99.37000274658203
99.2300033569336
98.75
98.56001281738281
100.24000549316406
98.91999816894531
100.86000061035156
101.5300064086914
100.73001098632813
100.12000274658203
99.91000366210938
100.14000701904297
100.6600112915039
100.36000061035156
100.06000518798828
99.68000793457031
100.87001037597656
101.21000671386719
99.05999755859375
99.87000274658203
99.52000427246094
98.8800048828125
100.44999694824219
101.60000610351563
102.52999877929688
101.34001159667969
100.52000427246094
101.34001159667969
100.36000061035156
99.6500015258789
100.4800033569336
100.30000305175781
100.70000457763672
99.93000030517578
99.08000946044922
100.510009765625
102.92000579833984
103.63999938964844
102.80000305175781
103.06999969482422
100.24000549316406
102.46000671386719
101.93000793457031
101.67000579833984
101.55999755859375
100.22000122070313
101.69999694824219
100.29000091552734
100.55000305175781
101.760009765625
101.6300048828125
101.95000457763672
100.97000122070313
99.92000579833984
100.24000549316406
102.00000762939453
100.52000427246094
98.18000793457031
101.61000061035156
101.60000610351563
101.4000015258789
100.33000946044922
100.77000427246094
101.31000518798828
100.69000244140625
100.99000549316406
100.67000579833984
99.1300048828125
99.42000579833984
101.44000244140625
99.33999633789063
100.74000549316406
101.55999755859375
99.99000549316406
101.06001281738281
99.92000579833984
99.3600082397461
99.6300048828125
99.90000915527344
98.05000305175781
98.57000732421875
97.47000885009766
99.760009765625
99.75
97.70000457763672
95.9800033569336
97.34000396728516
96.49000549316406
100.02000427246094
98.96000671386719
98.99000549316406
96.83999633789063
100.06000518798828
97.00000762939453
97.71000671386719
98.65000915527344
98.27999877929688
98.12000274658203
97.22000122070313
98.22000122070313
99.08000946044922
98.81000518798828
99.1300048828125
98.71000671386719
100.35000610351563
99.97000885009766
102.00000762939453
101.51000213623047
100.46000671386719
102.27000427246094
102.6500015258789
100.97000122070313
100.40000915527344
100.73001098632813
99.40000915527344
97.54000854492188
98.59000396728516
98.02000427246094
99.62001037597656
98.81000518798828
98.74000549316406
98.05000305175781
99.3600082397461
97.71000671386719
96.83000183105469
97.08000183105469
96.83000183105469
95.21000671386719
95.89000701904297
96.31000518798828
97.25
93.27000427246094
94.3600082397461
93.97000122070313
94.62001037597656
96.46000671386719
96.24000549316406
95.07000732421875
94.66000366210938
95.26000213623047
93.95000457763672
94.96000671386719
95.95000457763672
92.5
93.29000854492188
93.27000427246094
92.44000244140625
91.91000366210938
91.93000793457031
92.08000183105469
93.46000671386719
92.76000213623047
93.68000030517578
94.24000549316406
92.60000610351563
93.97000122070313
91.77000427246094
94.24000549316406
93.57000732421875
94.31999969482422
94.25
95.20000457763672
93.80000305175781
94.21000671386719
92.68000793457031
93.08999633789063
92.29000091552734
92.20000457763672
91.85000610351563
92.36000061035156
91.93000793457031
91.75
92.05001068115234
92.82000732421875
93.55000305175781
92.52000427246094
91.66000366210938
92.09000396728516
92.90000915527344
94.05000305175781
97.05001068115234
94.66999816894531
96.18000030517578
96.24000549316406
91.4000015258789
90.98999786376953
92.2300033569336
93.3800048828125
93.4000015258789
92.70000457763672
92.6300048828125
93.3800048828125
93.44001007080078
92.96000671386719
93.27000427246094
90.96000671386719
92.49000549316406
94.73999786376953
94.19999694824219
91.2300033569336
95.14000701904297
95.1300048828125
95.44000244140625
95.87001037597656
95.35000610351563
95.6100082397461
95.08000183105469
94.3800048828125
94.85000610351563
93.79000854492188
93.17000579833984
94.95001220703125
94.93000030517578
92.87001037597656
93.43000793457031
92.99000549316406
93.22000122070313
93.08000183105469
93.58000946044922
93.44001007080078
94.30000305175781
95.74000549316406
96.3600082397461
94.9800033569336
96.19000244140625
97.2800064086914
97.77000427246094
96.59000396728516
95.74000549316406
95.41000366210938
95.52000427246094
96.46000671386719
96.3800048828125
95.46000671386719
94.69001007080078
95.32000732421875
93.5
93.74000549316406
93.6300048828125
94.66000366210938
94.44000244140625
95.01000213623047
94.49000549316406
93.66000366210938
94.48001098632813
94.0300064086914
92.25
91.79000854492188
94.22000885009766
94.17000579833984
96.04000091552734
97.12001037597656
93.58000946044922
93.45000457763672
95.77000427246094
95.02000427246094
94.19000244140625
93.06999969482422
94.05000305175781
93.77999877929688
94.72000122070313
95.76000213623047
94.38999938964844
94.7800064086914
94.3600082397461
93.37001037597656
94.72000122070313
92.45001220703125
92.66000366210938
94.79000091552734
92.6300048828125
93.81000518798828
94.02000427246094
91.8800048828125
93.010009765625
94.08000183105469
94.1300048828125
94.73999786376953
91.55000305175781
93.27999877929688
94.45000457763672
94.04000091552734
92.30000305175781
93.66000366210938
94.43000793457031
93.77999877929688
94.37000274658203
92.96000671386719
91.91000366210938
93.76000213623047
93.27000427246094
91.64000701904297
91.22000885009766
90.98999786376953
92.14000701904297
92.16999816894531
91.93000793457031
92.47000885009766
92.30000305175781
92.04000854492188
90.26000213623047
92.34000396728516
92.27000427246094
93.22000122070313
92.44000244140625
91.11000061035156
91.90000915527344
90.62000274658203
90.8499984741211
91.51000213623047
91.83000183105469
91.49000549316406
91.83999633789063
91.29000854492188
91.33000183105469
91.99000549316406
91.760009765625
91.83999633789063
94.69001007080078
93.05000305175781
93.45000457763672
93.29000854492188
95.33000183105469
95.95000457763672
94.68000793457031
93.33000183105469
92.40000915527344
92.00000762939453
93.22000122070313
92.32000732421875
92.56000518798828
92.75000762939453
91.69999694824219
94.92000579833984
91.760009765625
95.30000305175781
95.76000213623047
93.83000183105469
92.34000396728516
93.06000518798828
92.89000701904297
90.9800033569336
90.25000762939453
91.80000305175781
93.89000701904297
93.19000244140625
93.18000793457031
94.95001220703125
95.27000427246094
92.87001037597656
94.69001007080078
96.48001098632813
94.80000305175781
94.35000610351563
93.16000366210938
94.2800064086914
93.83000183105469
95.26000213623047
94.7800064086914
95.4800033569336
96.68000030517578
96.3800048828125
94.61000061035156
95.30000305175781
95.34000396728516
95.08000183105469
92.70000457763672
94.31999969482422
93.75
92.45001220703125
94.72000122070313
94.9800033569336
94.31000518798828
95.30999755859375
93.66000366210938
95.23001098632813
92.260009765625
91.98001098632813
91.22000885009766
94.260009765625
94.43000793457031
94.75
94.05000305175781
93.19000244140625
93.0300064086914
93.75
96.10000610351563
94.41000366210938
96.49000549316406
95.9800033569336
95.07000732421875
96.72000885009766
94.52999877929688
93.94000244140625
95.06000518798828
96.27999877929688
95.07000732421875
94.0300064086914
95.5300064086914
93.3499984741211
94.3600082397461
95.68000793457031
94.47000122070313
96.51000213623047
95.56999969482422
97.55000305175781
98.0300064086914
97.57000732421875
97.0999984741211
96.15000915527344
94.45000457763672
94.55001068115234
93.62000274658203
92.42000579833984
94.31999969482422
95.52000427246094
93.20000457763672
95.16999816894531
95.56000518798828
93.96000671386719
92.29000091552734
91.41000366210938
94.50000762939453
95.80001068115234
94.51000213623047
95.58999633789063
97.86000061035156
96.54000091552734
96.97000122070313
97.55000305175781
94.42000579833984
94.05000305175781
93.41000366210938
94.85000610351563
95.93000793457031
98.30001068115234
96.69999694824219
96.65000915527344
95.27000427246094
93.05000305175781
97.38999938964844
98.08999633789063
98.79000854492188
97.44000244140625
98.04000854492188
94.56000518798828
95.07000732421875
97.82000732421875
96.68000030517578
98.1600112915039
93.7300033569336
97.77000427246094
93.67000579833984
97.41000366210938
98.98001098632813
98.97000122070313
99.58000183105469
97.6500015258789
97.77000427246094
96.5300064086914
95.49000549316406
97.90000915527344
97.97000885009766
97.45001220703125
97.8800048828125
97.6300048828125
96.12000274658203
98.23001098632813
99.25
96.41999816894531
97.40000915527344
98.97000122070313
97.80999755859375
98.18000793457031
98.1100082397461
98.41000366210938
98.5
98.70001220703125
97.6500015258789
97.02000427246094
99.12001037597656
96.30000305175781
96.43000793457031
97.51000213623047
97.60000610351563
97.82000732421875
97.73001098632813
99.18000030517578
97.2800064086914
97.77000427246094
100.14000701904297
100.46000671386719
99.08000946044922
99.64000701904297
97.74000549316406
97.96000671386719
99.87000274658203
99.42000579833984
98.65000915527344
99.87000274658203
98.22000122070313
97.33000946044922
96.49000549316406
95.69000244140625
95.77999877929688
95.56000518798828
98.1300048828125
97.47000885009766
97.12001037597656
97.3800048828125
95.8499984741211
94.09000396728516
96.30000305175781
97.6500015258789
97.71000671386719
96.66000366210938
92.68000793457031
95.05000305175781
94.91000366210938
93.13999938964844
91.98001098632813
93.80000305175781
93.18000793457031
94.31000518798828
94.16000366210938
92.72000122070313
94.01000213623047
95.510009765625
92.84000396728516
94.10000610351563
94.44000244140625
94.41000366210938
93.46000671386719
90.96000671386719
92.93000030517578
92.80000305175781
91.62001037597656
91.6300048828125
91.52000427246094
91.39000701904297
89.33999633789063
91.71000671386719
91.10000610351563
90.77000427246094
91.92000579833984
92.66999816894531
90.87001037597656
91.93000793457031
91.99000549316406
92.66999816894531
89.5999984741211
91.30000305175781
90.5
93.05000305175781
93.52000427246094
93.55000305175781
92.66000366210938
92.32000732421875
92.85000610351563
93.52000427246094
92.6100082397461
92.73001098632813
92.05001068115234
90.510009765625
92.33000946044922
91.24000549316406
92.74000549316406
91.24000549316406
91.41999816894531
91.7800064086914
91.07000732421875
89.02000427246094
92.01000213623047
94.02000427246094
93.19000244140625
95.49000549316406
91.010009765625
92.96000671386719
95.24000549316406
91.74000549316406
92.84000396728516
94.760009765625
92.56000518798828
92.04000854492188
93.65000915527344
92.32000732421875
91.3800048828125
93.1300048828125
90.89000701904297
90.18000793457031
90.5
91.29000854492188
91.08000946044922
92.18000793457031
91.11000061035156
90.08000183105469
89.24000549316406
91.0300064086914
91.04000091552734
90.8499984741211
92.00000762939453
92.59001159667969
91.60000610351563
92.74000549316406
91.4000015258789
92.19001007080078
93.22000122070313
93.3499984741211
92.02000427246094
91.74000549316406
94.25
93.67000579833984
92.94000244140625
91.20001220703125
91.71000671386719
94.260009765625
93.76000213623047
93.85000610351563
94.8800048828125
91.87000274658203
92.01000213623047
92.42000579833984
91.75
93.010009765625
91.91000366210938
94.14000701904297
92.6100082397461
92.02000427246094
92.25
91.81000518798828
92.68000793457031
90.93000793457031
88.45000457763672
91.3600082397461
90.510009765625
91.5300064086914
91.37000274658203
91.61000061035156
93.45000457763672
88.72000885009766
90.42000579833984
90.37001037597656
91.88999938964844
91.90000915527344
91.93000793457031
91.90000915527344
91.29000854492188
91.69999694824219
92.11000061035156
92.6300048828125
93.95000457763672
95.77000427246094
92.52999877929688
92.00000762939453
92.59001159667969
92.80000305175781
93.63999938964844
93.1100082397461
93.1100082397461
92.6300048828125
92.42000579833984
92.06000518798828
92.2800064086914
91.64000701904297
94.55001068115234
94.14000701904297
92.85000610351563
90.77999877929688
94.35000610351563
91.31000518798828
92.2800064086914
94.31999969482422
94.22000885009766
95.32000732421875
95.5
94.8800048828125
96.54000091552734
96.44000244140625
94.38999938964844
93.57000732421875
92.77000427246094
95.6300048828125
94.6300048828125
95.25000762939453
95.42000579833984
96.83999633789063
94.8800048828125
93.6300048828125
98.36000061035156
95.27000427246094
95.96000671386719
96.74000549316406
97.18000793457031
98.5300064086914
95.8800048828125
96.60000610351563
96.41999816894531
96.05000305175781
95.3800048828125
96.92000579833984
95.63999938964844
99.68000793457031
98.46000671386719
99.84000396728516
99.2300033569336
96.27999877929688
98.6300048828125
96.64000701904297
98.96000671386719
98.94000244140625
96.16000366210938
95.05000305175781
97.52000427246094
98.7300033569336
96.80000305175781
93.97000122070313
95.56000518798828
96.08000946044922
96.20001220703125
96.90000915527344
94.41000366210938
93.0
96.60000610351563
96.12000274658203
99.11000061035156
99.5999984741211
97.40000915527344
96.18000030517578
95.65000915527344
91.95000457763672
93.66000366210938
94.8800048828125
96.31000518798828
95.65000915527344
93.62000274658203
96.67000579833984
95.29000091552734
95.0
93.57000732421875
94.71000671386719
92.23999786376953
92.18000793457031
93.19000244140625
93.0300064086914
94.6500015258789
94.08000183105469
94.75
93.75
92.37000274658203
93.3800048828125
92.87001037597656
94.6500015258789
92.77000427246094
93.5300064086914
92.94000244140625
93.97000122070313
93.66000366210938
93.83000183105469
92.82000732421875
91.7300033569336
91.6300048828125
92.3800048828125
92.40000915527344
92.4800033569336
93.41000366210938
93.93000793457031
94.31000518798828
92.52000427246094
93.59000396728516
92.9800033569336
93.37001037597656
94.04000091552734
93.39000701904297
93.52000427246094
93.27999877929688
93.08000183105469
92.71000671386719
94.85000610351563
93.69000244140625
94.12001037597656
92.44000244140625
95.9000015258789
92.86000061035156
93.7300033569336
92.49000549316406
93.36000061035156
93.26000213623047
90.82000732421875
92.97000885009766
91.87000274658203
95.34000396728516
94.09000396728516
96.67000579833984
97.45001220703125
98.18000793457031
95.83000183105469
94.2300033569336
94.33999633789063
95.27000427246094
98.36000061035156
98.91000366210938
96.4000015258789
92.77000427246094
94.71000671386719
95.0
92.6500015258789
94.43000793457031
96.81999969482422
94.10000610351563
96.80000305175781
97.99000549316406
94.86000061035156
94.38999938964844
97.25
95.63999938964844
94.77000427246094
96.10000610351563
95.39000701904297
96.20001220703125
97.04000854492188
95.6300048828125
96.46000671386719
96.34001159667969
96.79000854492188
95.91000366210938
93.87000274658203
96.88999938964844
98.8600082397461
97.55000305175781
96.25
97.47000885009766
96.27000427246094
99.92000579833984
98.69000244140625
97.43000030517578
97.54000854492188
97.16000366210938
94.73999786376953
93.67000579833984
96.83000183105469
98.58000946044922
96.5300064086914
96.52000427246094
97.22000122070313
97.02999877929688
96.06001281738281
93.41999816894531
96.0300064086914
96.65000915527344
98.54000091552734
93.76000213623047
96.41999816894531
94.70000457763672
94.91000366210938
95.1500015258789
95.24000549316406
94.7300033569336
95.84000396728516
95.70000457763672
93.08999633789063
96.15000915527344
95.8499984741211
94.02000427246094
93.84001159667969
94.11000061035156
93.44001007080078
93.59000396728516
94.8800048828125
90.94001007080078
93.48999786376953
93.18000793457031
92.93000030517578
93.1300048828125
93.83000183105469
93.66000366210938
93.06000518798828
93.3499984741211
94.3800048828125
92.30000305175781
94.33000183105469
93.32000732421875
91.33000183105469
92.59001159667969
91.75
91.27999877929688
93.12000274658203
95.2800064086914
95.60000610351563
95.83000183105469
93.23001098632813
94.66999816894531
93.84001159667969
94.31999969482422
94.68000793457031
95.12000274658203
95.77000427246094
95.43000030517578
97.12001037597656
95.29000091552734
95.65000915527344
97.52999877929688
92.68000793457031
93.34000396728516
92.260009765625
93.0300064086914
90.12000274658203
91.95000457763672
91.13999938964844
92.37000274658203
90.96000671386719
91.0300064086914
93.45000457763672
90.72999572753906
92.1300048828125
92.16000366210938
92.06000518798828
90.33000183105469
92.1300048828125
90.02999877929688
91.0300064086914
92.66999816894531
92.41000366210938
91.04000091552734
93.68000030517578
93.70001220703125
94.71000671386719
95.8800048828125
95.70000457763672
96.68000030517578
96.88999938964844
94.7300033569336
97.30000305175781
97.57000732421875
96.83999633789063
97.57000732421875
95.43000030517578
94.16000366210938
96.21000671386719
96.39000701904297
95.62000274658203
94.80000305175781
91.49000549316406
90.52000427246094
92.09000396728516
91.64000701904297
95.20000457763672
92.84000396728516
92.44000244140625
93.81000518798828
94.04000091552734
89.69001007080078
92.16000366210938
90.8499984741211
90.58999633789063
90.44000244140625
89.86000061035156
90.20000457763672
89.760009765625
90.49000549316406
89.69001007080078
87.35000610351563
86.31000518798828
92.21000671386719
90.08000183105469
88.60000610351563
91.48001098632813
89.95001220703125
88.74000549316406
89.54000854492188
92.82000732421875
89.6300048828125
90.65000915527344
89.41000366210938
89.01000213623047
91.30000305175781
94.12001037597656
91.94000244140625
90.18000793457031
90.42000579833984
92.45001220703125
90.98999786376953
93.36000061035156
91.51000213623047
90.93000793457031
91.75
91.2300033569336
91.11000061035156
92.16000366210938
94.86000061035156
94.70000457763672
94.25
94.93000030517578
95.65000915527344
96.57000732421875
90.44000244140625
91.61000061035156
92.62000274658203
91.04000091552734
90.1500015258789
90.63999938964844
94.5999984741211
94.31000518798828
93.20999908447266
92.05001068115234
91.17000579833984
93.22000122070313
91.90000915527344
94.33000183105469
92.52000427246094
92.16000366210938
94.79000091552734
93.30001068115234
94.49000549316406
93.22000122070313
94.52000427246094
93.93000793457031
91.7800064086914
93.75
92.21000671386719
92.70000457763672
93.57000732421875
93.87000274658203
95.47000885009766
94.62001037597656
95.07000732421875
92.44000244140625
92.23999786376953
94.69001007080078
93.13999938964844
94.52999877929688
92.4800033569336
92.1500015258789
92.41000366210938
94.35000610351563
92.76000213623047
92.21000671386719
91.12000274658203
90.89000701904297
92.91000366210938
94.05000305175781
91.6300048828125
91.7300033569336
94.3600082397461
92.86000061035156
91.88999938964844
93.27000427246094
91.95999908447266
93.1300048828125
93.69000244140625
95.25000762939453
92.74000549316406
92.87001037597656
92.19001007080078
94.11000061035156
95.1500015258789
94.31000518798828
94.17000579833984
92.40000915527344
93.56001281738281
90.60000610351563
91.49000549316406
90.66000366210938
92.55000305175781
92.3800048828125
93.27999877929688
91.8600082397461
92.12001037597656
90.9000015258789
89.61000061035156
88.3499984741211
91.06001281738281
90.34000396728516
90.46000671386719
91.06001281738281
90.0
89.68000793457031
90.02999877929688
89.02000427246094
91.06001281738281
89.09000396728516
91.39000701904297
93.15000915527344
94.02000427246094
95.75000762939453
90.91999816894531
92.41000366210938
92.36000061035156
91.3600082397461
90.93000793457031
89.79000091552734
90.8800048828125
93.83000183105469
93.54000091552734
93.5
95.37001037597656
94.37000274658203
94.70000457763672
98.85000610351563
97.33000946044922
96.760009765625
97.02000427246094
93.83000183105469
95.30999755859375
95.2800064086914
93.91000366210938
93.99000549316406
94.25
92.72000122070313
92.52999877929688
94.15000915527344
91.95999908447266
92.02000427246094
93.4000015258789
92.27000427246094
93.47000122070313
92.40000915527344
91.41999816894531
91.46000671386719
91.0300064086914
91.87000274658203
90.21000671386719
90.16999816894531
90.30000305175781
91.45000457763672
89.33999633789063
89.56000518798828
90.26000213623047
92.83000183105469
91.1300048828125
90.69000244140625
90.56999969482422
91.30000305175781
90.47000885009766
90.67000579833984
90.06999969482422
91.75
89.21000671386719
89.16000366210938
88.87000274658203
89.61000061035156
90.93000793457031
92.02999877929688
90.91999816894531
91.15000915527344
91.77000427246094
94.41000366210938
94.12001037597656
96.09000396728516
96.11000061035156
97.55000305175781
96.1300048828125
95.19000244140625
94.7800064086914
95.5
93.55000305175781
87.71000671386719
90.01000213623047
89.80000305175781
92.23999786376953
90.6300048828125
90.9000015258789
90.79000854492188
90.1100082397461
91.52000427246094
89.58000183105469
90.35000610351563
92.66999816894531
90.69000244140625
92.69000244140625
92.16000366210938
91.6500015258789
91.7300033569336
92.33000946044922
90.77999877929688
90.77000427246094
89.52999877929688
92.02999877929688
91.48001098632813
92.36000061035156
91.43000793457031
91.04000091552734
92.2800064086914
90.35000610351563
91.67000579833984
94.49000549316406
96.72000885009766
95.1500015258789
93.79000854492188
91.010009765625
93.3499984741211
92.66999816894531
95.19000244140625
91.69999694824219
93.84001159667969
93.81000518798828
95.55000305175781
95.96000671386719
90.62000274658203
89.62001037597656
88.77999877929688
92.52000427246094
93.6300048828125
93.89000701904297
91.35000610351563
89.57000732421875
89.6300048828125
88.91000366210938
90.72999572753906
95.19000244140625
94.9800033569336
94.14000701904297
93.06999969482422
90.55000305175781
89.83000946044922
90.1100082397461
91.29000854492188
92.23999786376953
91.60000610351563
92.2300033569336
95.27000427246094
92.56000518798828
90.65000915527344
88.6300048828125
90.54000854492188
89.70000457763672
88.89000701904297
89.30000305175781
92.75000762939453
87.77000427246094
89.05999755859375
87.82000732421875
91.19000244140625
88.85000610351563
92.92000579833984
93.41999816894531
93.54000091552734
93.58000946044922
93.61000061035156
95.42000579833984
93.08999633789063
93.93000793457031
93.91000366210938
93.52000427246094
93.91000366210938
94.21000671386719
93.56001281738281
93.63999938964844
93.45000457763672
93.68000030517578
94.9800033569336
95.08000183105469
93.41999816894531
95.18000793457031
94.62001037597656
95.1100082397461
91.92000579833984
93.81999969482422
94.84000396728516
95.46000671386719
93.68000030517578
95.8499984741211
95.34000396728516
94.68000793457031
94.24000549316406
94.260009765625
94.19000244140625
93.85000610351563
93.29000854492188
93.510009765625
94.43000793457031
94.04000091552734
93.93000793457031
94.43000793457031
96.88999938964844
95.8499984741211
94.50000762939453
92.79000091552734
93.67000579833984
92.69000244140625
92.20000457763672
92.80000305175781
93.6300048828125
94.66000366210938
95.74000549316406
94.05999755859375
93.81000518798828
94.56000518798828
93.25000762939453
93.67000579833984
95.34000396728516
95.81000518798828
96.72000885009766
95.52000427246094
96.25
97.22000122070313
95.67000579833984
96.69999694824219
95.1500015258789
95.77999877929688
95.25000762939453
96.7300033569336
96.1300048828125
96.12000274658203
94.97000885009766
96.81999969482422
95.30000305175781
95.35000610351563
94.00000762939453
94.33999633789063
93.69000244140625
94.31000518798828
91.71000671386719
92.8800048828125
93.08000183105469
92.76000213623047
92.55000305175781
93.20000457763672
92.8800048828125
93.27999877929688
93.67000579833984
93.010009765625
93.41999816894531
94.07000732421875
93.95000457763672
92.64000701904297
94.00000762939453
94.99000549316406
93.55000305175781
94.24000549316406
95.1100082397461
96.91000366210938
95.27000427246094
94.95001220703125
94.27000427246094
96.72000885009766
94.51000213623047
94.15000915527344
95.43000030517578
94.70000457763672
94.3600082397461
94.94000244140625
95.68000793457031
94.7300033569336
95.60000610351563
95.06000518798828
96.09000396728516
94.42000579833984
95.5
96.3800048828125
97.06000518798828
96.94000244140625
94.90000915527344
94.85000610351563
94.5999984741211
95.86000061035156
94.8800048828125
95.44999694824219
95.79000854492188
96.2300033569336
92.66000366210938
94.24000549316406
94.73999786376953
93.06000518798828
95.39000701904297
96.29000854492188
95.24000549316406
94.70000457763672
96.4000015258789
96.27000427246094
96.72000885009766
94.54000854492188
93.41999816894531
93.81999969482422
96.11000061035156
95.35000610351563
94.51000213623047
94.80000305175781
92.34000396728516
93.7300033569336
92.12001037597656
92.89000701904297
93.27999877929688
94.55001068115234
94.91000366210938
94.8800048828125
95.0
93.74000549316406
95.73001098632813
93.8800048828125
93.43000793457031
93.70001220703125
95.07000732421875
94.56000518798828
94.7300033569336
96.91000366210938
94.66999816894531
92.64000701904297
94.18000030517578
94.44000244140625
94.38999938964844
96.33000183105469
94.66999816894531
95.30000305175781
94.760009765625
94.94000244140625
94.7300033569336
92.94999694824219
93.46000671386719
96.20001220703125
94.19999694824219
94.16000366210938
95.16999816894531
94.94000244140625
93.17000579833984
93.74000549316406
93.96000671386719
94.87000274658203
93.16000366210938
93.12000274658203
95.06000518798828
93.41000366210938
92.80000305175781
93.24000549316406
95.09001159667969
93.58000946044922
95.20000457763672
93.63999938964844
94.760009765625
92.89000701904297
94.25
96.41999816894531
93.47000122070313
96.93000793457031
94.45000457763672
94.62001037597656
95.56000518798828
94.49000549316406
95.4800033569336
94.6500015258789
94.75
94.81001281738281
95.07000732421875
96.55000305175781
97.16999816894531
96.18000030517578
96.0300064086914
96.92000579833984
96.72000885009766
97.51000213623047
97.16999816894531
95.91000366210938
96.92000579833984
95.08000183105469
95.83000183105469
96.52000427246094
97.80999755859375
96.27000427246094
95.5300064086914
96.8800048828125
97.79000091552734
97.69000244140625
96.57000732421875
97.77000427246094
97.260009765625
95.19000244140625
95.99000549316406
94.00000762939453
95.2800064086914
95.56000518798828
94.56000518798828
93.55000305175781
94.99000549316406
94.3800048828125
93.23001098632813
94.44000244140625
94.66000366210938
95.62000274658203
94.79000091552734
94.47000122070313
95.65000915527344
94.07000732421875
95.55000305175781
94.30000305175781
92.31001281738281
93.12000274658203
92.6500015258789
93.27999877929688
93.93000793457031
93.48999786376953
94.12001037597656
93.94000244140625
91.47000122070313
93.05000305175781
94.42000579833984
94.48001098632813
94.77000427246094
95.21000671386719
94.64000701904297
95.81000518798828
93.76000213623047
95.02000427246094
94.70000457763672
94.0300064086914
93.91000366210938
94.83000946044922
94.2300033569336
96.04000091552734
96.47000122070313
97.59001159667969
97.0999984741211
95.94001007080078
94.69001007080078
95.06000518798828
96.58000183105469
95.99000549316406
94.90000915527344
94.94000244140625
95.95000457763672
94.760009765625
94.29000854492188
94.17000579833984
94.95001220703125
96.72000885009766
96.010009765625
97.68000793457031
97.84000396728516
96.31000518798828
96.20001220703125
95.1500015258789
95.58000183105469
95.27000427246094
92.14000701904297
93.96000671386719
94.25
95.04000854492188
92.89000701904297
92.86000061035156
94.19999694824219
93.27000427246094
93.23001098632813
93.55000305175781
95.37001037597656
95.02999877929688
95.4800033569336
94.16000366210938
94.72000122070313
94.86000061035156
95.5
93.67000579833984
94.61000061035156
94.260009765625
95.42000579833984
95.23001098632813
94.56000518798828
96.61000061035156
95.47000885009766
94.54000854492188
96.0300064086914
96.09000396728516
95.33000183105469
96.24000549316406
94.97000885009766
95.83000183105469
95.56999969482422
95.68000793457031
94.77000427246094
94.90000915527344
94.42000579833984
93.1300048828125
94.94000244140625
95.08000183105469
95.24000549316406
95.36000061035156
94.99000549316406
96.25
96.46000671386719
97.6300048828125
96.95999908447266
98.75
97.75000762939453
97.2800064086914
95.79000854492188
96.41999816894531
94.17000579833984
93.5300064086914
93.79000854492188
95.87001037597656
95.65000915527344
95.4800033569336
95.77999877929688
96.99000549316406
96.46000671386719
97.31001281738281
97.68000793457031
97.6100082397461
97.19001007080078
97.94999694824219
95.40000915527344
96.27999877929688
97.87001037597656
97.5
96.30000305175781
95.9800033569336
96.09000396728516
95.73001098632813
94.88999938964844
93.8600082397461
94.02000427246094
93.67000579833984
94.64000701904297
95.39000701904297
94.77000427246094
94.99000549316406
95.56000518798828
96.44000244140625
95.8499984741211
96.13999938964844
95.84000396728516
95.14000701904297
96.49000549316406
97.08000183105469
97.77000427246094
96.67000579833984
95.24000549316406
95.56999969482422
95.26000213623047
97.3800048828125
96.61000061035156
97.54000854492188
97.56000518798828
98.27000427246094
99.14000701904297
98.8600082397461
99.81001281738281
99.27000427246094
98.20000457763672
99.54000854492188
99.0300064086914
98.44001007080078
96.69999694824219
95.70000457763672
96.67000579833984
95.65000915527344
95.32000732421875
95.1500015258789
94.64000701904297
95.510009765625
93.8600082397461
95.16999816894531
94.73999786376953
94.0300064086914
96.31000518798828
95.89000701904297
96.08000946044922
97.77000427246094
97.47000885009766
95.75000762939453
94.66000366210938
94.30000305175781
95.18000793457031
94.84000396728516
94.91000366210938
95.30000305175781
94.84000396728516
93.9000015258789
95.40000915527344
96.16000366210938
95.510009765625
96.19000244140625
96.07000732421875
97.00000762939453
97.11000061035156
95.81000518798828
95.44000244140625
97.18000793457031
94.9800033569336
97.3800048828125
