96.13999938964844
97.72000122070313
96.48001098632813
96.52000427246094
96.65000915527344
97.18000793457031
98.25000762939453
96.64000701904297
95.24000549316406
95.8800048828125
96.5300064086914
96.25
97.64000701904297
98.81000518798828
98.61000061035156
99.30000305175781
99.50000762939453
98.58000946044922
99.12001037597656
96.87000274658203
96.81000518798828
99.30000305175781
98.31000518798828
97.6300048828125
96.69999694824219
98.0300064086914
98.44001007080078
96.99000549316406
96.81999969482422
98.34000396728516
96.7800064086914
95.24000549316406
95.34000396728516
97.66999816894531
94.82000732421875
94.79000091552734
98.69000244140625
97.09000396728516
96.61000061035156
95.40000915527344
97.41000366210938
97.7800064086914
96.15000915527344
96.5300064086914
97.59001159667969
97.08000183105469
97.12001037597656
97.00000762939453
97.12001037597656
95.05000305175781
97.260009765625
95.1300048828125
97.38999938964844
98.61000061035156
98.4800033569336
98.91999816894531
98.76000213623047
99.49000549316406
97.85000610351563
98.87000274658203
97.86000061035156
96.44000244140625
98.29000854492188
96.83999633789063
97.40000915527344
96.95000457763672
96.33000183105469
96.27000427246094
95.40000915527344
97.91000366210938
95.8499984741211
96.90000915527344
96.5300064086914
96.58000183105469
96.72000885009766
96.8800048828125
96.39000701904297
95.12000274658203
94.71000671386719
95.27000427246094
99.25
99.05999755859375
98.45000457763672
99.52000427246094
98.87000274658203
97.30000305175781
98.45000457763672
99.8800048828125
97.06000518798828
95.83000183105469
96.33000183105469
94.82000732421875
94.10000610351563
95.62000274658203
95.39000701904297
93.510009765625
95.39000701904297
92.60000610351563
94.10000610351563
95.16000366210938
95.43000030517578
94.37000274658203
97.74000549316406
97.99000549316406
96.58000183105469
96.010009765625
96.32000732421875
96.68000030517578
97.33000946044922
97.20000457763672
98.65000915527344
98.96000671386719
97.60000610351563
98.81000518798828
99.33000183105469
99.40000915527344
98.93000793457031
97.05001068115234
96.88999938964844
100.06000518798828
97.80999755859375
95.82000732421875
97.18000793457031
96.57000732421875
95.49000549316406
98.1300048828125
98.02000427246094
97.40000915527344
98.63999938964844
97.46000671386719
94.54000854492188
93.30001068115234
93.62000274658203
94.17000579833984
95.96000671386719
96.0
95.01000213623047
96.8800048828125
93.05000305175781
92.74000549316406
94.50000762939453
93.41000366210938
92.43000030517578
92.89000701904297
93.3499984741211
94.81001281738281
93.22000122070313
94.70000457763672
93.58000946044922
94.17000579833984
93.7300033569336
96.11000061035156
95.49000549316406
95.01000213623047
93.43000793457031
93.20999908447266
92.49000549316406
94.29000854492188
94.66000366210938
94.04000091552734
92.54000854492188
93.68000030517578
92.66000366210938
94.9800033569336
94.35000610351563
94.2800064086914
94.19000244140625
93.56001281738281
94.5999984741211
93.20000457763672
93.63999938964844
94.91000366210938
92.59001159667969
93.5300064086914
91.92000579833984
94.29000854492188
92.42000579833984
95.66000366210938
95.77999877929688
96.7300033569336
96.81000518798828
94.90000915527344
94.52000427246094
94.43000793457031
94.90000915527344
95.81000518798828
95.66000366210938
96.29000854492188
96.64000701904297
96.16000366210938
95.22000122070313
95.84000396728516
95.29000091552734
97.16000366210938
93.81000518798828
95.07000732421875
95.04000854492188
95.72000122070313
95.25000762939453
93.23001098632813
94.15000915527344
94.21000671386719
94.8800048828125
94.88999938964844
94.95001220703125
94.44000244140625
92.07000732421875
95.39000701904297
94.3800048828125
95.30000305175781
95.09001159667969
94.43000793457031
94.09000396728516
93.25000762939453
94.72000122070313
94.00000762939453
93.69000244140625
92.73001098632813
92.60000610351563
92.30000305175781
94.31000518798828
94.69001007080078
93.54000091552734
94.33999633789063
92.6100082397461
93.43000793457031
93.77000427246094
93.43000793457031
93.9000015258789
94.8800048828125
93.87000274658203
92.45001220703125
93.94000244140625
93.3800048828125
92.20000457763672
92.49000549316406
92.33000946044922
92.42000579833984
92.55000305175781
91.77000427246094
92.93000030517578
93.24000549316406
92.9800033569336
93.96000671386719
92.80000305175781
92.2300033569336
91.94000244140625
91.08000946044922
92.62000274658203
88.89000701904297
92.8800048828125
91.55999755859375
91.57000732421875
93.52000427246094
92.34000396728516
93.4800033569336
93.20000457763672
92.75000762939453
92.82000732421875
93.41000366210938
94.10000610351563
93.77000427246094
91.94000244140625
94.33000183105469
92.82000732421875
92.92000579833984
93.8600082397461
92.1500015258789
92.16000366210938
94.18000030517578
94.50000762939453
94.82000732421875
94.73999786376953
93.84001159667969
93.76000213623047
93.27000427246094
95.6100082397461
95.52000427246094
95.49000549316406
95.23001098632813
95.39000701904297
94.16000366210938
96.30000305175781
95.1100082397461
93.93000793457031
94.71000671386719
94.2800064086914
94.55001068115234
93.24000549316406
94.48001098632813
94.05000305175781
94.14000701904297
93.85000610351563
92.29000091552734
95.06000518798828
94.71000671386719
97.97000885009766
95.70999908447266
97.54000854492188
98.37001037597656
96.45000457763672
96.3800048828125
93.54000091552734
94.56000518798828
94.04000091552734
95.60000610351563
94.64000701904297
96.760009765625
97.94999694824219
95.06000518798828
95.93000793457031
94.50000762939453
96.10000610351563
97.31001281738281
96.34001159667969
96.77000427246094
96.97000122070313
97.5
97.40000915527344
96.69999694824219
97.80000305175781
97.07000732421875
97.08000183105469
95.24000549316406
94.18000030517578
94.8800048828125
94.5999984741211
95.33000183105469
96.010009765625
94.3800048828125
95.66000366210938
95.24000549316406
96.93000793457031
95.10000610351563
95.40000915527344
95.40000915527344
96.3800048828125
96.65000915527344
96.87000274658203
96.29000854492188
97.87001037597656
97.21000671386719
96.69999694824219
96.93000793457031
96.87000274658203
95.55000305175781
97.45001220703125
95.52000427246094
97.72000122070313
97.3800048828125
96.3600082397461
96.27000427246094
95.63999938964844
96.49000549316406
94.54000854492188
95.65000915527344
96.37000274658203
96.79000854492188
95.56999969482422
95.43000030517578
97.79000091552734
97.1500015258789
96.8600082397461
96.16000366210938
96.11000061035156
96.24000549316406
94.97000885009766
93.89000701904297
93.68000030517578
93.48999786376953
94.41000366210938
95.29000091552734
96.08000946044922
95.44999694824219
96.55000305175781
96.37000274658203
95.80001068115234
94.17000579833984
92.52999877929688
93.72000885009766
93.68000030517578
93.26000213623047
95.75000762939453
95.5300064086914
93.8800048828125
94.05999755859375
95.24000549316406
95.29000091552734
94.24000549316406
94.73999786376953
95.32000732421875
95.9000015258789
96.48001098632813
97.55000305175781
93.59000396728516
96.99000549316406
97.55000305175781
98.0300064086914
96.8600082397461
96.64000701904297
94.99000549316406
94.43000793457031
97.32000732421875
94.57000732421875
95.58000183105469
94.56000518798828
95.94001007080078
96.760009765625
95.16999816894531
94.16000366210938
94.66000366210938
93.4800033569336
94.66000366210938
93.0300064086914
93.96000671386719
93.7300033569336
94.94000244140625
93.02000427246094
93.81999969482422
93.13999938964844
94.09000396728516
93.5
92.58000183105469
91.94000244140625
94.44000244140625
93.71000671386719
94.86000061035156
91.69000244140625
94.04000091552734
94.31999969482422
96.20001220703125
95.74000549316406
96.05000305175781
95.10000610351563
96.57000732421875
97.62000274658203
97.97000885009766
96.18000030517578
96.05000305175781
96.04000091552734
98.15000915527344
96.62001037597656
96.45000457763672
95.96000671386719
96.54000091552734
94.75
95.07000732421875
95.58000183105469
94.72000122070313
96.09000396728516
96.08000946044922
97.4800033569336
96.54000091552734
95.80001068115234
97.41000366210938
95.58000183105469
95.54000854492188
94.81001281738281
95.97000122070313
96.83999633789063
96.69999694824219
95.08000183105469
95.96000671386719
96.19000244140625
96.49000549316406
99.40000915527344
99.21000671386719
97.34000396728516
97.02000427246094
97.94000244140625
97.45001220703125
97.94000244140625
98.10000610351563
97.31001281738281
99.3600082397461
97.97000885009766
97.59001159667969
97.35000610351563
96.30000305175781
96.57000732421875
93.81999969482422
96.72000885009766
95.32000732421875
95.26000213623047
94.30000305175781
95.3800048828125
94.57000732421875
96.90000915527344
94.80000305175781
95.0
93.20999908447266
92.7800064086914
95.43000030517578
94.81001281738281
94.14000701904297
92.7800064086914
92.71000671386719
95.02000427246094
94.99000549316406
95.72000122070313
95.70999908447266
96.08000946044922
96.34001159667969
96.02000427246094
95.84000396728516
93.27000427246094
92.82000732421875
93.57000732421875
91.010009765625
92.40000915527344
93.66000366210938
94.08000183105469
96.09000396728516
94.66000366210938
94.49000549316406
92.1500015258789
94.72000122070313
93.91000366210938
95.73001098632813
91.99000549316406
92.52000427246094
94.6500015258789
93.84001159667969
90.67000579833984
93.58000946044922
93.52000427246094
94.00000762939453
96.48001098632813
93.72000885009766
93.76000213623047
94.66999816894531
91.99000549316406
93.84001159667969
92.64000701904297
93.52000427246094
94.19000244140625
93.31000518798828
93.15000915527344
94.47000122070313
93.34000396728516
93.63999938964844
93.29000854492188
92.70000457763672
92.20000457763672
92.90000915527344
93.46000671386719
92.90000915527344
94.2300033569336
93.99000549316406
95.58999633789063
94.40000915527344
93.8600082397461
92.11000061035156
94.12001037597656
95.8499984741211
95.1100082397461
95.08000183105469
93.19000244140625
90.79000854492188
90.79000854492188
91.02000427246094
91.69000244140625
94.12001037597656
95.46000671386719
92.77000427246094
92.66000366210938
91.81999969482422
91.48001098632813
92.36000061035156
91.45000457763672
90.65000915527344
92.64000701904297
92.73001098632813
93.70001220703125
93.44001007080078
95.33000183105469
95.02999877929688
93.31000518798828
96.22000885009766
93.60000610351563
97.3800048828125
94.37000274658203
94.45000457763672
96.25
96.35000610351563
95.95000457763672
95.08000183105469
94.62001037597656
95.35000610351563
92.11000061035156
92.4800033569336
93.0
94.22000885009766
95.16999816894531
92.86000061035156
93.8800048828125
91.74000549316406
91.74000549316406
93.08000183105469
92.90000915527344
93.56001281738281
97.6300048828125
91.20001220703125
89.1300048828125
90.9800033569336
90.56999969482422
89.99000549316406
91.760009765625
92.47000885009766
91.81999969482422
91.87000274658203
93.22000122070313
92.14000701904297
94.52999877929688
92.11000061035156
92.23999786376953
92.43000030517578
92.6500015258789
94.18000030517578
97.80000305175781
96.54000091552734
95.02000427246094
96.02000427246094
97.02999877929688
96.29000854492188
98.49000549316406
96.49000549316406
98.26000213623047
98.15000915527344
97.07000732421875
97.40000915527344
93.36000061035156
93.05000305175781
90.98999786376953
91.61000061035156
90.95000457763672
91.74000549316406
91.48001098632813
91.15000915527344
93.510009765625
94.2800064086914
94.85000610351563
95.0
93.06000518798828
93.10000610351563
92.46000671386719
93.08999633789063
92.33000946044922
93.37001037597656
91.44000244140625
93.60000610351563
92.45001220703125
93.3800048828125
93.6300048828125
94.55001068115234
93.4800033569336
92.32000732421875
92.45001220703125
91.50000762939453
93.20000457763672
93.71000671386719
92.40000915527344
91.83999633789063
94.30000305175781
93.06000518798828
92.2800064086914
92.43000030517578
91.93000793457031
93.18000793457031
91.48001098632813
91.29000854492188
91.95000457763672
91.99000549316406
91.12000274658203
91.41999816894531
91.4000015258789
92.08000183105469
93.27999877929688
91.95999908447266
93.41000366210938
93.79000854492188
93.91999816894531
94.51000213623047
94.25
93.32000732421875
93.27999877929688
93.52000427246094
92.80000305175781
92.91000366210938
93.24000549316406
90.84000396728516
92.25
92.38999938964844
90.72999572753906
92.59001159667969
92.05001068115234
92.58000183105469
93.06999969482422
91.6500015258789
91.52000427246094
90.5
90.96000671386719
91.20001220703125
92.12001037597656
91.74000549316406
91.4000015258789
91.77000427246094
90.8499984741211
90.47000885009766
92.75000762939453
92.02000427246094
91.34001159667969
91.85000610351563
91.7800064086914
91.7300033569336
92.6500015258789
90.89000701904297
91.37000274658203
91.74000549316406
91.54000091552734
92.05001068115234
92.1500015258789
91.2300033569336
90.91000366210938
90.20000457763672
91.52000427246094
93.39000701904297
93.23001098632813
92.91000366210938
92.46000671386719
92.76000213623047
92.56999969482422
91.2300033569336
90.72999572753906
89.59000396728516
91.48001098632813
90.69000244140625
88.6300048828125
91.67000579833984
94.10000610351563
91.94000244140625
92.69000244140625
91.39000701904297
92.07000732421875
92.2800064086914
91.5300064086914
92.1300048828125
92.82000732421875
91.10000610351563
93.66000366210938
93.91000366210938
93.71000671386719
92.96000671386719
93.37001037597656
93.20999908447266
93.91999816894531
92.80999755859375
93.5
93.34000396728516
94.30000305175781
92.85000610351563
93.54000091552734
92.80000305175781
90.93000793457031
91.17000579833984
91.75
90.97000122070313
91.83000183105469
92.33000946044922
90.1100082397461
90.9000015258789
90.47000885009766
91.68000030517578
91.15000915527344
90.94001007080078
92.37000274658203
87.47000885009766
92.38999938964844
92.01000213623047
90.56000518798828
91.80000305175781
91.21000671386719
92.2800064086914
91.94000244140625
92.16000366210938
93.47000122070313
90.4000015258789
90.86000061035156
91.10000610351563
90.39000701904297
90.510009765625
92.59001159667969
91.88999938964844
90.08000183105469
90.22000122070313
92.66999816894531
92.00000762939453
92.69000244140625
93.0300064086914
93.80000305175781
92.77000427246094
91.45000457763672
93.08000183105469
92.97000885009766
93.29000854492188
92.1300048828125
92.01000213623047
94.45000457763672
93.48999786376953
92.23999786376953
92.6300048828125
94.49000549316406
93.81000518798828
93.37001037597656
94.16000366210938
95.0
94.14000701904297
94.7300033569336
93.59000396728516
95.08000183105469
96.27000427246094
93.44001007080078
94.82000732421875
94.80000305175781
94.09000396728516
96.49000549316406
94.66999816894531
94.1300048828125
94.80000305175781
94.27000427246094
94.2300033569336
93.26000213623047
92.83000183105469
93.79000854492188
92.43000030517578
93.12000274658203
93.52000427246094
92.6100082397461
93.33000183105469
93.89000701904297
94.38999938964844
93.74000549316406
95.49000549316406
95.77999877929688
94.71000671386719
93.93000793457031
93.010009765625
94.55001068115234
94.40000915527344
94.260009765625
96.12000274658203
95.30999755859375
93.84001159667969
95.74000549316406
93.69000244140625
93.99000549316406
94.59000396728516
95.06000518798828
95.36000061035156
95.47000885009766
96.010009765625
95.18000793457031
94.59000396728516
95.8800048828125
94.24000549316406
96.19000244140625
96.67000579833984
96.08000946044922
95.65000915527344
96.32000732421875
95.55000305175781
95.95000457763672
95.91000366210938
94.29000854492188
93.98001098632813
94.01000213623047
91.27999877929688
95.0
93.31000518798828
95.63999938964844
95.77000427246094
94.22000885009766
94.52000427246094
95.16999816894531
94.07000732421875
94.64000701904297
94.73999786376953
93.61000061035156
94.04000091552734
93.63999938964844
96.50000762939453
94.42000579833984
94.22000885009766
95.04000854492188
96.24000549316406
93.22000122070313
95.1300048828125
94.44000244140625
94.5999984741211
95.1300048828125
91.91000366210938
95.77000427246094
93.99000549316406
95.5300064086914
93.84001159667969
95.0
94.73999786376953
95.52000427246094
95.8800048828125
95.6300048828125
96.04000091552734
95.62000274658203
94.59000396728516
94.21000671386719
93.3800048828125
93.54000091552734
92.87001037597656
93.91999816894531
93.33000183105469
93.69000244140625
94.38999938964844
93.57000732421875
93.72000885009766
93.33000183105469
94.95001220703125
94.59000396728516
93.8800048828125
94.27000427246094
93.52000427246094
93.66000366210938
93.54000091552734
94.75
92.96000671386719
94.17000579833984
95.54000854492188
95.9000015258789
93.32000732421875
92.58000183105469
92.56000518798828
94.6500015258789
96.34001159667969
93.05000305175781
93.8600082397461
92.90000915527344
91.57000732421875
94.43000793457031
93.43000793457031
94.08000183105469
92.16000366210938
92.45001220703125
92.70000457763672
93.17000579833984
91.04000091552734
93.3800048828125
93.05000305175781
91.71000671386719
92.54000854492188
94.260009765625
93.08000183105469
92.8800048828125
92.6300048828125
94.19000244140625
94.27000427246094
91.10000610351563
94.37000274658203
91.46000671386719
92.94000244140625
94.5999984741211
93.58000946044922
94.51000213623047
93.65000915527344
93.1300048828125
93.81000518798828
94.00000762939453
93.85000610351563
94.09000396728516
94.15000915527344
93.36000061035156
94.58000183105469
96.57000732421875
93.75
94.48001098632813
94.52999877929688
94.05000305175781
94.59000396728516
93.0300064086914
94.64000701904297
91.09000396728516
93.46000671386719
92.08000183105469
93.58000946044922
92.56999969482422
93.62000274658203
93.10000610351563
94.5999984741211
93.45000457763672
95.26000213623047
93.72000885009766
92.72000122070313
91.26000213623047
94.02000427246094
94.260009765625
92.40000915527344
93.37001037597656
92.47000885009766
94.43000793457031
93.68000030517578
93.3800048828125
94.15000915527344
94.38999938964844
92.3800048828125
92.91000366210938
95.58000183105469
93.4000015258789
94.49000549316406
93.52000427246094
92.86000061035156
93.4000015258789
94.44000244140625
92.33000946044922
93.57000732421875
93.91999816894531
93.5
92.64000701904297
91.3800048828125
93.77000427246094
94.27000427246094
94.81001281738281
93.48999786376953
93.39000701904297
92.59001159667969
91.94000244140625
93.19000244140625
94.52000427246094
93.5300064086914
94.43000793457031
92.77000427246094
94.12001037597656
93.33000183105469
93.54000091552734
93.39000701904297
93.41000366210938
94.71000671386719
95.16999816894531
93.96000671386719
93.96000671386719
96.12000274658203
95.0
96.71000671386719
94.35000610351563
93.91999816894531
92.80000305175781
92.64000701904297
92.35000610351563
90.96000671386719
90.93000793457031
91.79000854492188
92.09000396728516
90.77000427246094
92.0999984741211
91.91000366210938
92.18000793457031
93.1300048828125
92.89000701904297
90.76000213623047
90.09001159667969
90.94001007080078
93.06999969482422
91.0
90.76000213623047
91.760009765625
90.94001007080078
90.35000610351563
91.67000579833984
91.75
91.760009765625
92.19001007080078
93.12000274658203
93.02000427246094
93.70001220703125
93.18000793457031
91.50000762939453
91.22000885009766
92.32000732421875
92.5
91.95000457763672
91.8800048828125
92.64000701904297
92.77000427246094
93.59000396728516
91.010009765625
90.95000457763672
91.52000427246094
93.3499984741211
92.14000701904297
93.17000579833984
93.7300033569336
93.47000122070313
92.66000366210938
91.62001037597656
92.0999984741211
91.44000244140625
92.69000244140625
92.52999877929688
91.94000244140625
92.14000701904297
90.75000762939453
90.68000793457031
92.66999816894531
92.6300048828125
91.44000244140625
91.29000854492188
91.80000305175781
92.91000366210938
93.31000518798828
92.54000854492188
91.07000732421875
91.27999877929688
92.92000579833984
92.72000122070313
91.4000015258789
94.7300033569336
92.49000549316406
92.01000213623047
94.42000579833984
93.05000305175781
91.95999908447266
94.72000122070313
93.95000457763672
94.08000183105469
93.65000915527344
94.3600082397461
94.62001037597656
95.89000701904297
94.760009765625
95.36000061035156
93.25000762939453
96.48001098632813
95.60000610351563
95.43000030517578
97.09000396728516
93.71000671386719
95.52000427246094
96.62001037597656
94.94000244140625
94.99000549316406
94.66999816894531
93.04000854492188
93.5300064086914
93.19000244140625
91.49000549316406
94.10000610351563
92.58000183105469
90.75000762939453
92.64000701904297
92.7800064086914
94.01000213623047
93.81000518798828
93.48999786376953
93.29000854492188
96.27999877929688
95.1300048828125
91.39000701904297
90.9000015258789
92.97000885009766
93.15000915527344
92.19001007080078
95.74000549316406
93.79000854492188
94.19000244140625
93.94000244140625
94.33000183105469
95.40000915527344
95.04000854492188
94.3600082397461
94.51000213623047
94.42000579833984
94.84000396728516
95.82000732421875
95.1300048828125
94.43000793457031
94.02000427246094
93.81000518798828
92.75000762939453
93.44001007080078
94.37000274658203
94.92000579833984
94.58000183105469
93.98001098632813
93.17000579833984
94.31999969482422
93.8600082397461
95.08000183105469
94.16000366210938
94.93000030517578
92.86000061035156
98.19000244140625
94.71000671386719
92.37000274658203
93.54000091552734
93.81999969482422
95.8800048828125
94.51000213623047
97.44000244140625
94.260009765625
93.72000885009766
93.8600082397461
97.87001037597656
95.22000122070313
93.9000015258789
96.83999633789063
94.760009765625
96.31000518798828
95.77000427246094
95.06000518798828
94.70000457763672
96.18000030517578
94.07000732421875
96.8600082397461
96.33000183105469
94.69001007080078
95.68000793457031
94.10000610351563
93.77000427246094
96.31000518798828
95.07000732421875
94.8800048828125
93.08999633789063
94.5999984741211
92.46000671386719
93.46000671386719
92.83000183105469
94.07000732421875
95.10000610351563
96.4000015258789
97.69000244140625
98.17000579833984
97.35000610351563
98.71000671386719
98.52000427246094
96.22000885009766
96.61000061035156
96.11000061035156
94.9800033569336
94.93000030517578
95.34000396728516
95.60000610351563
95.55000305175781
95.52000427246094
95.65000915527344
95.89000701904297
96.48001098632813
97.92000579833984
98.06000518798828
96.15000915527344
95.8499984741211
94.19000244140625
95.9000015258789
95.6300048828125
96.98001098632813
95.47000885009766
96.60000610351563
96.93000793457031
95.83000183105469
95.43000030517578
95.6300048828125
95.77000427246094
97.02000427246094
95.81000518798828
96.55000305175781
95.49000549316406
95.4800033569336
94.56000518798828
96.11000061035156
96.92000579833984
95.08000183105469
95.34000396728516
94.41000366210938
96.33000183105469
96.22000885009766
95.34000396728516
96.25
98.010009765625
97.30000305175781
94.6300048828125
93.84001159667969
96.58000183105469
95.77000427246094
96.22000885009766
94.04000091552734
95.42000579833984
95.2800064086914
94.72000122070313
94.66999816894531
94.80000305175781
97.8800048828125
96.57000732421875
95.44999694824219
95.07000732421875
94.69001007080078
95.32000732421875
95.43000030517578
93.4000015258789
96.45000457763672
96.0
95.47000885009766
97.51000213623047
97.3800048828125
97.8800048828125
96.80000305175781
97.58000183105469
97.19001007080078
96.09000396728516
96.09000396728516
97.59001159667969
94.19000244140625
97.38999938964844
97.34000396728516
95.21000671386719
95.56999969482422
96.88999938964844
95.510009765625
95.08000183105469
96.77000427246094
95.25000762939453
96.45000457763672
95.6300048828125
93.79000854492188
95.86000061035156
97.6500015258789
97.02999877929688
96.2300033569336
94.08000183105469
95.9800033569336
97.99000549316406
94.02000427246094
96.010009765625
95.8499984741211
96.6300048828125
96.7800064086914
95.87001037597656
95.81000518798828
94.52999877929688
95.29000091552734
96.64000701904297
95.56999969482422
99.17000579833984
96.79000854492188
98.15000915527344
96.43000793457031
95.56999969482422
97.09000396728516
96.67000579833984
96.760009765625
95.97000122070313
96.47000122070313
97.92000579833984
96.48001098632813
96.1300048828125
96.58000183105469
96.18000030517578
95.56999969482422
96.27999877929688
94.66999816894531
94.16000366210938
95.80001068115234
95.77999877929688
95.23001098632813
93.89000701904297
95.16000366210938
94.91000366210938
93.81000518798828
95.58000183105469
95.60000610351563
96.20001220703125
95.32000732421875
96.3600082397461
97.85000610351563
97.73001098632813
97.80000305175781
97.16000366210938
96.67000579833984
98.15000915527344
97.33000946044922
96.27999877929688
95.06000518798828
96.57000732421875
96.7300033569336
96.6300048828125
97.93000030517578
97.70000457763672
97.41000366210938
98.05000305175781
97.45001220703125
98.61000061035156
96.92000579833984
96.18000030517578
97.12001037597656
99.1300048828125
98.45000457763672
98.57000732421875
99.33000183105469
98.32000732421875
97.36000061035156
97.82000732421875
98.49000549316406
97.52000427246094
97.66000366210938
97.16000366210938
98.66000366210938
96.2300033569336
94.2300033569336
94.19000244140625
95.37001037597656
97.27000427246094
97.64000701904297
96.35000610351563
97.94000244140625
97.9800033569336
97.84000396728516
99.05999755859375
98.41000366210938
97.6300048828125
97.04000854492188
97.97000885009766
96.47000122070313
97.80000305175781
96.69999694824219
95.16999816894531
96.60000610351563
96.33000183105469
97.84000396728516
97.79000091552734
97.96000671386719
96.61000061035156
96.60000610351563
95.89000701904297
95.20000457763672
95.91000366210938
93.59000396728516
94.14000701904297
93.34000396728516
92.51000213623047
91.93000793457031
91.29000854492188
93.87000274658203
93.57000732421875
95.21000671386719
95.19000244140625
95.24000549316406
95.33000183105469
95.4800033569336
94.6300048828125
93.61000061035156
95.99000549316406
93.83000183105469
95.2800064086914
93.27999877929688
94.55001068115234
94.40000915527344
93.48999786376953
92.46000671386719
93.65000915527344
93.08999633789063
93.56001281738281
93.25000762939453
93.6300048828125
94.04000091552734
92.21000671386719
91.8800048828125
93.46000671386719
94.27000427246094
93.19000244140625
95.77999877929688
95.91999816894531
94.57000732421875
95.91999816894531
93.70001220703125
95.27000427246094
92.99000549316406
94.05999755859375
95.22000122070313
97.1500015258789
95.24000549316406
94.97000885009766
95.76000213623047
96.34001159667969
95.43000030517578
94.19000244140625
93.4800033569336
94.05999755859375
93.8600082397461
91.97000122070313
93.69000244140625
93.81999969482422
93.81999969482422
93.91999816894531
93.44001007080078
94.84000396728516
92.69000244140625
92.68000793457031
92.91000366210938
95.70000457763672
94.42000579833984
96.13999938964844
96.72000885009766
96.3600082397461
95.4800033569336
96.65000915527344
95.8499984741211
96.21000671386719
96.27000427246094
95.1300048828125
96.33000183105469
95.76000213623047
97.19001007080078
97.49000549316406
96.95000457763672
97.16000366210938
98.65000915527344
96.93000793457031
95.2800064086914
95.37001037597656
95.41000366210938
94.57000732421875
95.89000701904297
95.52000427246094
94.760009765625
94.58000183105469
94.40000915527344
94.29000854492188
95.23001098632813
96.48001098632813
94.31999969482422
96.7800064086914
97.92000579833984
96.61000061035156
96.93000793457031
95.69000244140625
97.04000854492188
94.91000366210938
94.9800033569336
95.44999694824219
94.59000396728516
94.82000732421875
93.91999816894531
93.56001281738281
93.5
93.94000244140625
94.33999633789063
93.70001220703125
94.85000610351563
94.80000305175781
92.56000518798828
93.47000122070313
91.75
91.61000061035156
91.69000244140625
93.47000122070313
93.24000549316406
92.52000427246094
92.8800048828125
93.76000213623047
93.3499984741211
94.27000427246094
94.35000610351563
94.31999969482422
94.6300048828125
93.05000305175781
95.08000183105469
94.35000610351563
92.80000305175781
93.24000549316406
94.21000671386719
93.77000427246094
92.75000762939453
94.260009765625
93.94000244140625
93.81999969482422
92.75000762939453
94.75
92.43000030517578
94.21000671386719
91.37000274658203
93.27000427246094
93.94000244140625
92.46000671386719
92.3800048828125
93.55000305175781
94.75
93.17000579833984
94.10000610351563
94.62001037597656
93.7300033569336
93.45000457763672
95.8800048828125
95.91000366210938
95.66000366210938
95.41000366210938
95.67000579833984
94.22000885009766
94.61000061035156
94.87000274658203
94.18000030517578
93.0
93.56001281738281
93.71000671386719
94.88999938964844
94.02000427246094
93.5300064086914
95.42000579833984
94.7800064086914
95.1500015258789
95.07000732421875
95.18000793457031
94.6300048828125
93.23001098632813
94.33000183105469
95.84000396728516
95.3800048828125
94.93000030517578
94.81001281738281
95.05000305175781
95.06000518798828
97.02000427246094
97.01000213623047
96.72000885009766
95.07000732421875
95.23001098632813
93.57000732421875
94.84000396728516
95.3800048828125
93.54000091552734
93.34000396728516
94.25
94.33999633789063
93.59000396728516
94.01000213623047
93.77000427246094
94.9800033569336
95.97000122070313
94.87000274658203
94.760009765625
97.68000793457031
93.99000549316406
94.45999908447266
95.22000122070313
95.55000305175781
95.18000793457031
96.75
97.37000274658203
96.71000671386719
96.0300064086914
94.01000213623047
94.49000549316406
93.58000946044922
93.31000518798828
95.5300064086914
96.41999816894531
94.2300033569336
93.7300033569336
92.80000305175781
93.91000366210938
93.61000061035156
93.27000427246094
96.30000305175781
94.33999633789063
94.3600082397461
95.66000366210938
95.44000244140625
92.71000671386719
93.66000366210938
93.94000244140625
94.22000885009766
93.80000305175781
93.71000671386719
94.3800048828125
92.8800048828125
93.02000427246094
95.54000854492188
92.70000457763672
94.18000030517578
93.58000946044922
92.89000701904297
94.09000396728516
93.58000946044922
94.09000396728516
94.61000061035156
93.3499984741211
94.33999633789063
93.62000274658203
95.33000183105469
94.38999938964844
93.7300033569336
93.4800033569336
93.32000732421875
92.45001220703125
93.70001220703125
92.94999694824219
92.91000366210938
93.43000793457031
94.96000671386719
93.62000274658203
92.35000610351563
93.61000061035156
94.54000854492188
95.30999755859375
95.12000274658203
93.29000854492188
93.87000274658203
94.83000946044922
94.96000671386719
94.16000366210938
92.1300048828125
93.77999877929688
95.16000366210938
94.7800064086914
93.26000213623047
93.93000793457031
93.06999969482422
92.2800064086914
91.69999694824219
92.6300048828125
92.92000579833984
92.92000579833984
92.5
92.56999969482422
92.72000122070313
93.72000885009766
94.22000885009766
94.33000183105469
95.1500015258789
94.45000457763672
93.72000885009766
93.60000610351563
93.5300064086914
94.01000213623047
93.95000457763672
95.8499984741211
95.02000427246094
95.36000061035156
95.3800048828125
94.5999984741211
96.1300048828125
94.25
93.43000793457031
93.9000015258789
96.22000885009766
93.6300048828125
93.23001098632813
94.15000915527344
96.010009765625
95.87001037597656
95.04000854492188
95.65000915527344
94.59000396728516
95.73001098632813
94.42000579833984
93.97000122070313
94.14000701904297
94.11000061035156
93.10000610351563
93.66000366210938
93.81000518798828
93.0300064086914
93.6300048828125
94.05000305175781
95.9000015258789
95.55000305175781
93.63999938964844
93.77999877929688
94.31999969482422
95.47000885009766
95.47000885009766
95.52000427246094
95.0
95.16000366210938
95.75000762939453
95.79000854492188
96.85000610351563
95.94001007080078
93.36000061035156
96.68000030517578
98.27999877929688
96.37000274658203
95.25000762939453
97.44000244140625
96.30000305175781
95.52000427246094
95.72000122070313
95.58999633789063
95.37001037597656
95.25000762939453
94.09000396728516
94.42000579833984
95.68000793457031
94.83000946044922
95.68000793457031
96.61000061035156
94.88999938964844
95.44999694824219
95.56000518798828
95.70999908447266
95.84000396728516
95.26000213623047
96.0300064086914
95.07000732421875
97.35000610351563
96.35000610351563
95.29000091552734
95.39000701904297
94.79000091552734
93.8800048828125
95.91000366210938
95.19000244140625
94.37000274658203
95.04000854492188
94.8800048828125
95.96000671386719
95.30000305175781
94.92000579833984
95.99000549316406
95.74000549316406
94.44000244140625
95.2800064086914
94.15000915527344
95.6300048828125
95.04000854492188
93.62000274658203
93.75
94.19000244140625
95.9800033569336
96.0
95.77999877929688
94.17000579833984
94.62001037597656
94.70000457763672
96.15000915527344
95.74000549316406
93.31000518798828
94.18000030517578
95.30000305175781
93.5
94.59000396728516
95.08000183105469
95.23001098632813
94.6500015258789
94.45000457763672
95.6300048828125
95.79000854492188
97.7800064086914
95.1100082397461
96.0
94.68000793457031
94.33999633789063
92.42000579833984
94.41000366210938
94.12001037597656
96.12000274658203
93.5300064086914
95.06000518798828
94.15000915527344
94.19000244140625
94.8800048828125
95.1100082397461
93.26000213623047
94.38999938964844
94.02000427246094
94.33000183105469
95.97000122070313
94.45999908447266
95.40000915527344
94.75
94.22000885009766
95.30999755859375
95.63999938964844
94.97000885009766
93.81999969482422
95.44000244140625
93.20000457763672
93.12000274658203
93.02000427246094
93.91000366210938
93.59000396728516
92.91000366210938
94.14000701904297
94.16000366210938
94.48001098632813
95.04000854492188
95.46000671386719
94.84000396728516
95.3800048828125
92.68000793457031
93.010009765625
94.33999633789063
93.77999877929688
94.94000244140625
93.33000183105469
93.68000030517578
93.7300033569336
92.76000213623047
94.21000671386719
93.60000610351563
93.06000518798828
93.74000549316406
91.83999633789063
94.77000427246094
92.7800064086914
92.22000122070313
93.0300064086914
93.510009765625
93.97000122070313
91.92000579833984
92.33000946044922
93.44001007080078
91.87000274658203
95.08000183105469
94.50000762939453
92.6300048828125
92.36000061035156
92.33000946044922
91.81999969482422
92.09000396728516
92.54000854492188
92.66999816894531
93.36000061035156
93.67000579833984
93.63999938964844
92.97000885009766
92.9800033569336
93.75
93.43000793457031
91.5300064086914
92.11000061035156
92.20000457763672
91.83000183105469
91.24000549316406
92.68000793457031
93.0
92.64000701904297
93.510009765625
92.52000427246094
91.92000579833984
93.41999816894531
92.05001068115234
93.20999908447266
91.4000015258789
92.08000183105469
92.25
92.49000549316406
94.16000366210938
93.08999633789063
94.07000732421875
91.93000793457031
92.86000061035156
92.35000610351563
94.260009765625
94.18000030517578
93.85000610351563
93.12000274658203
93.41000366210938
91.69000244140625
91.93000793457031
92.23999786376953
92.86000061035156
93.69000244140625
94.49000549316406
93.89000701904297
92.90000915527344
93.6300048828125
94.8800048828125
93.4800033569336
93.52000427246094
94.59000396728516
93.91000366210938
94.88999938964844
94.95001220703125
95.44999694824219
95.43000030517578
95.30999755859375
94.94000244140625
93.94000244140625
93.63999938964844
93.98001098632813
94.49000549316406
95.10000610351563
95.56000518798828
93.8800048828125
95.82000732421875
97.73001098632813
94.66999816894531
94.0300064086914
94.85000610351563
95.01000213623047
93.41999816894531
92.6500015258789
94.12001037597656
94.24000549316406
95.63999938964844
94.38999938964844
94.38999938964844
