106.62001037597656
106.0300064086914
106.49000549316406
107.33000946044922
107.17001342773438
106.0
108.65000915527344
106.11000061035156
107.1500015258789
106.25000762939453
106.7300033569336
106.58000946044922
106.68000030517578
108.02000427246094
106.72000885009766
109.7300033569336
108.7300033569336
106.58000946044922
106.87000274658203
105.68000793457031
107.1300048828125
108.010009765625
108.24000549316406
107.760009765625
107.66000366210938
107.69000244140625
108.68000793457031
107.07000732421875
105.86000061035156
107.90000915527344
106.94000244140625
106.24000549316406
106.57000732421875
106.29000854492188
105.10000610351563
106.8800048828125
109.31999969482422
108.20000457763672
107.2800064086914
109.77000427246094
110.00000762939453
110.67000579833984
109.25
109.09000396728516
107.59001159667969
110.94001007080078
108.12000274658203
107.07000732421875
107.21000671386719
107.38999938964844
109.77000427246094
107.97000885009766
107.71000671386719
106.85000610351563
107.0999984741211
105.60000610351563
107.87001037597656
108.23001098632813
106.83000183105469
108.61000061035156
105.95000457763672
105.4800033569336
105.79000854492188
104.27000427246094
105.94001007080078
104.9800033569336
103.57000732421875
103.79000854492188
103.9000015258789
105.49000549316406
104.87000274658203
105.16000366210938
105.67000579833984
106.07000732421875
105.34000396728516
104.74000549316406
105.44000244140625
103.74000549316406
104.92000579833984
104.54000854492188
106.02000427246094
107.22000122070313
106.9100112915039
106.64000701904297
106.69999694824219
106.55000305175781
107.6300048828125
108.04000854492188
107.7800064086914
107.45001220703125
106.8600082397461
106.52000427246094
107.1500015258789
106.95999908447266
108.71000671386719
106.760009765625
108.82000732421875
106.69999694824219
107.85000610351563
106.81000518798828
106.97000122070313
107.01000213623047
109.80000305175781
109.45000457763672
107.20000457763672
107.43000793457031
107.52000427246094
107.21000671386719
107.97000885009766
107.34000396728516
109.72000122070313
109.1300048828125
107.60000610351563
108.06000518798828
108.82000732421875
108.1600112915039
109.43000793457031
107.80999755859375
107.60000610351563
111.18000793457031
110.27000427246094
107.73001098632813
107.66999816894531
107.58000183105469
107.14000701904297
106.33000183105469
107.37000274658203
107.4800033569336
108.06000518798828
106.49000549316406
104.82000732421875
105.55000305175781
106.32000732421875
106.17000579833984
105.63999938964844
105.32000732421875
104.86000061035156
106.11000061035156
106.10000610351563
106.95000457763672
106.010009765625
106.92000579833984
105.25000762939453
106.97000122070313
106.61000061035156
106.45000457763672
105.54000854492188
106.46000671386719
107.6500015258789
106.05000305175781
105.5
106.02000427246094
104.260009765625
104.77000427246094
105.86000061035156
105.75000762939453
105.89000701904297
108.10000610351563
108.46000671386719
106.510009765625
104.81001281738281
103.68000030517578
104.52999877929688
104.27000427246094
103.41000366210938
103.31000518798828
106.20001220703125
105.95000457763672
106.58000946044922
106.6300048828125
106.16000366210938
106.75
105.29000091552734
106.54000091552734
105.79000854492188
107.1300048828125
105.04000854492188
105.76000213623047
103.72000885009766
105.25000762939453
105.33000946044922
104.68000793457031
105.70000457763672
104.35000610351563
103.95000457763672
102.62000274658203
104.2300033569336
105.24000549316406
105.22000122070313
106.26000213623047
105.01000213623047
107.260009765625
106.58000946044922
105.9000015258789
104.93000030517578
105.54000854492188
106.8600082397461
108.59000396728516
108.510009765625
106.26000213623047
106.32000732421875
106.48001098632813
107.6300048828125
107.21000671386719
107.66000366210938
107.59001159667969
106.52000427246094
107.62000274658203
106.95999908447266
107.89000701904297
107.50000762939453
106.8800048828125
108.09001159667969
107.82000732421875
107.49000549316406
107.87001037597656
107.0999984741211
108.3800048828125
107.260009765625
107.51000213623047
109.27000427246094
109.94000244140625
108.12000274658203
109.57000732421875
109.2300033569336
108.52000427246094
109.3600082397461
109.54000854492188
110.60000610351563
110.36000061035156
110.76000213623047
108.02000427246094
110.01000213623047
109.18000030517578
109.31000518798828
108.23001098632813
107.68000793457031
108.04000854492188
107.16000366210938
108.04000854492188
108.44001007080078
109.05000305175781
109.87000274658203
108.20000457763672
110.49000549316406
108.44001007080078
108.43000793457031
107.42000579833984
107.75000762939453
106.55000305175781
109.22000885009766
107.80000305175781
107.79000091552734
109.19000244140625
106.31000518798828
108.22000122070313
108.24000549316406
106.87000274658203
108.79000854492188
108.19000244140625
107.02000427246094
107.33000946044922
107.52000427246094
107.96000671386719
107.42000579833984
107.08000183105469
106.90000915527344
104.5999984741211
105.02000427246094
107.00000762939453
105.55000305175781
105.22000122070313
107.09000396728516
105.67000579833984
105.12000274658203
105.96000671386719
105.87001037597656
104.5999984741211
106.27000427246094
104.48001098632813
106.85000610351563
104.11000061035156
108.4000015258789
107.05001068115234
106.20001220703125
106.19000244140625
107.1300048828125
106.35000610351563
106.07000732421875
106.44000244140625
103.75000762939453
104.35000610351563
106.13999938964844
104.18000030517578
105.72000122070313
106.60000610351563
108.18000793457031
105.5
106.7800064086914
108.0300064086914
108.010009765625
107.1500015258789
103.3499984741211
106.32000732421875
107.04000854492188
105.83000183105469
106.37000274658203
107.16000366210938
108.57000732421875
105.92001342773438
107.94999694824219
106.16000366210938
106.69000244140625
107.05001068115234
106.81000518798828
106.59000396728516
106.68000030517578
108.89000701904297
109.7300033569336
106.55000305175781
107.9800033569336
108.36000061035156
107.37000274658203
106.31000518798828
105.6300048828125
105.59001159667969
104.18000030517578
104.72000122070313
106.13999938964844
105.02999877929688
106.94000244140625
107.33000946044922
106.48001098632813
105.8800048828125
105.72000122070313
106.55000305175781
106.35000610351563
106.52000427246094
106.12000274658203
105.89000701904297
107.29000091552734
107.16000366210938
106.07000732421875
106.11000061035156
105.67000579833984
104.94000244140625
106.37000274658203
106.84001159667969
108.32000732421875
107.0999984741211
106.2300033569336
107.6100082397461
105.87001037597656
105.55000305175781
106.44000244140625
106.17000579833984
106.64000701904297
106.58000946044922
105.86000061035156
106.510009765625
108.69000244140625
109.15000915527344
108.010009765625
109.2300033569336
106.81999969482422
107.92000579833984
107.84000396728516
107.40000915527344
107.25
105.9800033569336
106.94000244140625
105.95000457763672
106.27999877929688
107.25
107.33000946044922
107.70000457763672
106.41000366210938
105.21000671386719
105.52000427246094
107.68000793457031
106.58000946044922
104.74000549316406
107.33000946044922
108.5
106.09000396728516
105.74000549316406
106.64000701904297
106.7300033569336
106.54000091552734
107.36000061035156
106.3600082397461
104.19000244140625
104.62001037597656
107.24000549316406
104.38999938964844
106.45000457763672
107.34000396728516
105.22000122070313
106.43000793457031
104.38999938964844
105.30000305175781
105.47000885009766
105.39000701904297
104.01000213623047
103.99000549316406
103.4800033569336
105.6600112915039
105.16999816894531
103.84001159667969
102.52000427246094
103.42001342773438
102.49000549316406
105.6600112915039
104.19000244140625
103.47000122070313
101.26000213623047
104.59000396728516
101.52000427246094
101.85000610351563
102.83000946044922
102.14000701904297
101.98001098632813
101.0
102.07000732421875
102.52999877929688
102.6300048828125
103.0
102.41000366210938
104.49000549316406
104.74000549316406
106.15000915527344
105.84000396728516
105.14000701904297
106.3600082397461
107.25
105.43000030517578
104.8800048828125
104.80000305175781
103.46000671386719
102.46000671386719
103.1600112915039
103.1600112915039
104.4100112915039
103.91000366210938
103.55000305175781
102.73001098632813
103.5300064086914
102.46000671386719
101.49000549316406
101.29000854492188
101.72000885009766
100.93000793457031
101.0300064086914
100.5
103.31000518798828
97.83000183105469
98.6300048828125
98.29000854492188
99.40000915527344
101.37000274658203
100.89000701904297
99.760009765625
99.49000549316406
99.42000579833984
98.83000183105469
99.7300033569336
100.95000457763672
98.34000396728516
98.56001281738281
99.99000549316406
98.41999816894531
97.35000610351563
98.08000183105469
98.12000274658203
99.84000396728516
99.45999908447266
100.23001098632813
100.46000671386719
99.45999908447266
100.06000518798828
98.33000183105469
101.77000427246094
100.06000518798828
101.27999877929688
99.57000732421875
100.56999969482422
99.52000427246094
100.24000549316406
99.74000549316406
98.36000061035156
99.2300033569336
97.97000885009766
97.71000671386719
97.5
97.45001220703125
97.68000793457031
97.87001037597656
98.08000183105469
99.74000549316406
97.52000427246094
98.06999969482422
97.96000671386719
98.84001159667969
100.56000518798828
101.7800064086914
99.74000549316406
99.93000030517578
101.50000762939453
98.30001068115234
97.96000671386719
99.04000091552734
100.6100082397461
99.7800064086914
97.5
99.05000305175781
99.1300048828125
99.62001037597656
99.1300048828125
99.1300048828125
96.48001098632813
98.18000793457031
101.33000183105469
100.20000457763672
97.91000366210938
101.57000732421875
101.7800064086914
101.4000015258789
102.46000671386719
101.87000274658203
102.59001159667969
101.04000091552734
100.44999694824219
101.43000793457031
99.87000274658203
98.95000457763672
101.43000793457031
100.21000671386719
97.91000366210938
98.59000396728516
98.4800033569336
98.17000579833984
99.3800048828125
98.49000549316406
99.30000305175781
100.41000366210938
101.20001220703125
102.16000366210938
101.13999938964844
101.41999816894531
103.20000457763672
103.52000427246094
102.45001220703125
102.2300033569336
101.77000427246094
102.2800064086914
103.5
102.82000732421875
101.7800064086914
100.56999969482422
101.3800048828125
100.44000244140625
101.41999816894531
99.92000579833984
101.47000122070313
101.3800048828125
101.54000091552734
100.84000396728516
100.06000518798828
100.6100082397461
100.82000732421875
98.81000518798828
98.24000549316406
99.8800048828125
100.60000610351563
102.02999877929688
101.85000610351563
100.29000091552734
98.47000122070313
100.62000274658203
100.6100082397461
101.59000396728516
100.19000244140625
101.16000366210938
101.05000305175781
101.72000885009766
102.46000671386719
101.49000549316406
102.44000244140625
101.32000732421875
100.95000457763672
101.33000183105469
99.54000854492188
99.7300033569336
102.31001281738281
100.73001098632813
100.70999908447266
101.59000396728516
98.7300033569336
100.2800064086914
101.79000854492188
101.7800064086914
101.62001037597656
98.37001037597656
100.30000305175781
101.29000854492188
100.94001007080078
99.69001007080078
100.55000305175781
101.45000457763672
100.49000549316406
100.42000579833984
100.96000671386719
98.85000610351563
101.30000305175781
99.05000305175781
97.3800048828125
97.56000518798828
98.27000427246094
100.18000793457031
98.81000518798828
99.48001098632813
99.7300033569336
98.6300048828125
97.18000793457031
96.71000671386719
98.94000244140625
97.6100082397461
98.63999938964844
97.76000213623047
96.77000427246094
97.66999816894531
96.27999877929688
96.94000244140625
97.69000244140625
98.18000793457031
96.98001098632813
98.12000274658203
97.20000457763672
97.04000854492188
97.47000885009766
97.14000701904297
97.94999694824219
100.3800048828125
99.33000183105469
98.76000213623047
98.37001037597656
100.02000427246094
100.10000610351563
99.19000244140625
97.46000671386719
97.91000366210938
97.11000061035156
98.54000091552734
97.40000915527344
97.68000793457031
97.80999755859375
96.19000244140625
99.80000305175781
96.49000549316406
99.88999938964844
100.09001159667969
97.40000915527344
97.41000366210938
97.72000122070313
97.09000396728516
95.69000244140625
94.68000793457031
96.26000213623047
99.61000061035156
97.73001098632813
98.58000946044922
99.58000183105469
99.15000915527344
99.44000244140625
99.83000946044922
100.02000427246094
98.93000793457031
98.32000732421875
98.15000915527344
98.15000915527344
98.18000793457031
99.83000946044922
99.2800064086914
100.43000030517578
100.47000885009766
100.36000061035156
99.59000396728516
99.22000885009766
99.05000305175781
99.11000061035156
97.22000122070313
99.1300048828125
98.41999816894531
96.98001098632813
98.72000885009766
99.19999694824219
99.01000213623047
99.84000396728516
99.00000762939453
99.48001098632813
96.58000183105469
98.5300064086914
96.91000366210938
100.08000183105469
100.91000366210938
100.87001037597656
99.05999755859375
98.10000610351563
98.71000671386719
99.760009765625
100.72000122070313
100.32000732421875
101.10000610351563
99.92000579833984
99.44000244140625
102.04000854492188
99.14000701904297
98.62000274658203
99.12001037597656
99.05000305175781
98.44001007080078
97.04000854492188
98.44001007080078
97.33000946044922
97.77000427246094
98.510009765625
98.27999877929688
99.90000915527344
98.95000457763672
100.68000793457031
101.3800048828125
100.1100082397461
100.49000549316406
98.72000885009766
97.86000061035156
98.24000549316406
96.81999969482422
95.8499984741211
99.31999969482422
99.31000518798828
96.93000793457031
99.09000396728516
97.38999938964844
95.8499984741211
95.91000366210938
96.81999969482422
97.02999877929688
97.34000396728516
97.40000915527344
97.49000549316406
98.83000183105469
98.0
97.34000396728516
98.55000305175781
96.26000213623047
96.5300064086914
97.86000061035156
97.79000091552734
98.69000244140625
100.46000671386719
98.74000549316406
99.21000671386719
97.9800033569336
96.24000549316406
99.22000885009766
98.4800033569336
100.44000244140625
98.68000030517578
99.80000305175781
95.96000671386719
96.98001098632813
97.51000213623047
97.66000366210938
98.68000030517578
95.67000579833984
98.31000518798828
95.10000610351563
99.2800064086914
99.74000549316406
99.71000671386719
98.85000610351563
97.9800033569336
100.01000213623047
98.87000274658203
98.12000274658203
98.57000732421875
98.31000518798828
98.74000549316406
98.70001220703125
98.22000122070313
98.12000274658203
99.35000610351563
100.2800064086914
96.95999908447266
97.55000305175781
100.02000427246094
98.52000427246094
100.10000610351563
99.80000305175781
98.80000305175781
99.45000457763672
99.4100112915039
97.66999816894531
99.05999755859375
99.42000579833984
98.5
97.87001037597656
99.14000701904297
99.45999908447266
98.55000305175781
98.94000244140625
100.65000915527344
99.47000122070313
99.02000427246094
100.60000610351563
100.35000610351563
99.3800048828125
99.45999908447266
98.34000396728516
99.38999938964844
100.82000732421875
99.7800064086914
98.8600082397461
99.93000030517578
98.41000366210938
97.83000183105469
97.93000030517578
96.98001098632813
98.3499984741211
97.82000732421875
100.23001098632813
99.17000579833984
96.41999816894531
100.02999877929688
97.18000793457031
97.43000030517578
97.96000671386719
98.9000015258789
100.58000183105469
99.52000427246094
99.83000946044922
99.16000366210938
99.92000579833984
99.58000183105469
98.17000579833984
99.99000549316406
98.3800048828125
99.58000183105469
98.29000854492188
99.01000213623047
100.0
100.41000366210938
98.10000610351563
99.00000762939453
99.17000579833984
99.47000122070313
98.49000549316406
95.08000183105469
98.97000122070313
97.30000305175781
96.50000762939453
99.07000732421875
97.21000671386719
96.41000366210938
95.94001007080078
96.17000579833984
94.56000518798828
93.83000183105469
95.07000732421875
95.75000762939453
94.45000457763672
94.760009765625
96.5300064086914
96.97000122070313
93.91999816894531
95.70000457763672
95.37001037597656
97.20000457763672
98.20999908447266
98.010009765625
96.75
97.59001159667969
98.26000213623047
100.0
98.80000305175781
97.55000305175781
97.30000305175781
96.81000518798828
98.5300064086914
97.35000610351563
98.62000274658203
95.44000244140625
95.9000015258789
96.10000610351563
96.64000701904297
95.30000305175781
98.5300064086914
98.15000915527344
96.62001037597656
98.66000366210938
96.11000061035156
97.44000244140625
97.87001037597656
96.90000915527344
95.8499984741211
98.68000030517578
97.93000030517578
97.6300048828125
98.65000915527344
97.76000213623047
96.72000885009766
98.20000457763672
97.08000183105469
96.15000915527344
97.08000183105469
97.22000122070313
95.6300048828125
96.99000549316406
94.92000579833984
95.46000671386719
94.66999816894531
96.77000427246094
97.64000701904297
96.55000305175781
97.05001068115234
98.1600112915039
96.81999969482422
98.54000091552734
96.64000701904297
97.01000213623047
98.58000946044922
98.30001068115234
97.31001281738281
98.34000396728516
99.56000518798828
99.80000305175781
98.24000549316406
97.43000030517578
97.24000549316406
99.82000732421875
100.37001037597656
100.86000061035156
101.12000274658203
97.51000213623047
97.74000549316406
98.17000579833984
97.45001220703125
98.37001037597656
97.36000061035156
98.49000549316406
98.18000793457031
98.76000213623047
98.31000518798828
98.29000854492188
98.98001098632813
96.35000610351563
94.10000610351563
96.31000518798828
95.87001037597656
96.77000427246094
95.91000366210938
96.83000183105469
98.77999877929688
94.96000671386719
96.0
95.63999938964844
97.68000793457031
96.6300048828125
97.35000610351563
96.7300033569336
97.56000518798828
99.33000183105469
99.55001068115234
99.09000396728516
100.09001159667969
102.21000671386719
99.07000732421875
99.10000610351563
98.65000915527344
98.94000244140625
100.26000213623047
99.00000762939453
100.87001037597656
99.69001007080078
99.3600082397461
96.67000579833984
99.02000427246094
98.54000091552734
100.80001068115234
99.85000610351563
98.95000457763672
96.90000915527344
99.57000732421875
97.59001159667969
98.74000549316406
99.02000427246094
99.33000183105469
99.85000610351563
98.41000366210938
97.19001007080078
101.7800064086914
100.56000518798828
98.45000457763672
98.1600112915039
97.00000762939453
100.06000518798828
98.65000915527344
98.82000732421875
99.09000396728516
101.1300048828125
98.77000427246094
97.24000549316406
101.85000610351563
100.25000762939453
99.47000122070313
100.52000427246094
99.88999938964844
99.61000061035156
99.84000396728516
100.08000183105469
99.85000610351563
100.01000213623047
98.81000518798828
100.42000579833984
98.91999816894531
103.20999908447266
101.6300048828125
102.93000030517578
102.05001068115234
101.69999694824219
102.51000213623047
100.24000549316406
101.61000061035156
101.68000030517578
100.37001037597656
100.95000457763672
102.17001342773438
103.06000518798828
100.62000274658203
99.24000549316406
99.33999633789063
100.30000305175781
100.1500015258789
100.18000793457031
99.18000030517578
97.21000671386719
100.82000732421875
98.84001159667969
99.27000427246094
99.96000671386719
100.40000915527344
99.96000671386719
99.62001037597656
98.33000183105469
99.3600082397461
99.68000793457031
101.69999694824219
100.91000366210938
99.02000427246094
101.81000518798828
101.21000671386719
101.45000457763672
101.3600082397461
99.27000427246094
97.76000213623047
98.98001098632813
99.10000610351563
98.12000274658203
102.44000244140625
99.8800048828125
100.84000396728516
99.71000671386719
98.19000244140625
99.7300033569336
99.44000244140625
99.91000366210938
100.29000091552734
100.46000671386719
100.1300048828125
99.84000396728516
100.27000427246094
99.52999877929688
98.55000305175781
99.40000915527344
97.8800048828125
99.24000549316406
98.59000396728516
99.49000549316406
100.63999938964844
101.60000610351563
100.36000061035156
99.72000122070313
100.58000183105469
98.66000366210938
99.08000946044922
100.04000854492188
99.84000396728516
98.81000518798828
97.75000762939453
98.81000518798828
98.22000122070313
100.05000305175781
98.82000732421875
101.06001281738281
100.07000732421875
101.83999633789063
99.72000122070313
98.9000015258789
99.2800064086914
99.69001007080078
99.66999816894531
98.15000915527344
99.19000244140625
99.33999633789063
101.0300064086914
99.88999938964844
99.96000671386719
100.91000366210938
101.99000549316406
99.1300048828125
100.52000427246094
100.44999694824219
100.40000915527344
101.49000549316406
103.06000518798828
100.14000701904297
98.37001037597656
99.47000122070313
98.89000701904297
98.7300033569336
99.08000946044922
100.34000396728516
100.55000305175781
99.82000732421875
100.75000762939453
98.96000671386719
98.4000015258789
99.49000549316406
99.6500015258789
97.89000701904297
98.85000610351563
98.72000885009766
98.7300033569336
100.39000701904297
99.18000030517578
99.86000061035156
98.93000793457031
100.23001098632813
98.56001281738281
100.39000701904297
98.57000732421875
100.79000854492188
100.56000518798828
99.40000915527344
99.19999694824219
98.7300033569336
102.05001068115234
100.56999969482422
99.77000427246094
98.84001159667969
99.9800033569336
98.63999938964844
96.65000915527344
99.91000366210938
101.2300033569336
99.01000213623047
98.46000671386719
100.70000457763672
99.16000366210938
98.89000701904297
96.55999755859375
98.82000732421875
100.60000610351563
101.010009765625
97.33000946044922
99.97000885009766
98.41000366210938
98.29000854492188
98.6300048828125
98.12000274658203
97.80999755859375
98.91000366210938
97.71000671386719
97.58000183105469
99.16000366210938
97.93000030517578
97.41000366210938
96.92000579833984
95.76000213623047
96.33000183105469
97.2300033569336
97.69000244140625
97.38999938964844
96.51000213623047
95.77999877929688
95.1300048828125
97.73001098632813
96.47000122070313
96.32000732421875
96.1300048828125
95.79000854492188
95.74000549316406
94.59000396728516
96.58000183105469
96.13999938964844
95.16000366210938
95.33000183105469
95.02000427246094
94.8800048828125
96.65000915527344
97.260009765625
98.33000183105469
98.97000122070313
96.4000015258789
98.19000244140625
96.44000244140625
97.18000793457031
97.56000518798828
98.87000274658203
98.83000183105469
97.79000091552734
98.5
97.99000549316406
99.48001098632813
100.74000549316406
98.04000854492188
99.05999755859375
99.31999969482422
99.38999938964844
97.32000732421875
97.22000122070313
98.25000762939453
98.1100082397461
98.94000244140625
97.11000061035156
100.16000366210938
96.71000671386719
99.11000061035156
97.94999694824219
99.31999969482422
97.02000427246094
98.45000457763672
97.44000244140625
97.2300033569336
98.0300064086914
97.71000671386719
98.510009765625
100.35000610351563
99.27000427246094
101.21000671386719
100.08000183105469
100.16000366210938
101.88999938964844
100.93000793457031
100.6100082397461
101.81999969482422
101.2300033569336
100.1300048828125
101.50000762939453
101.55000305175781
99.79000091552734
100.63999938964844
100.87001037597656
100.14000701904297
98.77999877929688
98.22000122070313
98.8600082397461
99.00000762939453
99.6500015258789
99.72000122070313
98.06000518798828
97.46000671386719
97.6500015258789
97.84000396728516
97.260009765625
99.7800064086914
98.83000183105469
97.49000549316406
98.3499984741211
96.99000549316406
97.93000030517578
98.6300048828125
98.22000122070313
97.74000549316406
94.7300033569336
94.96000671386719
98.06999969482422
99.05999755859375
97.06000518798828
98.20000457763672
97.16000366210938
95.9800033569336
96.77000427246094
98.80000305175781
99.11000061035156
98.37001037597656
98.10000610351563
97.96000671386719
99.01000213623047
100.94001007080078
99.75
98.41999816894531
98.1300048828125
98.71000671386719
99.6500015258789
97.4800033569336
99.05000305175781
96.52000427246094
97.21000671386719
95.84000396728516
96.45000457763672
97.70000457763672
98.95000457763672
96.3800048828125
97.25
97.40000915527344
97.60000610351563
97.82000732421875
94.66000366210938
96.15000915527344
97.87001037597656
96.71000671386719
95.16999816894531
96.16000366210938
97.00000762939453
96.93000793457031
96.07000732421875
94.99000549316406
94.64000701904297
94.90000915527344
96.3600082397461
96.8600082397461
96.29000854492188
95.67000579833984
97.56000518798828
95.65000915527344
97.86000061035156
98.98001098632813
97.00000762939453
97.87001037597656
97.25
99.38999938964844
98.67000579833984
98.24000549316406
97.9800033569336
98.49000549316406
100.77999877929688
98.010009765625
99.16000366210938
96.75
97.8800048828125
100.77999877929688
97.99000549316406
98.95000457763672
97.54000854492188
97.4800033569336
97.2800064086914
100.0
97.58000183105469
97.04000854492188
95.21000671386719
96.12000274658203
97.04000854492188
97.49000549316406
96.760009765625
97.55000305175781
99.12001037597656
98.15000915527344
97.68000793457031
98.36000061035156
96.98001098632813
97.80999755859375
99.18000030517578
99.84000396728516
97.96000671386719
95.58000183105469
94.83000946044922
98.74000549316406
98.19000244140625
97.74000549316406
97.1300048828125
96.08000946044922
97.20000457763672
95.91000366210938
95.5
96.05000305175781
97.99000549316406
97.02000427246094
98.81000518798828
97.1300048828125
98.13999938964844
96.25
95.82000732421875
94.260009765625
95.9800033569336
96.34001159667969
97.24000549316406
97.04000854492188
96.7800064086914
94.18000030517578
95.16000366210938
95.91000366210938
96.04000091552734
95.36000061035156
96.13999938964844
99.4100112915039
98.3800048828125
98.84001159667969
97.44000244140625
98.57000732421875
97.12001037597656
97.44000244140625
96.93000793457031
96.21000671386719
96.31000518798828
99.43000793457031
99.15000915527344
96.95000457763672
99.27000427246094
99.19000244140625
100.56999969482422
101.13999938964844
99.85000610351563
99.54000854492188
99.64000701904297
96.8600082397461
99.00000762939453
98.98001098632813
99.260009765625
99.2800064086914
99.04000091552734
97.09000396728516
97.80999755859375
99.0300064086914
97.6500015258789
97.1300048828125
97.80000305175781
97.55000305175781
98.34000396728516
95.49000549316406
97.24000549316406
97.29000091552734
96.8600082397461
96.7800064086914
95.46000671386719
96.06001281738281
95.54000854492188
97.30000305175781
94.87000274658203
95.63999938964844
95.42000579833984
97.22000122070313
96.04000091552734
97.07000732421875
97.01000213623047
98.08000183105469
96.81000518798828
96.99000549316406
97.5
96.69000244140625
95.42000579833984
96.30000305175781
95.63999938964844
95.46000671386719
96.74000549316406
98.32000732421875
96.7800064086914
97.47000885009766
96.64000701904297
99.01000213623047
97.70000457763672
99.10000610351563
99.22000885009766
98.87000274658203
98.83000183105469
97.6100082397461
97.5
97.35000610351563
97.09000396728516
94.14000701904297
96.07000732421875
96.37000274658203
97.99000549316406
96.79000854492188
95.32000732421875
95.91999816894531
95.73001098632813
96.13999938964844
92.92000579833984
94.37000274658203
95.87001037597656
96.04000091552734
96.760009765625
97.83000183105469
97.60000610351563
96.760009765625
98.41999816894531
95.68000793457031
96.04000091552734
95.44000244140625
97.16999816894531
96.80000305175781
96.98001098632813
97.1500015258789
96.97000122070313
96.41999816894531
95.83000183105469
95.67000579833984
96.27000427246094
99.95001220703125
97.6100082397461
97.46000671386719
97.24000549316406
97.38999938964844
96.27000427246094
98.05000305175781
95.65000915527344
97.66000366210938
96.13999938964844
99.3800048828125
99.2300033569336
96.47000122070313
94.90000915527344
95.67000579833984
97.58000183105469
96.3600082397461
97.91000366210938
96.45000457763672
96.04000091552734
96.43000793457031
96.85000610351563
97.27000427246094
97.02999877929688
97.73001098632813
95.87001037597656
97.75000762939453
95.22000122070313
95.0
95.21000671386719
97.71000671386719
98.22000122070313
97.29000091552734
95.52000427246094
97.19001007080078
95.16999816894531
93.77000427246094
95.16999816894531
96.22000885009766
96.12000274658203
95.08000183105469
94.40000915527344
95.07000732421875
92.80000305175781
95.35000610351563
94.02000427246094
95.0
94.31999969482422
95.24000549316406
95.82000732421875
95.75000762939453
94.77000427246094
95.05000305175781
95.67000579833984
94.57000732421875
96.13999938964844
95.5300064086914
96.65000915527344
95.52000427246094
94.7800064086914
93.45000457763672
94.31000518798828
93.60000610351563
94.75
95.39000701904297
95.26000213623047
93.4800033569336
95.52000427246094
94.66999816894531
94.86000061035156
92.80000305175781
93.72000885009766
95.02999877929688
96.27999877929688
94.35000610351563
96.2300033569336
96.95999908447266
96.79000854492188
95.91000366210938
96.33000183105469
96.04000091552734
95.04000854492188
94.33000183105469
94.49000549316406
96.81999969482422
93.58000946044922
94.77000427246094
95.16000366210938
97.45001220703125
95.79000854492188
94.82000732421875
94.64000701904297
96.19000244140625
94.00000762939453
92.6100082397461
94.00000762939453
94.25
96.06001281738281
96.24000549316406
94.91000366210938
93.67000579833984
94.91000366210938
93.94000244140625
93.41999816894531
97.06000518798828
96.24000549316406
97.08000183105469
95.12000274658203
96.11000061035156
96.49000549316406
97.12001037597656
96.58000183105469
94.61000061035156
95.44999694824219
95.65000915527344
96.48001098632813
96.02000427246094
97.12001037597656
95.91999816894531
96.34001159667969
96.21000671386719
95.79000854492188
93.58000946044922
93.60000610351563
92.30000305175781
94.48001098632813
94.05999755859375
93.91999816894531
94.62001037597656
93.95000457763672
93.17000579833984
93.67000579833984
93.81999969482422
94.19999694824219
95.0
93.96000671386719
94.02000427246094
94.62001037597656
94.55001068115234
92.94000244140625
94.58000183105469
94.66000366210938
94.6300048828125
94.260009765625
96.06001281738281
97.2800064086914
95.84000396728516
95.23001098632813
95.63999938964844
97.45001220703125
94.99000549316406
94.09000396728516
95.52000427246094
96.05000305175781
95.06000518798828
95.0
96.26000213623047
94.57000732421875
96.55000305175781
95.1300048828125
95.84000396728516
94.37000274658203
96.13999938964844
95.27000427246094
96.7300033569336
97.04000854492188
94.50000762939453
93.72000885009766
94.52999877929688
96.61000061035156
94.760009765625
94.19999694824219
96.47000122070313
95.96000671386719
92.29000091552734
93.30001068115234
94.73999786376953
93.1300048828125
95.02999877929688
95.14000701904297
96.15000915527344
94.91000366210938
97.6100082397461
97.04000854492188
95.91999816894531
95.63999938964844
93.65000915527344
93.95000457763672
96.6300048828125
96.0
93.94000244140625
94.8800048828125
92.64000701904297
94.10000610351563
92.74000549316406
93.5
93.89000701904297
94.70000457763672
95.06000518798828
94.21000671386719
95.1100082397461
94.61000061035156
96.83999633789063
93.9000015258789
94.260009765625
93.9000015258789
94.760009765625
95.21000671386719
94.52999877929688
96.93000793457031
95.49000549316406
93.94000244140625
94.760009765625
93.58000946044922
94.88999938964844
97.18000793457031
95.52000427246094
94.56000518798828
94.05999755859375
94.51000213623047
95.6100082397461
93.41000366210938
94.68000793457031
96.7800064086914
94.86000061035156
94.19000244140625
95.80001068115234
94.71000671386719
94.64000701904297
95.8499984741211
94.82000732421875
95.32000732421875
93.72000885009766
93.4800033569336
95.54000854492188
94.48001098632813
93.510009765625
93.75
96.35000610351563
93.95000457763672
97.33000946044922
93.95000457763672
95.9000015258789
93.59000396728516
94.00000762939453
97.2300033569336
94.7800064086914
97.46000671386719
95.0
96.85000610351563
96.25
95.8800048828125
95.49000549316406
95.16000366210938
95.02999877929688
95.42000579833984
95.25000762939453
95.5300064086914
97.06000518798828
96.27999877929688
96.12000274658203
97.54000854492188
96.81999969482422
97.25
97.58000183105469
95.44999694824219
96.49000549316406
95.82000732421875
96.64000701904297
96.0300064086914
98.93000793457031
97.60000610351563
96.79000854492188
97.91000366210938
98.96000671386719
98.61000061035156
97.2300033569336
98.41000366210938
98.77000427246094
95.72000122070313
98.20000457763672
94.0300064086914
96.83999633789063
95.47000885009766
94.92000579833984
94.47000122070313
95.80001068115234
95.55000305175781
94.07000732421875
94.51000213623047
94.90000915527344
95.94001007080078
95.08000183105469
94.96000671386719
96.0
94.21000671386719
95.77000427246094
96.45000457763672
92.44000244140625
93.72000885009766
93.70001220703125
95.09001159667969
95.6100082397461
94.50000762939453
95.60000610351563
95.58999633789063
91.4000015258789
93.59000396728516
94.73999786376953
94.83000946044922
96.15000915527344
95.56000518798828
96.69999694824219
95.81000518798828
94.75
95.21000671386719
96.09000396728516
94.80000305175781
92.29000091552734
96.57000732421875
94.79000091552734
95.24000549316406
96.04000091552734
98.36000061035156
97.76000213623047
97.24000549316406
95.77000427246094
96.31000518798828
97.56000518798828
95.510009765625
95.72000122070313
94.88999938964844
95.63999938964844
94.47000122070313
95.91000366210938
94.43000793457031
95.62000274658203
96.62001037597656
97.12001037597656
98.61000061035156
98.79000854492188
97.20000457763672
96.3600082397461
96.71000671386719
94.93000030517578
97.02000427246094
93.5
95.43000030517578
94.92000579833984
94.35000610351563
93.39000701904297
94.17000579833984
93.77000427246094
94.02000427246094
94.40000915527344
94.58000183105469
94.7300033569336
95.14000701904297
95.8499984741211
94.61000061035156
94.69001007080078
96.83000183105469
95.44999694824219
94.25
94.48001098632813
94.68000793457031
95.47000885009766
95.39000701904297
95.47000885009766
98.12000274658203
95.9800033569336
95.35000610351563
98.77999877929688
97.260009765625
97.90000915527344
96.09000396728516
96.7300033569336
97.59001159667969
97.94000244140625
97.70000457763672
97.07000732421875
96.6300048828125
96.09000396728516
95.25000762939453
96.12000274658203
96.18000030517578
97.18000793457031
96.760009765625
96.61000061035156
97.260009765625
96.88999938964844
99.02000427246094
97.18000793457031
98.63999938964844
98.510009765625
97.19001007080078
96.59000396728516
96.07000732421875
95.33000183105469
95.37001037597656
95.1500015258789
96.22000885009766
96.30000305175781
96.16000366210938
96.10000610351563
97.59001159667969
97.0999984741211
97.74000549316406
97.60000610351563
98.06000518798828
98.59000396728516
100.34000396728516
97.57000732421875
99.01000213623047
100.02999877929688
99.22000885009766
96.51000213623047
98.1300048828125
98.72000885009766
97.91000366210938
97.8800048828125
96.09000396728516
95.3800048828125
95.22000122070313
95.5300064086914
95.8800048828125
95.3800048828125
96.61000061035156
96.17000579833984
96.95000457763672
95.96000671386719
96.7800064086914
96.55999755859375
97.72000122070313
97.51000213623047
97.32000732421875
98.49000549316406
97.36000061035156
96.06001281738281
96.44000244140625
96.32000732421875
98.43000793457031
97.4800033569336
99.5999984741211
99.81001281738281
99.05000305175781
99.02000427246094
98.71000671386719
98.81000518798828
99.64000701904297
99.08000946044922
99.4100112915039
97.40000915527344
99.12001037597656
95.91999816894531
97.22000122070313
98.010009765625
97.77000427246094
96.43000793457031
95.04000854492188
96.48001098632813
96.52000427246094
95.37001037597656
95.9800033569336
94.82000732421875
94.33999633789063
97.45001220703125
98.02000427246094
97.69000244140625
100.05000305175781
99.69001007080078
96.67000579833984
96.79000854492188
96.81000518798828
97.30000305175781
95.67000579833984
96.010009765625
93.93000793457031
93.99000549316406
93.80000305175781
98.27000427246094
96.4000015258789
98.5
97.24000549316406
97.41000366210938
97.79000091552734
97.36000061035156
96.66000366210938
97.1300048828125
97.31001281738281
97.80000305175781
98.77999877929688
