99.43000793457031
100.76000213623047
99.45000457763672
100.07000732421875
102.66999816894531
102.52999877929688
101.19000244140625
101.27000427246094
100.6600112915039
101.29000854492188
101.16000366210938
100.47000885009766
100.5300064086914
101.85000610351563
101.02000427246094
103.17000579833984
102.2300033569336
100.30000305175781
100.91000366210938
100.2800064086914
100.6100082397461
102.06000518798828
101.92000579833984
100.56999969482422
98.52000427246094
100.32000732421875
100.94001007080078
98.08999633789063
98.65000915527344
100.9000015258789
100.08000183105469
99.66999816894531
100.44000244140625
99.9800033569336
97.57000732421875
98.05000305175781
103.04000854492188
99.55001068115234
98.83000183105469
100.02999877929688
100.5300064086914
101.61000061035156
99.18000030517578
100.6300048828125
100.70999908447266
101.3600082397461
99.68000793457031
99.19999694824219
98.97000122070313
97.90000915527344
99.12001037597656
97.32000732421875
99.7800064086914
99.25
98.80000305175781
99.00000762939453
99.45999908447266
99.55001068115234
97.45001220703125
99.27000427246094
97.72000122070313
97.55000305175781
97.87001037597656
96.67000579833984
98.37001037597656
97.31001281738281
95.68000793457031
96.44000244140625
97.4800033569336
97.57000732421875
96.02000427246094
97.38999938964844
98.79000854492188
97.92000579833984
97.19001007080078
97.260009765625
96.57000732421875
94.8800048828125
94.3800048828125
97.36000061035156
100.46000671386719
99.11000061035156
100.5
100.39000701904297
100.47000885009766
98.17000579833984
100.22000122070313
100.94001007080078
99.88999938964844
99.3800048828125
100.05000305175781
96.7300033569336
96.43000793457031
95.8499984741211
98.82000732421875
97.41000366210938
98.20999908447266
96.93000793457031
97.9800033569336
97.56000518798828
97.77000427246094
97.86000061035156
101.52000427246094
100.06000518798828
98.41999816894531
99.94000244140625
98.510009765625
98.31000518798828
99.37000274658203
97.94000244140625
99.40000915527344
97.6300048828125
97.2800064086914
99.61000061035156
98.75
98.77000427246094
100.0
98.71000671386719
99.66999816894531
101.7800064086914
101.41999816894531
99.64000701904297
99.3600082397461
97.5
97.76000213623047
98.80000305175781
99.94000244140625
100.09001159667969
101.11000061035156
99.43000793457031
98.06000518798828
97.86000061035156
97.75000762939453
97.6500015258789
97.6100082397461
97.8800048828125
97.68000793457031
98.60000610351563
98.45000457763672
99.52000427246094
99.77000427246094
98.91000366210938
97.7800064086914
98.39000701904297
97.54000854492188
98.60000610351563
97.85000610351563
100.21000671386719
98.91999816894531
99.48001098632813
97.6100082397461
99.66999816894531
98.72000885009766
99.6500015258789
98.85000610351563
99.37000274658203
98.32000732421875
99.21000671386719
100.02999877929688
99.61000061035156
98.32000732421875
98.29000854492188
97.52999877929688
96.6300048828125
97.06000518798828
95.18000793457031
97.30000305175781
97.43000030517578
98.5
98.22000122070313
97.25
97.38999938964844
95.43000030517578
97.08000183105469
96.54000091552734
97.9800033569336
97.5
99.6300048828125
98.22000122070313
99.43000793457031
100.07000732421875
98.75
98.0300064086914
98.31000518798828
97.85000610351563
95.89000701904297
98.19000244140625
99.09000396728516
100.510009765625
101.68000030517578
100.9800033569336
101.81000518798828
100.9800033569336
101.1300048828125
101.2300033569336
100.1300048828125
100.01000213623047
101.68000030517578
100.27000427246094
99.38999938964844
100.26000213623047
101.18000030517578
100.84000396728516
100.44000244140625
100.67000579833984
99.22000885009766
98.33000183105469
99.82000732421875
98.8800048828125
98.19000244140625
99.2800064086914
100.16999816894531
99.75
99.19000244140625
99.8800048828125
99.70000457763672
99.42000579833984
99.31999969482422
98.44001007080078
98.8800048828125
100.75000762939453
101.15000915527344
98.91999816894531
99.01000213623047
98.58000946044922
98.79000854492188
100.05000305175781
99.15000915527344
100.24000549316406
102.57000732421875
102.20000457763672
99.17000579833984
99.31999969482422
98.72000885009766
99.04000091552734
98.3800048828125
97.9800033569336
99.25
98.9000015258789
98.10000610351563
100.08000183105469
98.82000732421875
99.44000244140625
99.92000579833984
101.09000396728516
98.5300064086914
98.75
96.12000274658203
97.66999816894531
95.30000305175781
97.04000854492188
96.31000518798828
97.11000061035156
98.87000274658203
97.1300048828125
99.52999877929688
99.50000762939453
97.75000762939453
100.25000762939453
100.40000915527344
99.31999969482422
100.70000457763672
100.6600112915039
101.0300064086914
100.05000305175781
99.86000061035156
99.82000732421875
96.57000732421875
97.30000305175781
100.80001068115234
99.84000396728516
99.55001068115234
100.52000427246094
99.49000549316406
99.68000793457031
100.05000305175781
99.51000213623047
99.3800048828125
100.56999969482422
99.87000274658203
100.77999877929688
99.72000122070313
101.39000701904297
101.10000610351563
100.89000701904297
99.97000885009766
100.06000518798828
99.16000366210938
98.79000854492188
99.79000091552734
97.94000244140625
98.52000427246094
98.08999633789063
98.13999938964844
99.66999816894531
98.65000915527344
102.21000671386719
100.01000213623047
100.73001098632813
103.5300064086914
102.68000793457031
100.77999877929688
99.05000305175781
101.05000305175781
100.93000793457031
101.09000396728516
101.27999877929688
102.25
104.5999984741211
102.59001159667969
102.11000061035156
99.66999816894531
100.74000549316406
101.27000427246094
100.34000396728516
102.00000762939453
101.44000244140625
102.47000885009766
103.31000518798828
99.77000427246094
101.17000579833984
100.84000396728516
100.58000183105469
101.27999877929688
98.36000061035156
98.36000061035156
99.09000396728516
98.13999938964844
99.7800064086914
96.97000122070313
98.8800048828125
98.71000671386719
99.07000732421875
98.19000244140625
97.9800033569336
100.02999877929688
99.260009765625
98.54000091552734
100.06000518798828
99.10000610351563
100.35000610351563
97.40000915527344
97.16999816894531
98.23001098632813
98.36000061035156
98.06999969482422
100.16999816894531
98.99000549316406
101.32000732421875
100.81000518798828
99.11000061035156
100.70000457763672
99.260009765625
100.33000946044922
98.68000030517578
100.02000427246094
101.31000518798828
100.05000305175781
101.27999877929688
101.51000213623047
102.42000579833984
103.31000518798828
103.65000915527344
103.13999938964844
102.89000701904297
102.51000213623047
102.6100082397461
101.8800048828125
100.79000854492188
100.49000549316406
101.27999877929688
101.62001037597656
102.6500015258789
100.63999938964844
99.96000671386719
101.11000061035156
100.69000244140625
99.27000427246094
97.90000915527344
97.92000579833984
97.45001220703125
97.43000030517578
98.68000030517578
98.34000396728516
94.73999786376953
95.27000427246094
94.91000366210938
96.46000671386719
94.77000427246094
95.22000122070313
96.3800048828125
96.21000671386719
97.29000091552734
98.29000854492188
95.46000671386719
98.43000793457031
98.12000274658203
98.10000610351563
96.8800048828125
96.80000305175781
95.77999877929688
95.30999755859375
95.6300048828125
95.27000427246094
94.41000366210938
94.54000854492188
95.44999694824219
96.51000213623047
94.760009765625
93.68000030517578
95.41000366210938
94.2300033569336
96.83000183105469
94.79000091552734
96.3800048828125
95.02000427246094
97.02000427246094
93.510009765625
94.40000915527344
94.58000183105469
94.7800064086914
95.1100082397461
92.76000213623047
94.33999633789063
95.0
95.65000915527344
95.09001159667969
92.99000549316406
95.81000518798828
96.09000396728516
97.72000122070313
97.08000183105469
96.26000213623047
96.72000885009766
98.1600112915039
98.12000274658203
97.59001159667969
97.59001159667969
96.95000457763672
94.72000122070313
96.47000122070313
97.09000396728516
97.90000915527344
98.5
97.97000885009766
95.36000061035156
96.760009765625
96.57000732421875
96.13999938964844
96.25
96.75
96.41000366210938
96.1300048828125
97.2800064086914
98.36000061035156
96.57000732421875
97.01000213623047
95.96000671386719
98.02000427246094
98.06999969482422
97.97000885009766
96.33000183105469
98.31000518798828
97.96000671386719
97.37000274658203
98.13999938964844
99.88999938964844
97.16000366210938
97.77000427246094
98.8800048828125
97.5
98.52000427246094
99.12001037597656
98.58000946044922
100.33000946044922
99.19999694824219
99.35000610351563
100.12000274658203
97.73001098632813
98.44001007080078
96.81999969482422
99.54000854492188
97.16000366210938
97.85000610351563
95.36000061035156
98.36000061035156
95.14000701904297
97.79000091552734
96.39000701904297
98.63999938964844
96.16000366210938
96.39000701904297
95.66000366210938
97.34000396728516
94.19999694824219
93.81999969482422
94.50000762939453
96.26000213623047
96.60000610351563
96.1300048828125
96.48001098632813
97.0999984741211
97.91000366210938
97.94999694824219
97.4800033569336
96.72000885009766
95.44999694824219
96.27999877929688
94.92000579833984
93.94000244140625
95.2800064086914
94.42000579833984
97.82000732421875
94.47000122070313
95.86000061035156
95.37001037597656
96.21000671386719
95.40000915527344
96.50000762939453
94.71000671386719
95.22000122070313
97.2800064086914
98.70001220703125
96.37000274658203
99.55001068115234
99.22000885009766
99.2300033569336
99.31000518798828
97.97000885009766
97.94999694824219
98.81000518798828
97.91000366210938
98.8800048828125
96.61000061035156
98.18000793457031
98.3499984741211
97.6100082397461
96.80000305175781
97.16999816894531
95.67000579833984
95.9800033569336
96.41000366210938
96.55000305175781
97.16999816894531
98.71000671386719
98.36000061035156
98.65000915527344
98.47000122070313
98.72000885009766
100.3800048828125
99.16000366210938
97.90000915527344
98.5
99.15000915527344
99.31000518798828
98.85000610351563
98.5300064086914
98.37001037597656
97.30000305175781
96.17000579833984
95.94001007080078
94.90000915527344
95.60000610351563
96.79000854492188
96.45000457763672
97.55000305175781
97.6300048828125
95.66000366210938
96.4000015258789
98.26000213623047
95.99000549316406
96.31000518798828
97.30000305175781
96.55000305175781
98.91000366210938
98.7300033569336
100.23001098632813
96.91000366210938
100.62000274658203
100.16000366210938
99.82000732421875
100.12000274658203
101.16000366210938
99.70000457763672
100.40000915527344
101.62001037597656
100.16000366210938
99.83000946044922
99.11000061035156
99.88999938964844
97.93000030517578
97.32000732421875
95.8800048828125
98.02000427246094
97.02999877929688
98.08000183105469
96.95000457763672
95.86000061035156
98.39000701904297
98.05000305175781
98.67000579833984
99.57000732421875
95.75000762939453
95.9000015258789
97.38999938964844
97.2300033569336
95.52000427246094
96.93000793457031
96.66000366210938
97.33000946044922
97.11000061035156
97.9800033569336
95.84000396728516
97.99000549316406
96.60000610351563
96.91000366210938
95.91000366210938
95.70999908447266
96.93000793457031
98.56001281738281
98.43000793457031
97.27000427246094
97.94999694824219
97.11000061035156
96.80000305175781
99.00000762939453
98.97000122070313
100.04000854492188
99.260009765625
97.83000183105469
98.06000518798828
97.47000885009766
97.96000671386719
96.26000213623047
97.80999755859375
97.96000671386719
97.73001098632813
98.94000244140625
98.62000274658203
99.45000457763672
99.08000946044922
101.61000061035156
101.93000793457031
101.35000610351563
100.56999969482422
99.09000396728516
100.58999633789063
99.30000305175781
98.30001068115234
96.80000305175781
99.3600082397461
98.06999969482422
98.4800033569336
96.7300033569336
99.09000396728516
99.62001037597656
97.79000091552734
99.79000091552734
96.94000244140625
99.81001281738281
98.77999877929688
97.00000762939453
96.8800048828125
98.29000854492188
97.31001281738281
96.26000213623047
95.56999969482422
97.11000061035156
97.92000579833984
97.27000427246094
96.39000701904297
97.64000701904297
97.25
95.65000915527344
97.54000854492188
97.92000579833984
97.80000305175781
97.52999877929688
97.32000732421875
97.94000244140625
97.52999877929688
98.08000183105469
99.6500015258789
99.52000427246094
99.77000427246094
100.18000793457031
100.02999877929688
97.99000549316406
99.49000549316406
97.99000549316406
97.40000915527344
98.47000122070313
97.52000427246094
96.94000244140625
98.87000274658203
99.05999755859375
98.91999816894531
100.1100082397461
98.77000427246094
99.80000305175781
96.79000854492188
97.54000854492188
97.18000793457031
98.72000885009766
99.08000946044922
98.19000244140625
98.97000122070313
98.23001098632813
97.96000671386719
98.97000122070313
100.80001068115234
98.32000732421875
99.71000671386719
98.7300033569336
97.60000610351563
100.54000854492188
97.62000274658203
97.29000091552734
97.60000610351563
97.19001007080078
97.7800064086914
96.71000671386719
97.6500015258789
96.72000885009766
97.40000915527344
96.69999694824219
97.66999816894531
98.04000854492188
98.94000244140625
99.33000183105469
99.260009765625
99.44000244140625
98.52000427246094
96.88999938964844
95.84000396728516
97.06000518798828
96.11000061035156
94.58000183105469
97.62000274658203
97.80000305175781
95.86000061035156
96.99000549316406
95.91999816894531
95.89000701904297
95.99000549316406
96.34001159667969
95.65000915527344
97.54000854492188
96.57000732421875
98.89000701904297
98.49000549316406
98.56001281738281
98.63999938964844
98.72000885009766
97.01000213623047
98.83000183105469
98.23001098632813
98.45000457763672
98.98001098632813
100.56999969482422
97.07000732421875
97.49000549316406
96.33000183105469
96.3600082397461
97.32000732421875
96.22000885009766
97.33000946044922
96.2300033569336
97.90000915527344
95.42000579833984
95.56999969482422
95.56999969482422
95.1300048828125
96.3600082397461
94.58000183105469
96.79000854492188
93.59000396728516
96.3600082397461
97.06000518798828
97.29000091552734
96.760009765625
95.91000366210938
98.45000457763672
98.18000793457031
97.49000549316406
98.65000915527344
96.69999694824219
97.47000885009766
98.0300064086914
96.48001098632813
95.91999816894531
96.59000396728516
97.75000762939453
95.74000549316406
97.2300033569336
98.99000549316406
99.05999755859375
99.97000885009766
97.91000366210938
98.46000671386719
98.74000549316406
97.82000732421875
95.47000885009766
97.31001281738281
97.44000244140625
94.99000549316406
97.02000427246094
98.54000091552734
97.74000549316406
96.33000183105469
96.57000732421875
98.010009765625
97.68000793457031
98.10000610351563
97.90000915527344
99.35000610351563
98.33000183105469
98.06999969482422
97.84000396728516
100.41000366210938
100.30999755859375
99.44000244140625
99.33000183105469
99.25
99.15000915527344
100.47000885009766
99.64000701904297
99.79000091552734
97.77000427246094
97.46000671386719
100.41000366210938
98.71000671386719
97.93000030517578
99.17000579833984
97.1300048828125
98.60000610351563
98.41000366210938
98.36000061035156
99.02000427246094
98.72000885009766
97.35000610351563
97.32000732421875
98.04000854492188
98.91000366210938
98.04000854492188
98.9000015258789
97.97000885009766
98.96000671386719
98.8800048828125
99.56000518798828
99.66000366210938
99.52999877929688
97.76000213623047
98.08999633789063
98.32000732421875
99.45000457763672
99.01000213623047
98.37001037597656
97.55000305175781
101.0
98.74000549316406
100.02999877929688
99.93000030517578
100.09001159667969
98.010009765625
97.97000885009766
98.69000244140625
98.22000122070313
99.43000793457031
98.95000457763672
99.17000579833984
99.75
98.93000793457031
97.55000305175781
96.09000396728516
95.81000518798828
96.0300064086914
98.04000854492188
97.57000732421875
97.80999755859375
97.89000701904297
98.22000122070313
97.99000549316406
99.04000091552734
98.24000549316406
98.24000549316406
99.97000885009766
96.26000213623047
97.82000732421875
96.92000579833984
96.44000244140625
94.47000122070313
94.87000274658203
96.09000396728516
98.1100082397461
94.2300033569336
96.18000030517578
96.3600082397461
96.58000183105469
97.64000701904297
95.91999816894531
97.94000244140625
96.98001098632813
96.46000671386719
96.87000274658203
98.32000732421875
98.80000305175781
98.22000122070313
98.0
98.39000701904297
97.91000366210938
98.20999908447266
97.83000183105469
95.91999816894531
96.79000854492188
97.55000305175781
94.45000457763672
96.3600082397461
94.95001220703125
94.88999938964844
94.54000854492188
94.43000793457031
94.62001037597656
96.21000671386719
97.71000671386719
97.70000457763672
95.81000518798828
97.66999816894531
96.83000183105469
97.9800033569336
97.6300048828125
98.20000457763672
96.83000183105469
97.16999816894531
100.35000610351563
100.14000701904297
97.09000396728516
95.81000518798828
96.72000885009766
100.09001159667969
100.33000946044922
98.37001037597656
99.40000915527344
96.4000015258789
97.29000091552734
99.85000610351563
98.17000579833984
97.11000061035156
96.3800048828125
97.12001037597656
97.54000854492188
96.010009765625
95.12000274658203
95.66000366210938
96.95000457763672
94.88999938964844
94.48001098632813
96.04000091552734
95.66000366210938
96.81999969482422
96.20001220703125
96.99000549316406
98.10000610351563
94.93000030517578
97.68000793457031
96.29000854492188
95.9000015258789
95.80001068115234
96.47000122070313
96.55000305175781
96.0300064086914
95.87001037597656
96.72000885009766
97.69000244140625
95.77000427246094
97.73001098632813
97.34000396728516
97.52000427246094
97.5
98.7300033569336
96.88999938964844
96.18000030517578
96.90000915527344
95.9000015258789
95.1300048828125
95.6300048828125
97.54000854492188
95.41000366210938
95.3800048828125
96.21000671386719
95.91000366210938
95.10000610351563
96.11000061035156
94.7300033569336
96.74000549316406
98.49000549316406
96.69000244140625
97.09000396728516
97.38999938964844
96.75
98.22000122070313
99.71000671386719
98.76000213623047
97.38999938964844
97.08000183105469
98.97000122070313
98.1300048828125
97.2800064086914
96.7300033569336
97.90000915527344
97.21000671386719
96.10000610351563
99.31000518798828
97.80999755859375
98.4800033569336
97.72000122070313
97.90000915527344
97.01000213623047
99.21000671386719
98.46000671386719
98.46000671386719
97.83000183105469
97.87001037597656
96.83999633789063
97.44000244140625
98.94000244140625
97.24000549316406
98.91000366210938
97.45001220703125
97.94999694824219
97.52000427246094
98.0300064086914
98.17000579833984
98.79000854492188
97.90000915527344
97.72000122070313
97.74000549316406
98.06999969482422
96.85000610351563
96.10000610351563
97.27000427246094
98.95000457763672
97.7800064086914
97.64000701904297
99.0300064086914
97.66999816894531
98.87000274658203
97.97000885009766
98.60000610351563
98.96000671386719
98.04000854492188
100.1100082397461
99.10000610351563
98.37001037597656
98.13999938964844
98.87000274658203
99.02000427246094
97.71000671386719
97.04000854492188
98.39000701904297
98.1100082397461
97.79000091552734
98.12000274658203
97.34000396728516
95.6300048828125
95.9000015258789
96.34001159667969
97.29000091552734
98.47000122070313
98.57000732421875
96.12000274658203
96.24000549316406
94.68000793457031
95.97000122070313
95.6100082397461
96.83999633789063
95.81000518798828
96.75
96.81000518798828
96.99000549316406
96.29000854492188
95.67000579833984
94.760009765625
98.29000854492188
96.67000579833984
96.8800048828125
96.8800048828125
97.14000701904297
98.67000579833984
99.82000732421875
97.51000213623047
97.86000061035156
98.08000183105469
99.33000183105469
97.260009765625
99.27000427246094
98.52000427246094
97.89000701904297
97.2800064086914
97.05001068115234
97.74000549316406
96.69999694824219
98.91000366210938
98.4000015258789
97.75000762939453
97.73001098632813
98.19000244140625
97.59001159667969
98.24000549316406
99.50000762939453
96.71000671386719
96.83999633789063
98.1600112915039
97.8800048828125
97.52000427246094
98.49000549316406
97.97000885009766
98.91000366210938
100.8800048828125
97.73001098632813
96.6300048828125
100.30999755859375
99.2300033569336
98.71000671386719
98.67000579833984
98.45000457763672
96.33000183105469
99.01000213623047
98.84001159667969
95.70999908447266
98.4000015258789
98.02000427246094
98.68000030517578
98.77999877929688
99.64000701904297
99.04000091552734
95.42000579833984
98.57000732421875
97.94999694824219
97.52999877929688
98.44001007080078
97.1300048828125
97.21000671386719
100.07000732421875
97.79000091552734
99.27000427246094
97.43000030517578
97.87001037597656
95.91000366210938
97.260009765625
95.54000854492188
98.0300064086914
97.2300033569336
93.77000427246094
95.87001037597656
96.87000274658203
97.70000457763672
97.62000274658203
95.91999816894531
95.93000793457031
97.75000762939453
98.33000183105469
94.61000061035156
95.49000549316406
97.83000183105469
96.72000885009766
95.34000396728516
97.70000457763672
96.99000549316406
96.54000091552734
94.57000732421875
95.8499984741211
97.1300048828125
97.20000457763672
97.33000946044922
98.43000793457031
95.75000762939453
95.34000396728516
97.74000549316406
96.67000579833984
96.45000457763672
96.09000396728516
95.18000793457031
95.02999877929688
98.0
98.55000305175781
97.47000885009766
97.47000885009766
97.16000366210938
96.7300033569336
97.69000244140625
98.24000549316406
97.38999938964844
96.07000732421875
95.91000366210938
96.1300048828125
97.30000305175781
97.35000610351563
95.47000885009766
96.41000366210938
95.35000610351563
95.93000793457031
97.90000915527344
96.760009765625
96.39000701904297
97.6100082397461
97.40000915527344
96.05000305175781
95.01000213623047
95.70000457763672
95.8800048828125
97.2300033569336
98.97000122070313
100.05000305175781
99.58000183105469
99.83000946044922
99.81001281738281
96.92000579833984
99.25
100.89000701904297
99.07000732421875
98.63999938964844
96.93000793457031
97.47000885009766
100.36000061035156
97.64000701904297
97.55000305175781
97.01000213623047
97.93000030517578
96.87000274658203
96.92000579833984
97.2800064086914
99.0300064086914
98.61000061035156
97.6500015258789
98.81000518798828
98.32000732421875
95.72000122070313
97.3800048828125
99.08000946044922
96.1300048828125
97.2800064086914
96.29000854492188
97.1500015258789
96.30000305175781
96.80000305175781
95.62000274658203
95.97000122070313
95.79000854492188
98.70001220703125
98.46000671386719
95.56000518798828
99.7300033569336
98.54000091552734
97.7800064086914
98.24000549316406
97.80000305175781
97.92000579833984
97.76000213623047
98.67000579833984
95.84000396728516
97.94999694824219
98.1100082397461
97.51000213623047
97.1500015258789
94.93000030517578
97.64000701904297
97.68000793457031
98.26000213623047
99.75
98.13999938964844
98.25000762939453
99.01000213623047
97.64000701904297
97.94000244140625
99.45999908447266
98.41000366210938
97.82000732421875
97.57000732421875
97.47000885009766
99.44000244140625
98.0300064086914
99.44000244140625
98.30001068115234
96.79000854492188
96.87000274658203
99.62001037597656
99.08000946044922
97.41000366210938
98.41000366210938
97.11000061035156
96.7800064086914
97.80999755859375
99.42000579833984
98.18000793457031
99.72000122070313
96.52000427246094
96.8800048828125
95.30000305175781
97.7800064086914
98.0300064086914
98.22000122070313
94.96000671386719
97.51000213623047
98.93000793457031
97.44000244140625
98.20000457763672
98.27999877929688
96.41000366210938
97.16999816894531
99.19000244140625
98.8800048828125
97.1500015258789
97.3800048828125
99.94000244140625
99.79000091552734
96.83999633789063
97.56000518798828
95.93000793457031
94.5999984741211
98.27999877929688
95.510009765625
96.72000885009766
96.44000244140625
96.62001037597656
96.3600082397461
98.67000579833984
99.54000854492188
101.59000396728516
101.52000427246094
99.43000793457031
98.5300064086914
97.92000579833984
98.52000427246094
99.77000427246094
97.87001037597656
99.6500015258789
99.74000549316406
100.09001159667969
99.6300048828125
98.26000213623047
97.7800064086914
97.58000183105469
98.93000793457031
98.60000610351563
99.04000091552734
100.30000305175781
98.9000015258789
100.46000671386719
98.34000396728516
99.43000793457031
100.20000457763672
98.95000457763672
100.40000915527344
99.19000244140625
99.18000030517578
100.58999633789063
101.2300033569336
100.37001037597656
101.68000030517578
100.02999877929688
100.42000579833984
101.62001037597656
100.4800033569336
99.87000274658203
102.38999938964844
102.00000762939453
101.48001098632813
100.69000244140625
99.52000427246094
100.21000671386719
100.46000671386719
98.99000549316406
99.92000579833984
100.84000396728516
99.97000885009766
100.5300064086914
102.18000793457031
103.59000396728516
102.44000244140625
101.50000762939453
101.25000762939453
102.34000396728516
100.1100082397461
98.8800048828125
100.08000183105469
100.24000549316406
99.21000671386719
100.10000610351563
99.25
99.16000366210938
99.51000213623047
99.88999938964844
100.2800064086914
101.16000366210938
100.40000915527344
99.94000244140625
100.89000701904297
101.0
101.4000015258789
99.52999877929688
100.36000061035156
101.30000305175781
99.57000732421875
99.83000946044922
99.87000274658203
99.93000030517578
100.76000213623047
98.5300064086914
98.20999908447266
97.2800064086914
98.9000015258789
97.91000366210938
98.27999877929688
99.86000061035156
99.87000274658203
99.01000213623047
99.43000793457031
101.34001159667969
99.64000701904297
100.12000274658203
100.09001159667969
101.13999938964844
100.19000244140625
100.29000091552734
99.57000732421875
100.79000854492188
99.91000366210938
98.4000015258789
99.87000274658203
99.97000885009766
100.6600112915039
101.1300048828125
101.21000671386719
100.73001098632813
100.56000518798828
98.98001098632813
99.3800048828125
99.25
98.23001098632813
100.1100082397461
99.17000579833984
98.91999816894531
100.75000762939453
97.85000610351563
99.49000549316406
99.44000244140625
101.43000793457031
99.1300048828125
100.44000244140625
98.56001281738281
100.86000061035156
100.10000610351563
99.81001281738281
101.19000244140625
100.82000732421875
98.13999938964844
100.81000518798828
100.58000183105469
99.85000610351563
98.63999938964844
97.94000244140625
98.89000701904297
98.83000183105469
100.23001098632813
99.33999633789063
97.47000885009766
100.23001098632813
97.33000946044922
97.57000732421875
97.68000793457031
99.49000549316406
98.87000274658203
99.97000885009766
100.24000549316406
99.35000610351563
98.52000427246094
99.9800033569336
100.4800033569336
99.6300048828125
99.7800064086914
100.9000015258789
100.6300048828125
99.0300064086914
98.55000305175781
98.27999877929688
97.62000274658203
97.56000518798828
97.99000549316406
96.68000030517578
97.74000549316406
97.94000244140625
96.99000549316406
97.31001281738281
99.2300033569336
100.6300048828125
100.77000427246094
100.56000518798828
98.6300048828125
101.58000946044922
98.37001037597656
97.8800048828125
97.85000610351563
96.81000518798828
96.85000610351563
98.26000213623047
98.18000793457031
97.32000732421875
97.41000366210938
97.56000518798828
98.89000701904297
99.45000457763672
97.41000366210938
98.22000122070313
95.96000671386719
96.85000610351563
99.02000427246094
98.8600082397461
98.72000885009766
98.49000549316406
98.9000015258789
96.43000793457031
95.6100082397461
96.55999755859375
95.95000457763672
95.06000518798828
96.64000701904297
97.46000671386719
98.12000274658203
96.69999694824219
94.27000427246094
96.18000030517578
97.11000061035156
94.91000366210938
93.43000793457031
93.7300033569336
94.18000030517578
95.55000305175781
96.18000030517578
97.86000061035156
97.6100082397461
99.17000579833984
98.71000671386719
98.13999938964844
99.08000946044922
97.25
98.13999938964844
98.31000518798828
95.20000457763672
97.52999877929688
96.95000457763672
97.1500015258789
94.760009765625
96.71000671386719
96.88999938964844
97.43000030517578
97.34000396728516
96.8800048828125
98.08000183105469
97.84000396728516
95.6100082397461
95.44999694824219
98.1100082397461
96.72000885009766
95.87001037597656
96.46000671386719
96.51000213623047
96.5300064086914
95.43000030517578
94.56000518798828
95.86000061035156
94.27000427246094
94.99000549316406
94.81001281738281
94.58000183105469
94.16000366210938
95.89000701904297
96.3800048828125
95.58999633789063
94.61000061035156
95.60000610351563
95.67000579833984
96.20001220703125
94.83000946044922
96.17000579833984
95.9800033569336
94.45000457763672
97.52999877929688
96.94000244140625
96.95999908447266
97.45001220703125
97.16000366210938
97.22000122070313
95.5300064086914
94.49000549316406
96.67000579833984
95.02000427246094
96.95999908447266
95.96000671386719
96.69999694824219
95.69000244140625
95.52000427246094
97.21000671386719
96.41000366210938
95.70999908447266
96.55999755859375
96.48001098632813
96.85000610351563
97.64000701904297
97.36000061035156
98.08999633789063
97.35000610351563
97.71000671386719
98.05000305175781
97.92000579833984
99.38999938964844
97.27000427246094
97.49000549316406
98.30001068115234
98.17000579833984
97.72000122070313
98.56001281738281
98.27000427246094
98.67000579833984
99.27000427246094
97.84000396728516
98.93000793457031
97.43000030517578
98.1600112915039
96.94000244140625
97.85000610351563
97.38999938964844
96.99000549316406
96.12000274658203
96.55999755859375
96.05000305175781
95.4800033569336
95.96000671386719
95.83000183105469
98.010009765625
97.55000305175781
97.73001098632813
97.18000793457031
98.29000854492188
97.6500015258789
94.87000274658203
95.58999633789063
96.94000244140625
96.83000183105469
97.30000305175781
98.20000457763672
96.58000183105469
95.86000061035156
96.44000244140625
99.00000762939453
96.95000457763672
96.59000396728516
98.77000427246094
100.65000915527344
95.91999816894531
96.21000671386719
95.97000122070313
96.43000793457031
94.47000122070313
98.08000183105469
97.87001037597656
96.90000915527344
97.3800048828125
97.76000213623047
98.31000518798828
97.6100082397461
99.11000061035156
98.60000610351563
96.54000091552734
98.39000701904297
95.6300048828125
97.260009765625
96.49000549316406
97.09000396728516
97.6500015258789
95.9000015258789
97.29000091552734
97.43000030517578
94.69001007080078
95.27000427246094
96.91000366210938
95.67000579833984
97.46000671386719
95.52000427246094
96.25
95.93000793457031
97.2800064086914
96.92000579833984
97.40000915527344
96.79000854492188
97.22000122070313
96.90000915527344
99.00000762939453
99.27000427246094
96.25
96.81000518798828
97.16000366210938
96.57000732421875
95.1100082397461
98.5300064086914
97.51000213623047
99.7300033569336
99.82000732421875
98.8600082397461
99.24000549316406
100.30999755859375
100.81000518798828
98.31000518798828
97.72000122070313
98.96000671386719
98.95000457763672
98.91999816894531
97.83000183105469
99.33000183105469
98.44001007080078
96.75
95.91999816894531
96.25
97.20000457763672
96.85000610351563
97.54000854492188
96.32000732421875
97.30000305175781
96.79000854492188
96.91000366210938
96.52000427246094
95.6300048828125
97.00000762939453
95.6300048828125
97.57000732421875
97.6100082397461
97.21000671386719
95.12000274658203
95.70999908447266
95.62000274658203
97.21000671386719
98.26000213623047
95.97000122070313
96.99000549316406
95.81000518798828
97.18000793457031
94.83000946044922
95.80001068115234
95.16000366210938
96.27999877929688
96.52000427246094
96.87000274658203
95.70999908447266
96.72000885009766
97.80000305175781
97.27000427246094
97.87001037597656
96.37000274658203
97.75000762939453
97.80999755859375
96.92000579833984
97.70000457763672
98.10000610351563
95.79000854492188
97.97000885009766
98.5300064086914
95.6300048828125
96.34001159667969
98.1300048828125
95.40000915527344
95.37001037597656
96.85000610351563
97.08000183105469
98.43000793457031
97.42000579833984
98.60000610351563
96.51000213623047
96.77000427246094
97.6300048828125
98.93000793457031
99.38999938964844
96.26000213623047
98.1100082397461
98.43000793457031
96.88999938964844
97.16000366210938
99.69001007080078
100.02999877929688
99.09000396728516
96.65000915527344
96.69000244140625
96.18000030517578
96.7800064086914
95.84000396728516
95.16999816894531
95.79000854492188
97.24000549316406
95.08000183105469
96.06001281738281
94.35000610351563
95.87001037597656
96.06001281738281
96.75
100.46000671386719
98.81000518798828
100.32000732421875
98.20000457763672
97.4800033569336
98.45000457763672
98.33000183105469
99.42000579833984
98.62000274658203
97.82000732421875
97.42000579833984
96.93000793457031
96.02000427246094
96.66000366210938
95.80001068115234
97.58000183105469
96.41000366210938
97.84000396728516
96.15000915527344
96.61000061035156
96.16000366210938
96.52000427246094
97.09000396728516
97.84000396728516
97.05001068115234
96.35000610351563
95.68000793457031
98.13999938964844
97.21000671386719
98.94000244140625
98.41000366210938
97.5
96.22000885009766
96.67000579833984
97.38999938964844
96.91000366210938
95.46000671386719
95.10000610351563
96.97000122070313
95.49000549316406
95.8800048828125
96.32000732421875
96.010009765625
96.27999877929688
95.18000793457031
96.18000030517578
97.02999877929688
95.30999755859375
95.62000274658203
96.43000793457031
95.26000213623047
95.54000854492188
94.0300064086914
95.40000915527344
93.91999816894531
96.31000518798828
93.68000030517578
94.84000396728516
95.6300048828125
95.24000549316406
95.10000610351563
94.91000366210938
95.35000610351563
95.81000518798828
97.16999816894531
97.07000732421875
96.77000427246094
96.81000518798828
98.02000427246094
95.42000579833984
96.95999908447266
95.73001098632813
97.29000091552734
96.010009765625
96.3800048828125
96.13999938964844
97.43000030517578
95.34000396728516
96.30000305175781
97.40000915527344
95.55000305175781
95.41000366210938
97.2300033569336
96.010009765625
96.66000366210938
97.52999877929688
97.06000518798828
96.29000854492188
98.12000274658203
97.00000762939453
97.16999816894531
96.61000061035156
97.29000091552734
96.72000885009766
96.83999633789063
97.2300033569336
97.83000183105469
97.24000549316406
96.41000366210938
96.49000549316406
99.18000030517578
95.67000579833984
97.77000427246094
99.59000396728516
98.23001098632813
96.31000518798828
97.24000549316406
97.07000732421875
96.29000854492188
95.5300064086914
95.14000701904297
96.41000366210938
96.37000274658203
98.3499984741211
99.19999694824219
98.8600082397461
95.8499984741211
95.77000427246094
95.33000183105469
96.69000244140625
97.14000701904297
97.31001281738281
95.75000762939453
96.88999938964844
95.68000793457031
95.69000244140625
95.94001007080078
95.77000427246094
98.3499984741211
97.00000762939453
95.93000793457031
94.88999938964844
94.99000549316406
93.66000366210938
94.31000518798828
95.16000366210938
95.37001037597656
95.56999969482422
95.70999908447266
94.07000732421875
96.20001220703125
95.60000610351563
97.86000061035156
95.01000213623047
95.60000610351563
95.16000366210938
95.3800048828125
96.17000579833984
96.04000091552734
94.8800048828125
96.29000854492188
97.87001037597656
99.29000854492188
96.54000091552734
97.14000701904297
97.77000427246094
96.18000030517578
98.27000427246094
96.74000549316406
97.06000518798828
97.14000701904297
96.67000579833984
99.6500015258789
97.56000518798828
96.93000793457031
95.63999938964844
98.15000915527344
97.71000671386719
97.41000366210938
97.57000732421875
97.74000549316406
95.27000427246094
98.72000885009766
98.75
98.57000732421875
98.5300064086914
97.73001098632813
97.0999984741211
96.13999938964844
97.33000946044922
95.76000213623047
96.02000427246094
96.72000885009766
96.69000244140625
98.02000427246094
95.9800033569336
97.89000701904297
98.20000457763672
96.72000885009766
96.27999877929688
96.33000183105469
98.93000793457031
97.76000213623047
98.1300048828125
97.52999877929688
97.09000396728516
95.23001098632813
96.12000274658203
