106.93000793457031
108.27000427246094
106.84001159667969
107.3800048828125
109.8800048828125
109.9800033569336
109.16000366210938
108.22000122070313
107.71000671386719
107.84000396728516
107.97000885009766
107.94000244140625
107.44000244140625
108.89000701904297
108.09001159667969
110.16999816894531
109.15000915527344
108.0300064086914
108.43000793457031
107.33000946044922
107.71000671386719
109.34001159667969
108.96000671386719
108.04000854492188
106.12000274658203
107.27000427246094
108.47000122070313
105.6100082397461
105.67000579833984
108.42001342773438
107.60000610351563
106.59000396728516
108.05000305175781
107.54000854492188
105.08000183105469
105.2800064086914
110.30999755859375
106.8800048828125
106.75
107.34000396728516
107.7800064086914
108.77999877929688
107.07000732421875
107.27000427246094
108.1600112915039
108.67000579833984
107.02000427246094
106.71000671386719
106.19000244140625
105.32000732421875
106.65000915527344
105.32000732421875
107.73001098632813
106.58000946044922
106.55999755859375
105.9800033569336
106.94000244140625
106.95000457763672
104.61000061035156
106.11000061035156
104.67001342773438
105.01000213623047
105.42000579833984
104.3600082397461
105.5300064086914
104.05999755859375
102.9800033569336
103.32000732421875
104.66000366210938
104.70000457763672
103.69000244140625
104.75
105.5300064086914
104.74000549316406
104.19999694824219
104.56000518798828
103.57000732421875
102.46000671386719
101.81999969482422
104.11000061035156
107.36000061035156
106.41000366210938
107.60000610351563
107.17001342773438
107.54000854492188
105.19000244140625
107.84000396728516
108.58000946044922
107.02999877929688
105.96000671386719
106.69000244140625
103.62000274658203
103.18000793457031
102.86000061035156
105.86000061035156
104.80000305175781
105.56999969482422
104.48001098632813
105.04000854492188
104.61000061035156
105.23001098632813
104.79000091552734
108.67000579833984
107.29000091552734
105.6100082397461
107.04000854492188
105.44000244140625
105.21000671386719
106.68000030517578
105.09001159667969
106.43000793457031
104.94000244140625
104.49000549316406
106.02000427246094
105.76000213623047
106.18000030517578
106.85000610351563
106.58000946044922
106.9100112915039
108.9000015258789
108.3499984741211
106.57000732421875
106.74000549316406
104.4100112915039
104.3600082397461
105.72000122070313
106.90000915527344
106.8800048828125
108.27000427246094
106.27999877929688
104.64000701904297
104.45000457763672
104.82000732421875
104.6500015258789
104.85000610351563
104.88999938964844
104.64000701904297
106.15000915527344
105.6100082397461
106.31000518798828
106.84001159667969
106.4000015258789
104.99000549316406
105.8499984741211
105.29000091552734
106.010009765625
105.6300048828125
107.31001281738281
105.82000732421875
106.74000549316406
104.9800033569336
107.51000213623047
105.67000579833984
106.65000915527344
106.81999969482422
107.32000732421875
106.09000396728516
106.49000549316406
107.31001281738281
107.05001068115234
105.58000183105469
105.00000762939453
105.14000701904297
103.77000427246094
103.85000610351563
102.80999755859375
104.84000396728516
104.92000579833984
105.36000061035156
104.96000671386719
104.4100112915039
104.64000701904297
102.60000610351563
104.55001068115234
104.34001159667969
105.9000015258789
104.72000122070313
107.00000762939453
105.20000457763672
106.13999938964844
106.77000427246094
105.74000549316406
104.84000396728516
105.09001159667969
104.6500015258789
103.06999969482422
105.24000549316406
106.06001281738281
107.55000305175781
109.11000061035156
108.37001037597656
109.31000518798828
108.09001159667969
108.69000244140625
108.510009765625
107.06000518798828
107.58000183105469
109.3800048828125
107.71000671386719
106.55999755859375
107.20000457763672
107.9800033569336
108.6300048828125
107.3800048828125
108.13999938964844
106.09000396728516
104.49000549316406
107.27000427246094
105.86000061035156
105.33000946044922
106.6300048828125
106.46000671386719
106.72000885009766
106.26000213623047
106.75
107.31001281738281
106.87000274658203
105.82000732421875
105.74000549316406
105.68000793457031
108.44001007080078
107.80000305175781
105.82000732421875
105.91000366210938
105.23001098632813
105.75000762939453
107.64000701904297
106.22000885009766
107.59001159667969
108.80000305175781
109.2800064086914
106.17000579833984
106.25000762939453
106.760009765625
106.32000732421875
105.65000915527344
105.6300048828125
106.55000305175781
106.09000396728516
105.06000518798828
106.8800048828125
106.04000091552734
106.510009765625
107.16000366210938
108.59000396728516
105.93000793457031
105.74000549316406
104.09000396728516
105.02000427246094
102.83000946044922
104.4100112915039
103.54000091552734
104.51000213623047
106.3800048828125
105.12000274658203
106.65000915527344
106.75
105.510009765625
107.37000274658203
107.80999755859375
106.46000671386719
107.92000579833984
107.79000091552734
108.52000427246094
106.92000579833984
107.38999938964844
107.22000122070313
104.16000366210938
105.510009765625
108.34000396728516
107.31001281738281
106.83000183105469
107.93000030517578
106.65000915527344
106.62001037597656
107.260009765625
107.05001068115234
106.52000427246094
107.7800064086914
107.52999877929688
108.06000518798828
107.24000549316406
109.02000427246094
108.77000427246094
108.31000518798828
107.52999877929688
107.80000305175781
106.81999969482422
106.20001220703125
107.66000366210938
105.30000305175781
105.32000732421875
105.47000885009766
105.08000183105469
107.12001037597656
106.760009765625
109.96000671386719
107.33000946044922
108.34000396728516
110.81000518798828
109.99000549316406
107.82000732421875
106.02000427246094
108.22000122070313
108.5
108.43000793457031
108.4000015258789
109.54000854492188
112.42000579833984
110.510009765625
109.6300048828125
107.91000366210938
108.22000122070313
109.02000427246094
108.26000213623047
109.10000610351563
109.3600082397461
109.84000396728516
110.55000305175781
106.6300048828125
108.58000946044922
108.37001037597656
108.06999969482422
108.08000183105469
105.75000762939453
105.49000549316406
106.1300048828125
104.92000579833984
106.27000427246094
104.64000701904297
106.48001098632813
105.84000396728516
105.9800033569336
105.5
105.5300064086914
107.51000213623047
106.69999694824219
105.83000183105469
107.05001068115234
105.260009765625
106.35000610351563
106.12000274658203
104.93000030517578
105.54000854492188
105.37001037597656
105.9000015258789
107.2800064086914
106.44000244140625
108.31000518798828
107.85000610351563
106.58000946044922
106.46000671386719
105.54000854492188
106.71000671386719
105.43000030517578
106.26000213623047
106.72000885009766
105.21000671386719
107.41000366210938
107.2300033569336
108.5300064086914
108.77000427246094
109.54000854492188
109.09000396728516
108.81000518798828
109.25
108.84001159667969
107.66000366210938
107.38999938964844
107.12001037597656
107.1300048828125
108.22000122070313
109.3600082397461
108.19000244140625
107.68000793457031
108.0
108.75000762939453
107.07000732421875
106.04000091552734
104.61000061035156
103.85000610351563
102.66999816894531
104.33000183105469
103.68000030517578
100.10000610351563
101.20001220703125
101.04000091552734
102.2800064086914
100.94001007080078
101.31000518798828
102.34000396728516
102.21000671386719
103.77000427246094
104.67001342773438
101.45000457763672
104.19000244140625
104.02000427246094
104.19999694824219
103.06999969482422
103.1600112915039
101.61000061035156
101.52000427246094
101.27000427246094
101.0
101.33000183105469
100.73001098632813
101.93000793457031
102.3800048828125
100.77000427246094
99.51000213623047
101.45000457763672
99.99000549316406
102.19001007080078
100.68000793457031
102.33000946044922
101.58000946044922
103.30001068115234
99.2300033569336
100.42000579833984
100.04000854492188
100.76000213623047
101.26000213623047
99.49000549316406
100.41000366210938
101.55999755859375
101.50000762939453
101.3800048828125
98.91000366210938
101.93000793457031
102.38999938964844
104.07000732421875
103.20000457763672
102.36000061035156
103.15000915527344
104.05000305175781
104.16000366210938
104.64000701904297
103.56001281738281
102.74000549316406
100.8499984741211
102.09000396728516
103.15000915527344
103.18000793457031
104.12001037597656
103.27000427246094
101.02000427246094
102.99000549316406
102.37000274658203
101.26000213623047
102.25
103.04000854492188
101.35000610351563
102.43000030517578
102.80000305175781
103.22000122070313
100.91000366210938
102.52999877929688
101.3600082397461
103.81000518798828
104.18000030517578
104.59000396728516
102.2300033569336
103.97000122070313
103.76000213623047
103.08999633789063
103.94000244140625
105.70999908447266
103.54000091552734
104.25
105.14000701904297
103.39000701904297
103.39000701904297
104.02000427246094
104.48001098632813
106.60000610351563
105.1300048828125
104.22000885009766
105.02000427246094
102.64000701904297
103.26000213623047
102.34000396728516
105.260009765625
103.08999633789063
103.49000549316406
101.21000671386719
103.75000762939453
101.75
101.99000549316406
99.9800033569336
102.19001007080078
100.43000030517578
100.76000213623047
100.72000122070313
102.86000061035156
100.87001037597656
100.79000854492188
101.72000885009766
102.44000244140625
102.80000305175781
102.14000701904297
102.66000366210938
103.08000183105469
104.31000518798828
103.98001098632813
103.71000671386719
102.36000061035156
101.47000122070313
101.69999694824219
100.63999938964844
99.95001220703125
101.26000213623047
99.97000885009766
103.6300048828125
99.97000885009766
101.66000366210938
100.26000213623047
101.85000610351563
101.12000274658203
102.12001037597656
100.27000427246094
100.91999816894531
103.15000915527344
103.17000579833984
101.43000793457031
103.46000671386719
103.81000518798828
103.97000122070313
104.12001037597656
103.08000183105469
102.50000762939453
103.77000427246094
102.32000732421875
103.46000671386719
101.27000427246094
102.84000396728516
104.08000946044922
102.17001342773438
101.67000579833984
101.99000549316406
101.17000579833984
100.5300064086914
101.16000366210938
101.94000244140625
101.9100112915039
103.4000015258789
103.06000518798828
103.5300064086914
103.26000213623047
103.26000213623047
105.36000061035156
104.85000610351563
102.44000244140625
103.60000610351563
104.17000579833984
104.69001007080078
104.30000305175781
103.20000457763672
103.68000030517578
102.16000366210938
101.16000366210938
100.63999938964844
100.43000030517578
100.75000762939453
102.2300033569336
101.50000762939453
102.62000274658203
102.82000732421875
101.27999877929688
101.8600082397461
103.34000396728516
102.05001068115234
101.69000244140625
102.20000457763672
102.01000213623047
104.7800064086914
103.72000885009766
105.23001098632813
102.22000122070313
106.18000030517578
105.47000885009766
105.20000457763672
105.510009765625
106.71000671386719
105.510009765625
105.6300048828125
107.02999877929688
105.76000213623047
105.04000854492188
104.62001037597656
104.59000396728516
103.13999938964844
102.45001220703125
101.6300048828125
104.07000732421875
103.27000427246094
103.4800033569336
102.29000091552734
101.66000366210938
104.05999755859375
103.9000015258789
103.79000854492188
105.58000183105469
101.30000305175781
101.0300064086914
102.6300048828125
102.8800048828125
101.32000732421875
102.1500015258789
102.16000366210938
102.18000793457031
102.12001037597656
103.4800033569336
100.89000701904297
103.31000518798828
101.69999694824219
101.94000244140625
101.6300048828125
100.95000457763672
102.17001342773438
103.31000518798828
102.99000549316406
101.93000793457031
102.84000396728516
102.20000457763672
101.8800048828125
104.22000885009766
104.35000610351563
105.29000091552734
104.61000061035156
102.84000396728516
103.83000183105469
103.08999633789063
103.0300064086914
101.69999694824219
102.99000549316406
102.82000732421875
103.13999938964844
103.98001098632813
103.95000457763672
105.09001159667969
104.94000244140625
106.85000610351563
107.16000366210938
106.80000305175781
105.70000457763672
104.04000091552734
106.37000274658203
104.27000427246094
103.010009765625
102.79000091552734
104.05000305175781
102.70000457763672
103.29000854492188
101.95999908447266
104.33000183105469
104.7800064086914
103.10000610351563
104.82000732421875
102.6500015258789
104.99000549316406
104.3600082397461
102.01000213623047
102.37000274658203
103.10000610351563
102.41000366210938
101.58000946044922
100.86000061035156
102.52999877929688
102.75000762939453
101.94000244140625
101.6300048828125
102.45001220703125
102.46000671386719
100.6600112915039
102.46000671386719
102.79000091552734
103.18000793457031
102.93000030517578
103.19000244140625
102.93000030517578
103.39000701904297
102.90000915527344
105.4800033569336
105.04000854492188
105.10000610351563
105.4800033569336
104.6300048828125
103.19000244140625
104.80000305175781
103.71000671386719
102.86000061035156
103.510009765625
103.06000518798828
102.07000732421875
104.12001037597656
104.51000213623047
103.76000213623047
105.30000305175781
104.45000457763672
105.2800064086914
102.22000122070313
102.59001159667969
102.62000274658203
103.52000427246094
104.44000244140625
103.34000396728516
104.2300033569336
103.31000518798828
102.7800064086914
104.74000549316406
105.77999877929688
103.65000915527344
105.2800064086914
104.51000213623047
103.10000610351563
105.55000305175781
102.92000579833984
102.37000274658203
103.36000061035156
103.1100082397461
102.31001281738281
101.99000549316406
103.32000732421875
102.33000946044922
103.31000518798828
102.29000091552734
102.82000732421875
103.97000122070313
103.63999938964844
104.05999755859375
104.91000366210938
104.35000610351563
103.22000122070313
102.01000213623047
100.58999633789063
102.35000610351563
101.25000762939453
99.91000366210938
102.4800033569336
102.46000671386719
101.09000396728516
102.260009765625
101.3800048828125
101.04000091552734
101.19000244140625
101.49000549316406
101.35000610351563
102.92000579833984
102.79000091552734
104.34001159667969
103.39000701904297
103.68000030517578
103.77999877929688
104.05999755859375
102.49000549316406
103.84001159667969
103.24000549316406
103.87000274658203
104.90000915527344
105.59001159667969
102.4800033569336
102.75000762939453
102.0999984741211
101.64000701904297
102.6300048828125
101.48001098632813
102.2800064086914
101.55000305175781
102.85000610351563
100.99000549316406
100.67000579833984
100.75000762939453
100.70000457763672
101.93000793457031
100.22000122070313
102.05001068115234
98.8600082397461
102.22000122070313
102.71000671386719
102.02999877929688
101.88999938964844
101.55000305175781
103.71000671386719
103.42001342773438
102.62000274658203
103.66000366210938
101.760009765625
102.54000854492188
103.05000305175781
101.81999969482422
100.82000732421875
102.36000061035156
103.60000610351563
100.74000549316406
102.42000579833984
103.97000122070313
103.79000854492188
105.25000762939453
103.95000457763672
103.4800033569336
104.25
102.96000671386719
100.62000274658203
102.74000549316406
103.02000427246094
100.35000610351563
102.1300048828125
104.09000396728516
102.94999694824219
101.31000518798828
102.25
103.85000610351563
102.80000305175781
103.93000793457031
102.80000305175781
104.45000457763672
103.27999877929688
103.45000457763672
103.39000701904297
105.91000366210938
105.41000366210938
105.04000854492188
104.29000854492188
104.82000732421875
104.64000701904297
105.36000061035156
104.45000457763672
104.92000579833984
103.05000305175781
102.52999877929688
105.44999694824219
104.29000854492188
103.06999969482422
104.33000183105469
102.11000061035156
103.87000274658203
103.79000854492188
103.61000061035156
104.75
104.22000885009766
102.7800064086914
103.27999877929688
103.60000610351563
104.81001281738281
103.95000457763672
104.31999969482422
103.68000030517578
104.69001007080078
104.45000457763672
105.86000061035156
105.21000671386719
105.6300048828125
103.42001342773438
103.59000396728516
104.45000457763672
105.35000610351563
104.82000732421875
103.95000457763672
103.0
106.6300048828125
104.8800048828125
105.59001159667969
106.010009765625
105.39000701904297
103.79000854492188
104.05999755859375
104.3600082397461
103.75000762939453
105.07000732421875
104.52000427246094
105.09001159667969
105.43000030517578
104.52999877929688
103.3800048828125
101.27000427246094
101.07000732421875
102.1300048828125
104.27000427246094
103.77000427246094
103.74000549316406
104.61000061035156
104.16000366210938
103.69000244140625
104.33000183105469
103.4800033569336
104.35000610351563
105.04000854492188
101.760009765625
103.1600112915039
101.83000183105469
101.81000518798828
99.6300048828125
101.19000244140625
101.5300064086914
103.22000122070313
99.51000213623047
101.75
101.54000091552734
101.94000244140625
103.1600112915039
101.05000305175781
102.91000366210938
102.7800064086914
102.08000183105469
102.16000366210938
103.68000030517578
103.70001220703125
103.99000549316406
103.1300048828125
103.27000427246094
103.77999877929688
103.25000762939453
103.57000732421875
101.72000885009766
102.2300033569336
103.1600112915039
100.34000396728516
101.3600082397461
100.46000671386719
100.63999938964844
99.760009765625
100.41000366210938
100.54000854492188
102.22000122070313
103.47000122070313
103.56001281738281
101.41000366210938
103.3800048828125
102.38999938964844
102.9800033569336
102.91000366210938
104.45000457763672
102.41000366210938
103.12000274658203
105.5
105.55000305175781
103.23001098632813
101.3800048828125
102.12001037597656
105.6600112915039
105.70000457763672
103.94000244140625
104.48001098632813
101.59000396728516
102.44000244140625
104.94000244140625
103.77000427246094
101.99000549316406
101.5300064086914
102.56000518798828
102.34000396728516
101.010009765625
99.77000427246094
100.9800033569336
101.87000274658203
99.43000793457031
99.80000305175781
101.55999755859375
100.510009765625
102.42000579833984
100.63999938964844
102.30000305175781
103.13999938964844
100.40000915527344
103.08000183105469
101.10000610351563
101.12000274658203
101.52000427246094
101.95000457763672
101.87000274658203
100.70000457763672
101.10000610351563
101.6300048828125
103.20000457763672
100.95000457763672
103.19000244140625
102.36000061035156
102.94000244140625
102.2300033569336
103.56001281738281
101.72000885009766
101.1300048828125
101.88999938964844
101.02000427246094
100.18000793457031
100.63999938964844
102.24000549316406
100.30000305175781
100.9000015258789
101.10000610351563
100.77999877929688
99.68000793457031
100.99000549316406
100.2800064086914
102.2800064086914
103.70001220703125
101.3800048828125
102.52999877929688
102.07000732421875
101.34001159667969
103.25000762939453
104.72000122070313
103.85000610351563
103.1600112915039
101.9100112915039
103.89000701904297
103.65000915527344
102.19001007080078
102.01000213623047
103.05000305175781
101.8600082397461
101.34001159667969
104.62001037597656
102.9800033569336
103.04000854492188
102.69000244140625
103.12000274658203
101.48001098632813
104.07000732421875
103.08000183105469
103.15000915527344
102.56000518798828
103.06000518798828
102.43000030517578
101.8600082397461
103.9000015258789
102.43000030517578
103.63999938964844
102.43000030517578
102.55000305175781
101.77000427246094
102.46000671386719
103.4000015258789
103.58000946044922
102.91000366210938
102.6500015258789
102.24000549316406
102.49000549316406
101.19000244140625
101.04000091552734
101.52000427246094
103.71000671386719
102.85000610351563
102.6300048828125
103.33000183105469
102.44000244140625
102.80999755859375
102.32000732421875
103.61000061035156
103.62000274658203
103.31000518798828
104.81001281738281
104.1300048828125
103.3499984741211
103.43000793457031
103.55000305175781
103.1100082397461
102.80000305175781
101.29000854492188
103.0
102.94000244140625
102.73001098632813
102.89000701904297
103.08000183105469
100.2800064086914
100.1100082397461
101.41000366210938
102.06000518798828
102.99000549316406
103.12000274658203
102.4800033569336
101.93000793457031
100.3800048828125
102.02999877929688
101.67000579833984
102.74000549316406
102.06000518798828
101.87000274658203
101.79000854492188
102.47000885009766
101.47000122070313
101.05000305175781
100.69000244140625
103.22000122070313
101.8600082397461
102.58000183105469
103.23001098632813
102.64000701904297
104.56000518798828
104.760009765625
103.02000427246094
103.46000671386719
103.3499984741211
105.59001159667969
103.96000671386719
104.93000030517578
105.25000762939453
103.5300064086914
103.30001068115234
102.94000244140625
103.58000946044922
103.0300064086914
104.93000030517578
104.16000366210938
103.72000885009766
103.46000671386719
103.65000915527344
103.22000122070313
103.29000854492188
104.48001098632813
102.57000732421875
100.55000305175781
101.8800048828125
101.24000549316406
101.15000915527344
102.32000732421875
101.41999816894531
102.3800048828125
103.45000457763672
100.41000366210938
100.20000457763672
103.60000610351563
101.18000030517578
101.61000061035156
102.58000183105469
100.95000457763672
99.24000549316406
101.22000885009766
101.24000549316406
98.69000244140625
100.97000122070313
100.60000610351563
101.72000885009766
102.16000366210938
103.27999877929688
102.18000793457031
100.40000915527344
102.52000427246094
103.20999908447266
101.05000305175781
102.50000762939453
100.16000366210938
101.31000518798828
102.19001007080078
102.55000305175781
101.98001098632813
101.17000579833984
100.91000366210938
99.2800064086914
100.27000427246094
99.21000671386719
101.0300064086914
97.74000549316406
96.25
98.36000061035156
98.45000457763672
99.91000366210938
100.08000183105469
99.29000854492188
99.40000915527344
100.86000061035156
100.69000244140625
97.08000183105469
98.20000457763672
99.79000091552734
99.29000854492188
97.32000732421875
101.10000610351563
99.12001037597656
98.62000274658203
97.1300048828125
98.7300033569336
99.7300033569336
99.70000457763672
100.70000457763672
101.44000244140625
98.47000122070313
98.49000549316406
100.56000518798828
99.260009765625
99.01000213623047
98.62000274658203
98.41000366210938
98.34000396728516
100.36000061035156
100.91000366210938
100.69000244140625
100.56000518798828
99.79000091552734
100.16000366210938
100.77999877929688
101.30000305175781
100.19000244140625
98.87000274658203
98.68000030517578
99.77000427246094
100.37001037597656
98.77999877929688
97.79000091552734
99.37000274658203
98.45000457763672
98.4000015258789
99.50000762939453
100.12000274658203
99.45000457763672
99.59000396728516
100.07000732421875
98.82000732421875
97.69000244140625
97.59001159667969
97.96000671386719
100.44000244140625
101.04000091552734
103.26000213623047
102.42000579833984
103.15000915527344
102.3800048828125
101.44000244140625
102.68000793457031
103.55000305175781
102.76000213623047
102.06000518798828
101.7800064086914
101.81000518798828
102.6300048828125
100.79000854492188
101.17000579833984
99.54000854492188
100.75000762939453
100.06000518798828
100.76000213623047
101.71000671386719
102.22000122070313
102.40000915527344
101.61000061035156
101.6300048828125
102.47000885009766
99.96000671386719
101.2300033569336
103.19000244140625
99.55001068115234
101.20001220703125
99.48001098632813
101.04000091552734
99.760009765625
100.89000701904297
99.17000579833984
101.26000213623047
100.89000701904297
100.79000854492188
100.97000122070313
100.67000579833984
104.04000091552734
101.71000671386719
101.26000213623047
101.69000244140625
100.9000015258789
102.11000061035156
100.76000213623047
100.93000793457031
101.20001220703125
101.34001159667969
102.42000579833984
99.70000457763672
102.2300033569336
100.1300048828125
99.68000793457031
100.32000732421875
99.94000244140625
101.47000122070313
100.89000701904297
100.42000579833984
100.96000671386719
100.16999816894531
100.43000030517578
101.7800064086914
101.9100112915039
101.35000610351563
102.08000183105469
100.42000579833984
102.2300033569336
102.62000274658203
102.20000457763672
101.12000274658203
99.81001281738281
99.09000396728516
102.6300048828125
101.71000671386719
101.22000885009766
101.08000946044922
99.97000885009766
99.57000732421875
101.07000732421875
102.33000946044922
101.97000122070313
103.02000427246094
102.43000030517578
100.82000732421875
100.94001007080078
101.44000244140625
100.75000762939453
101.49000549316406
98.72000885009766
101.43000793457031
101.92000579833984
100.09001159667969
101.60000610351563
102.0999984741211
102.07000732421875
101.41000366210938
102.57000732421875
101.83999633789063
101.32000732421875
99.43000793457031
102.45001220703125
102.74000549316406
101.68000030517578
101.49000549316406
99.77000427246094
100.1300048828125
102.1300048828125
100.6600112915039
101.85000610351563
101.44000244140625
101.58000946044922
102.02000427246094
102.05001068115234
102.71000671386719
104.74000549316406
103.8800048828125
103.26000213623047
101.31000518798828
100.70000457763672
101.24000549316406
103.06000518798828
101.15000915527344
102.55000305175781
103.0
103.29000854492188
103.0
102.56000518798828
100.52000427246094
101.21000671386719
102.76000213623047
101.45000457763672
102.32000732421875
104.09000396728516
102.1500015258789
103.0
101.11000061035156
101.95999908447266
103.24000549316406
101.69999694824219
102.82000732421875
102.04000854492188
102.64000701904297
103.84001159667969
104.21000671386719
102.86000061035156
104.81001281738281
103.29000854492188
104.12001037597656
104.14000701904297
103.96000671386719
103.18000793457031
105.20000457763672
105.24000549316406
104.27000427246094
103.69000244140625
103.68000030517578
103.36000061035156
103.42001342773438
103.10000610351563
103.4800033569336
103.12000274658203
102.99000549316406
104.22000885009766
105.42000579833984
106.29000854492188
106.41000366210938
104.37000274658203
104.18000030517578
105.10000610351563
102.54000854492188
103.81000518798828
103.99000549316406
103.77999877929688
103.42001342773438
103.20000457763672
103.13999938964844
102.94999694824219
103.06000518798828
102.75000762939453
103.39000701904297
103.36000061035156
104.1300048828125
103.27999877929688
104.14000701904297
104.33000183105469
104.09000396728516
102.70000457763672
103.77000427246094
103.8800048828125
103.60000610351563
103.29000854492188
104.12001037597656
104.52999877929688
105.34000396728516
102.68000793457031
103.010009765625
102.94999694824219
102.56000518798828
101.90000915527344
102.2300033569336
103.58000946044922
104.04000091552734
102.54000854492188
103.22000122070313
104.79000091552734
103.79000854492188
103.99000549316406
103.83000183105469
105.16999816894531
103.6300048828125
103.81000518798828
102.89000701904297
104.08000946044922
104.10000610351563
101.93000793457031
103.36000061035156
104.21000671386719
104.1300048828125
104.90000915527344
105.20000457763672
104.49000549316406
104.2800064086914
102.59001159667969
102.59001159667969
103.80000305175781
102.46000671386719
103.9000015258789
102.44000244140625
102.62000274658203
104.61000061035156
101.55000305175781
103.04000854492188
103.19000244140625
105.20000457763672
103.81000518798828
104.43000793457031
102.91000366210938
104.88999938964844
103.8600082397461
103.3800048828125
104.62001037597656
104.29000854492188
104.3600082397461
104.87000274658203
104.07000732421875
103.31000518798828
102.58000183105469
102.09000396728516
103.02000427246094
102.73001098632813
103.4800033569336
103.24000549316406
101.95000457763672
103.4800033569336
101.55999755859375
101.47000122070313
101.64000701904297
103.13999938964844
102.91000366210938
103.9000015258789
103.80000305175781
103.02000427246094
102.30000305175781
103.77000427246094
104.51000213623047
103.7300033569336
103.52000427246094
104.3600082397461
105.02000427246094
103.04000854492188
102.38999938964844
103.46000671386719
103.46000671386719
103.27999877929688
101.66000366210938
102.41000366210938
102.92000579833984
103.08999633789063
103.3499984741211
103.61000061035156
104.760009765625
104.35000610351563
104.52000427246094
104.48001098632813
104.74000549316406
104.74000549316406
104.19000244140625
102.99000549316406
103.61000061035156
102.54000854492188
102.60000610351563
103.97000122070313
104.24000549316406
102.66999816894531
103.27999877929688
103.12000274658203
104.6300048828125
105.260009765625
103.010009765625
104.05000305175781
102.64000701904297
103.10000610351563
102.68000793457031
102.54000854492188
102.6100082397461
104.12001037597656
104.50000762939453
101.83000183105469
101.10000610351563
102.33000946044922
101.27000427246094
100.05000305175781
102.18000793457031
101.18000030517578
101.93000793457031
100.65000915527344
100.04000854492188
101.43000793457031
102.66000366210938
100.35000610351563
99.18000030517578
100.39000701904297
99.64000701904297
101.47000122070313
101.94000244140625
102.74000549316406
102.94000244140625
103.27000427246094
102.94999694824219
102.46000671386719
103.06000518798828
101.93000793457031
102.16000366210938
102.34000396728516
100.58999633789063
101.3800048828125
101.30000305175781
101.12000274658203
99.04000091552734
101.26000213623047
101.18000030517578
101.5300064086914
101.3600082397461
100.8800048828125
101.52000427246094
101.57000732421875
100.02000427246094
99.24000549316406
101.99000549316406
100.65000915527344
100.8499984741211
100.10000610351563
101.81000518798828
101.61000061035156
100.67000579833984
100.6100082397461
102.09000396728516
99.93000030517578
99.84000396728516
100.82000732421875
100.21000671386719
99.760009765625
102.00000762939453
101.64000701904297
101.05000305175781
100.33000946044922
101.39000701904297
101.34001159667969
101.55999755859375
100.32000732421875
102.02999877929688
101.95999908447266
100.42000579833984
100.99000549316406
100.9000015258789
102.22000122070313
101.27000427246094
100.44000244140625
101.50000762939453
101.46000671386719
100.09001159667969
102.19001007080078
100.54000854492188
102.58000183105469
101.65000915527344
102.06000518798828
101.41000366210938
101.37000274658203
102.66000366210938
101.94000244140625
101.69000244140625
101.61000061035156
101.97000122070313
102.79000091552734
103.02000427246094
102.82000732421875
103.84001159667969
102.27000427246094
103.41000366210938
103.58000946044922
103.31000518798828
104.90000915527344
103.25000762939453
103.15000915527344
103.66000366210938
103.5
103.65000915527344
103.98001098632813
103.70001220703125
104.45000457763672
104.93000030517578
104.40000915527344
105.41000366210938
102.77000427246094
103.79000854492188
102.52999877929688
103.57000732421875
103.24000549316406
102.6300048828125
102.29000091552734
102.35000610351563
101.95000457763672
101.57000732421875
101.41999816894531
100.91999816894531
101.5300064086914
100.95000457763672
101.46000671386719
101.1300048828125
102.14000701904297
101.6300048828125
100.72000122070313
101.37000274658203
102.1300048828125
102.6500015258789
102.59001159667969
104.12001037597656
102.52000427246094
101.72000885009766
101.97000122070313
104.27000427246094
102.66000366210938
102.2300033569336
103.02000427246094
104.18000030517578
101.81000518798828
101.58000946044922
101.74000549316406
102.25
100.83000183105469
103.8600082397461
103.34000396728516
102.1300048828125
102.08000183105469
102.02999877929688
102.18000793457031
101.50000762939453
103.10000610351563
102.60000610351563
100.94001007080078
102.8800048828125
100.47000885009766
101.27999877929688
100.73001098632813
101.27999877929688
102.19001007080078
100.37001037597656
101.43000793457031
101.45000457763672
100.14000701904297
101.07000732421875
101.88999938964844
101.27000427246094
101.93000793457031
100.29000091552734
101.22000885009766
100.9800033569336
102.69000244140625
102.00000762939453
101.92000579833984
101.57000732421875
101.18000030517578
100.68000793457031
103.04000854492188
103.3800048828125
102.32000732421875
102.24000549316406
102.1500015258789
102.24000549316406
100.5300064086914
102.45001220703125
101.4000015258789
103.05000305175781
103.62000274658203
102.47000885009766
102.60000610351563
103.99000549316406
104.260009765625
102.38999938964844
102.06000518798828
103.08999633789063
103.36000061035156
103.37001037597656
101.41999816894531
103.18000793457031
102.74000549316406
102.43000030517578
101.27999877929688
101.71000671386719
102.66999816894531
102.6100082397461
103.26000213623047
101.74000549316406
102.66000366210938
102.29000091552734
103.24000549316406
101.79000854492188
101.58000946044922
103.13999938964844
101.2300033569336
101.3800048828125
101.75
100.91999816894531
100.77000427246094
101.21000671386719
100.9000015258789
102.6500015258789
102.97000885009766
100.94001007080078
102.30000305175781
101.25000762939453
103.06000518798828
100.37001037597656
101.07000732421875
100.84000396728516
101.8800048828125
101.81999969482422
102.38999938964844
100.97000122070313
102.31001281738281
103.58000946044922
102.73001098632813
103.61000061035156
102.0999984741211
103.45000457763672
103.89000701904297
102.16000366210938
102.76000213623047
103.39000701904297
101.43000793457031
102.09000396728516
102.36000061035156
101.19000244140625
102.17001342773438
101.95999908447266
101.48001098632813
101.05000305175781
102.54000854492188
102.99000549316406
104.34001159667969
102.83000946044922
103.74000549316406
102.52000427246094
102.31001281738281
103.22000122070313
104.760009765625
104.71000671386719
102.46000671386719
103.76000213623047
104.02000427246094
102.46000671386719
102.72000122070313
105.32000732421875
103.67000579833984
102.92000579833984
102.24000549316406
102.12001037597656
101.94000244140625
102.1300048828125
101.25000762939453
101.46000671386719
101.31000518798828
102.60000610351563
100.91000366210938
100.6600112915039
100.19000244140625
101.43000793457031
101.55999755859375
101.49000549316406
103.98001098632813
102.38999938964844
103.510009765625
102.22000122070313
102.08000183105469
101.92000579833984
102.1300048828125
102.8800048828125
103.69000244140625
103.4000015258789
103.20000457763672
102.56000518798828
101.46000671386719
102.47000885009766
101.81999969482422
103.20999908447266
102.07000732421875
103.02000427246094
101.7800064086914
102.62000274658203
101.47000122070313
101.93000793457031
102.59001159667969
103.8600082397461
102.84000396728516
102.24000549316406
101.7800064086914
103.77000427246094
102.97000885009766
104.56000518798828
103.46000671386719
103.5
101.92000579833984
102.00000762939453
102.89000701904297
102.42000579833984
100.87001037597656
100.58999633789063
102.92000579833984
100.91000366210938
101.41999816894531
101.55000305175781
101.49000549316406
101.65000915527344
100.73001098632813
101.7800064086914
101.99000549316406
101.16000366210938
101.5300064086914
101.99000549316406
101.18000030517578
100.77000427246094
99.48001098632813
100.41000366210938
99.44000244140625
101.4000015258789
99.19999694824219
100.56999969482422
102.01000213623047
100.91000366210938
100.87001037597656
100.09001159667969
99.77000427246094
99.72000122070313
100.52000427246094
101.05000305175781
100.5300064086914
100.44000244140625
101.3800048828125
99.54000854492188
100.40000915527344
101.98001098632813
103.23001098632813
101.43000793457031
102.6500015258789
101.49000549316406
103.02000427246094
101.44000244140625
102.0999984741211
103.4000015258789
101.87000274658203
100.62000274658203
103.26000213623047
101.47000122070313
101.90000915527344
103.04000854492188
102.59001159667969
101.760009765625
103.26000213623047
102.20000457763672
102.87001037597656
102.2300033569336
102.94999694824219
102.36000061035156
102.94000244140625
103.1100082397461
101.5300064086914
102.62000274658203
101.92000579833984
102.260009765625
102.99000549316406
101.22000885009766
102.07000732421875
103.1100082397461
102.05001068115234
101.2300033569336
102.86000061035156
102.69000244140625
101.61000061035156
101.09000396728516
101.19000244140625
102.3800048828125
102.31001281738281
103.82000732421875
103.04000854492188
102.43000030517578
101.18000030517578
101.60000610351563
101.10000610351563
102.18000793457031
103.1100082397461
102.77000427246094
101.67000579833984
102.49000549316406
101.16000366210938
100.95000457763672
102.1500015258789
101.61000061035156
102.97000885009766
101.010009765625
101.43000793457031
101.10000610351563
100.89000701904297
99.11000061035156
100.91000366210938
101.10000610351563
101.04000091552734
101.3600082397461
101.41000366210938
99.88999938964844
101.7300033569336
100.9000015258789
102.4800033569336
100.1500015258789
101.43000793457031
101.02000427246094
100.63999938964844
102.94000244140625
100.30999755859375
101.41999816894531
101.34001159667969
102.89000701904297
102.260009765625
102.1500015258789
103.15000915527344
103.80000305175781
102.37000274658203
104.68000793457031
102.8800048828125
103.02000427246094
103.18000793457031
103.04000854492188
105.1100082397461
103.4800033569336
102.82000732421875
102.20000457763672
103.59000396728516
103.42001342773438
102.85000610351563
103.55000305175781
103.04000854492188
100.72000122070313
104.15000915527344
104.4100112915039
104.07000732421875
104.01000213623047
103.20999908447266
102.58000183105469
101.98001098632813
102.7800064086914
101.45000457763672
101.51000213623047
101.92000579833984
101.17000579833984
102.19001007080078
101.6300048828125
103.77000427246094
103.65000915527344
102.69000244140625
101.9100112915039
101.77000427246094
102.64000701904297
102.04000854492188
102.51000213623047
102.66999816894531
103.04000854492188
101.31000518798828
102.52000427246094
