95.81000518798828
95.66000366210938
95.81000518798828
96.22000885009766
95.36000061035156
95.32000732421875
97.57000732421875
96.26000213623047
97.43000030517578
95.9800033569336
97.31001281738281
97.62000274658203
97.9800033569336
97.64000701904297
96.57000732421875
99.48001098632813
98.54000091552734
97.9800033569336
96.95999908447266
96.75
97.54000854492188
98.82000732421875
98.1300048828125
97.27000427246094
96.68000030517578
96.6300048828125
96.760009765625
95.76000213623047
96.25
96.87000274658203
95.47000885009766
94.56000518798828
95.8800048828125
96.4000015258789
95.1100082397461
96.15000915527344
97.96000671386719
97.37000274658203
96.48001098632813
95.65000915527344
96.65000915527344
96.21000671386719
95.60000610351563
94.96000671386719
95.36000061035156
95.510009765625
96.48001098632813
94.95001220703125
95.42000579833984
94.71000671386719
97.71000671386719
95.86000061035156
95.6100082397461
97.70000457763672
97.31001281738281
96.27000427246094
97.77000427246094
98.83000183105469
98.17000579833984
98.20000457763672
97.85000610351563
96.66000366210938
97.68000793457031
96.33000183105469
97.0999984741211
97.27000427246094
94.71000671386719
94.87000274658203
93.89000701904297
95.9000015258789
95.0
95.82000732421875
95.26000213623047
95.40000915527344
96.66000366210938
95.66000366210938
96.68000030517578
95.4800033569336
96.95000457763672
96.54000091552734
96.47000122070313
97.16000366210938
95.75000762939453
95.16000366210938
96.34001159667969
96.10000610351563
96.55999755859375
96.24000549316406
94.45999908447266
93.1300048828125
95.55000305175781
94.62001037597656
94.70000457763672
95.73001098632813
95.39000701904297
94.93000030517578
96.33000183105469
94.97000885009766
95.80001068115234
95.89000701904297
95.9800033569336
94.70000457763672
97.87001037597656
97.04000854492188
95.16999816894531
96.49000549316406
96.85000610351563
96.64000701904297
97.0999984741211
96.39000701904297
99.66999816894531
99.3600082397461
96.99000549316406
98.0
99.2800064086914
99.19999694824219
98.9000015258789
97.42000579833984
97.0999984741211
98.69000244140625
96.91000366210938
95.09001159667969
94.92000579833984
96.07000732421875
94.69001007080078
96.49000549316406
95.74000549316406
94.52999877929688
95.91999816894531
95.8800048828125
93.3800048828125
93.97000122070313
95.24000549316406
96.24000549316406
95.74000549316406
96.17000579833984
95.16000366210938
95.87001037597656
96.32000732421875
96.04000091552734
97.18000793457031
96.25
96.08000946044922
95.8800048828125
94.21000671386719
96.07000732421875
94.86000061035156
95.89000701904297
97.09000396728516
95.5
94.19999694824219
96.58000183105469
94.31999969482422
94.70000457763672
93.46000671386719
94.29000854492188
94.58000183105469
97.58000183105469
98.17000579833984
95.72000122070313
94.66000366210938
94.27000427246094
95.9000015258789
96.71000671386719
94.96000671386719
96.06001281738281
96.32000732421875
97.05001068115234
96.54000091552734
97.46000671386719
98.1300048828125
97.57000732421875
95.01000213623047
97.02000427246094
95.49000549316406
96.7800064086914
95.35000610351563
97.85000610351563
96.10000610351563
98.010009765625
97.92000579833984
97.76000213623047
98.06000518798828
97.2800064086914
97.12001037597656
96.49000549316406
97.75000762939453
98.12000274658203
97.260009765625
98.49000549316406
96.25
97.71000671386719
97.32000732421875
97.02000427246094
96.5300064086914
96.72000885009766
97.7800064086914
97.22000122070313
99.18000030517578
96.83000183105469
98.02000427246094
97.58000183105469
99.30000305175781
98.06000518798828
99.90000915527344
98.9000015258789
98.41999816894531
99.22000885009766
98.37001037597656
99.92000579833984
97.87001037597656
98.08000183105469
97.18000793457031
96.3800048828125
97.31001281738281
95.79000854492188
96.62001037597656
96.66000366210938
96.37000274658203
96.2300033569336
96.760009765625
98.47000122070313
96.67000579833984
97.27000427246094
95.74000549316406
97.6100082397461
97.84000396728516
98.0
98.80000305175781
97.4800033569336
97.97000885009766
96.54000091552734
97.97000885009766
96.93000793457031
97.1500015258789
98.12000274658203
96.22000885009766
97.60000610351563
95.29000091552734
95.42000579833984
97.260009765625
97.01000213623047
96.17000579833984
97.07000732421875
96.13999938964844
96.68000030517578
95.02000427246094
94.19999694824219
94.29000854492188
93.87000274658203
99.0300064086914
97.74000549316406
96.51000213623047
96.67000579833984
95.2800064086914
97.70000457763672
97.0999984741211
96.71000671386719
98.04000854492188
98.06999969482422
97.66999816894531
97.75000762939453
96.94000244140625
97.99000549316406
97.70000457763672
97.52999877929688
97.34000396728516
94.45000457763672
96.58000183105469
96.88999938964844
96.61000061035156
94.50000762939453
95.95000457763672
96.39000701904297
95.75000762939453
96.55999755859375
97.11000061035156
97.24000549316406
98.25000762939453
95.75000762939453
96.19000244140625
94.86000061035156
98.95000457763672
96.71000671386719
96.07000732421875
97.55000305175781
97.25
97.46000671386719
96.69000244140625
96.97000122070313
96.44000244140625
97.05001068115234
95.55000305175781
94.48001098632813
96.07000732421875
95.44000244140625
98.0
96.54000091552734
97.42000579833984
97.45001220703125
97.34000396728516
97.1500015258789
95.27000427246094
95.6300048828125
97.04000854492188
95.37001037597656
95.55000305175781
96.39000701904297
97.3800048828125
94.95001220703125
96.67000579833984
95.72000122070313
96.45000457763672
97.30000305175781
96.30000305175781
96.16000366210938
97.2800064086914
98.15000915527344
98.10000610351563
96.98001098632813
97.0999984741211
98.34000396728516
98.58000946044922
96.39000701904297
95.39000701904297
95.510009765625
94.73999786376953
94.87000274658203
97.87001037597656
96.0300064086914
97.84000396728516
98.34000396728516
99.07000732421875
97.68000793457031
97.72000122070313
98.30001068115234
97.6500015258789
99.33999633789063
99.15000915527344
98.43000793457031
99.99000549316406
99.25
98.85000610351563
97.97000885009766
96.95000457763672
97.47000885009766
98.84001159667969
99.56000518798828
100.16000366210938
99.55001068115234
98.31000518798828
98.44001007080078
98.06999969482422
97.25
98.08000183105469
98.46000671386719
97.6100082397461
98.02000427246094
96.59000396728516
97.58000183105469
98.68000030517578
98.29000854492188
98.25000762939453
98.29000854492188
97.47000885009766
98.45000457763672
96.64000701904297
98.010009765625
97.2800064086914
95.27000427246094
97.260009765625
97.16000366210938
96.25
95.5
96.8600082397461
96.95999908447266
95.84000396728516
95.04000854492188
94.31000518798828
94.79000091552734
94.43000793457031
92.89000701904297
94.48001098632813
96.32000732421875
94.47000122070313
94.58000183105469
96.52000427246094
95.20000457763672
95.32000732421875
95.07000732421875
95.60000610351563
95.56999969482422
95.4800033569336
96.48001098632813
94.69001007080078
97.37000274658203
96.3800048828125
96.44000244140625
97.79000091552734
97.12001037597656
96.43000793457031
96.65000915527344
96.8600082397461
95.04000854492188
95.27000427246094
94.11000061035156
96.6300048828125
97.72000122070313
95.62000274658203
94.90000915527344
94.79000091552734
93.94000244140625
96.61000061035156
96.11000061035156
95.60000610351563
95.6300048828125
97.55000305175781
95.12000274658203
95.96000671386719
94.68000793457031
94.31000518798828
96.19000244140625
94.27000427246094
94.50000762939453
94.81001281738281
95.16000366210938
95.63999938964844
94.0300064086914
96.24000549316406
96.31000518798828
98.06999969482422
97.32000732421875
96.74000549316406
96.66000366210938
97.14000701904297
95.82000732421875
96.85000610351563
97.83000183105469
97.66000366210938
95.91999816894531
96.43000793457031
96.62001037597656
96.99000549316406
95.23001098632813
96.83000183105469
94.71000671386719
96.92000579833984
95.74000549316406
95.510009765625
96.6300048828125
95.3800048828125
95.3800048828125
96.02000427246094
94.66999816894531
97.89000701904297
95.36000061035156
95.63999938964844
94.02000427246094
94.55001068115234
95.41000366210938
95.56000518798828
94.57000732421875
95.39000701904297
95.05000305175781
95.1500015258789
97.06000518798828
96.0
94.33000183105469
94.96000671386719
94.73999786376953
95.29000091552734
94.75
94.90000915527344
94.47000122070313
94.72000122070313
95.32000732421875
94.30000305175781
95.81000518798828
95.26000213623047
94.73999786376953
93.24000549316406
93.96000671386719
92.85000610351563
94.14000701904297
93.4000015258789
93.79000854492188
94.9800033569336
94.66999816894531
94.25
94.87000274658203
92.70000457763672
92.8800048828125
93.5
93.45000457763672
93.55000305175781
93.81999969482422
92.75000762939453
94.59000396728516
95.0
93.72000885009766
94.54000854492188
95.42000579833984
94.0300064086914
94.54000854492188
95.94001007080078
94.77000427246094
93.84001159667969
94.86000061035156
92.3800048828125
91.79000854492188
93.47000122070313
93.59000396728516
95.10000610351563
94.00000762939453
94.66000366210938
95.16000366210938
95.58000183105469
95.56999969482422
96.17000579833984
92.8800048828125
94.10000610351563
96.41000366210938
95.27000427246094
93.83000183105469
95.30000305175781
97.35000610351563
96.20001220703125
98.05000305175781
97.76000213623047
96.35000610351563
97.43000030517578
95.96000671386719
96.60000610351563
96.10000610351563
95.6100082397461
95.81000518798828
95.82000732421875
94.85000610351563
95.06000518798828
95.22000122070313
94.37000274658203
94.95001220703125
94.96000671386719
95.36000061035156
96.3800048828125
97.38999938964844
96.98001098632813
97.96000671386719
97.66000366210938
98.23001098632813
98.77999877929688
97.92000579833984
97.54000854492188
97.55000305175781
97.43000030517578
97.52000427246094
96.85000610351563
95.62000274658203
95.5
97.1300048828125
96.2300033569336
95.3800048828125
94.92000579833984
97.02000427246094
96.43000793457031
96.50000762939453
95.62000274658203
95.29000091552734
95.43000030517578
96.45000457763672
94.27000427246094
95.5300064086914
96.3600082397461
96.77000427246094
96.15000915527344
96.30000305175781
94.35000610351563
92.70000457763672
94.6500015258789
95.36000061035156
95.22000122070313
95.9800033569336
96.26000213623047
97.0999984741211
96.87000274658203
97.80000305175781
96.30000305175781
95.5300064086914
93.9000015258789
94.01000213623047
94.86000061035156
94.62001037597656
95.58999633789063
97.21000671386719
95.1500015258789
96.12000274658203
96.85000610351563
94.61000061035156
96.7300033569336
95.96000671386719
95.82000732421875
96.11000061035156
91.83000183105469
94.18000030517578
95.23001098632813
93.99000549316406
93.63999938964844
94.38999938964844
96.04000091552734
94.91000366210938
94.9800033569336
94.8800048828125
93.76000213623047
95.68000793457031
94.08000183105469
94.43000793457031
93.5300064086914
94.19000244140625
94.17000579833984
94.96000671386719
94.86000061035156
95.21000671386719
96.7800064086914
97.2800064086914
95.95000457763672
96.39000701904297
95.33000183105469
97.36000061035156
94.69001007080078
96.22000885009766
96.09000396728516
95.39000701904297
95.82000732421875
96.41999816894531
96.24000549316406
95.34000396728516
95.46000671386719
95.4800033569336
96.32000732421875
96.3600082397461
96.81999969482422
96.64000701904297
98.63999938964844
96.26000213623047
95.89000701904297
96.95999908447266
97.24000549316406
97.02000427246094
96.47000122070313
94.88999938964844
97.02999877929688
95.69000244140625
97.12001037597656
95.27000427246094
96.62001037597656
94.7800064086914
95.14000701904297
96.39000701904297
94.11000061035156
97.36000061035156
97.69000244140625
96.83999633789063
97.08000183105469
97.92000579833984
97.16000366210938
96.26000213623047
96.62001037597656
96.21000671386719
97.44000244140625
97.87001037597656
97.37000274658203
97.19001007080078
96.16000366210938
96.25
96.92000579833984
97.33000946044922
95.89000701904297
96.55000305175781
96.15000915527344
96.94000244140625
95.83000183105469
96.95000457763672
97.04000854492188
97.7800064086914
96.58000183105469
96.22000885009766
96.29000854492188
96.05000305175781
96.43000793457031
96.31000518798828
93.66000366210938
94.760009765625
94.87000274658203
92.19001007080078
95.2800064086914
96.33000183105469
96.31000518798828
95.9800033569336
93.68000030517578
94.77000427246094
94.40000915527344
95.77999877929688
94.88999938964844
95.44999694824219
96.24000549316406
96.81999969482422
95.67000579833984
94.37000274658203
92.68000793457031
97.0999984741211
96.88999938964844
95.79000854492188
96.52000427246094
95.93000793457031
97.16000366210938
97.35000610351563
96.69000244140625
95.9800033569336
96.69999694824219
96.75
97.19001007080078
96.55000305175781
97.16999816894531
95.22000122070313
96.74000549316406
97.80000305175781
97.57000732421875
97.260009765625
97.27000427246094
98.62000274658203
98.87000274658203
97.79000091552734
98.32000732421875
97.08000183105469
97.07000732421875
98.3800048828125
98.8800048828125
97.01000213623047
99.55001068115234
100.23001098632813
97.6500015258789
99.30000305175781
98.41999816894531
96.91000366210938
95.6100082397461
95.86000061035156
96.48001098632813
95.6300048828125
94.77000427246094
95.21000671386719
97.31001281738281
97.58000183105469
97.6100082397461
97.04000854492188
96.3800048828125
96.8600082397461
97.05001068115234
96.90000915527344
97.41000366210938
97.09000396728516
97.41000366210938
97.0999984741211
97.30000305175781
95.60000610351563
96.85000610351563
96.47000122070313
97.91000366210938
96.91000366210938
96.51000213623047
94.08000183105469
94.6500015258789
95.81000518798828
95.79000854492188
97.64000701904297
94.3800048828125
97.14000701904297
93.29000854492188
97.0999984741211
96.010009765625
96.64000701904297
96.50000762939453
95.41000366210938
96.72000885009766
95.80001068115234
96.71000671386719
96.55999755859375
95.3800048828125
94.62001037597656
96.49000549316406
95.79000854492188
96.5300064086914
95.72000122070313
95.76000213623047
94.6500015258789
94.68000793457031
96.32000732421875
96.09000396728516
97.45001220703125
97.0999984741211
98.89000701904297
97.90000915527344
97.33000946044922
97.38999938964844
97.55000305175781
98.36000061035156
97.69000244140625
97.43000030517578
98.46000671386719
96.69000244140625
96.87000274658203
96.64000701904297
98.1600112915039
97.57000732421875
97.00000762939453
97.75000762939453
98.32000732421875
99.50000762939453
98.4000015258789
97.32000732421875
98.3800048828125
99.27000427246094
97.30000305175781
98.31000518798828
97.85000610351563
97.1500015258789
97.41000366210938
97.29000091552734
97.64000701904297
97.00000762939453
96.11000061035156
96.79000854492188
96.93000793457031
94.95001220703125
96.07000732421875
96.24000549316406
95.77000427246094
95.91999816894531
95.33000183105469
95.47000885009766
94.10000610351563
95.47000885009766
96.0300064086914
96.83000183105469
97.5
95.86000061035156
96.15000915527344
94.94000244140625
95.87001037597656
95.56999969482422
96.11000061035156
96.98001098632813
98.25000762939453
96.99000549316406
96.51000213623047
95.79000854492188
96.12000274658203
96.83000183105469
95.66000366210938
96.16000366210938
95.76000213623047
95.16000366210938
94.72000122070313
95.84000396728516
94.48001098632813
94.64000701904297
96.1300048828125
95.97000122070313
94.64000701904297
94.93000030517578
95.68000793457031
94.24000549316406
94.59000396728516
94.88999938964844
96.72000885009766
94.04000091552734
95.30999755859375
95.42000579833984
96.62001037597656
96.18000030517578
96.05000305175781
97.09000396728516
96.22000885009766
97.2800064086914
97.83000183105469
97.31001281738281
96.95000457763672
97.55000305175781
97.58000183105469
97.60000610351563
98.05000305175781
99.62001037597656
98.54000091552734
98.41000366210938
97.69000244140625
97.96000671386719
96.47000122070313
97.87001037597656
98.5300064086914
97.57000732421875
97.7800064086914
96.69000244140625
97.36000061035156
97.34000396728516
98.3499984741211
97.46000671386719
97.6100082397461
96.8600082397461
97.18000793457031
96.24000549316406
96.55999755859375
95.80001068115234
97.71000671386719
95.39000701904297
95.12000274658203
95.67000579833984
95.84000396728516
94.54000854492188
96.48001098632813
96.32000732421875
96.39000701904297
97.80000305175781
96.25
96.06001281738281
96.08000946044922
96.98001098632813
96.760009765625
96.72000885009766
97.52999877929688
96.99000549316406
97.44000244140625
98.23001098632813
99.33999633789063
97.41000366210938
97.7800064086914
99.57000732421875
99.61000061035156
98.26000213623047
98.1300048828125
97.6100082397461
98.20999908447266
100.25000762939453
98.43000793457031
98.1300048828125
96.55000305175781
95.34000396728516
97.21000671386719
97.51000213623047
99.25
97.47000885009766
99.02000427246094
97.9800033569336
98.56001281738281
96.77000427246094
97.56000518798828
98.4000015258789
96.7800064086914
95.47000885009766
96.91000366210938
96.45000457763672
96.44000244140625
95.04000854492188
96.90000915527344
97.96000671386719
94.47000122070313
96.07000732421875
95.5300064086914
96.32000732421875
97.52000427246094
97.02999877929688
96.81000518798828
97.02000427246094
97.37000274658203
96.92000579833984
98.71000671386719
99.45000457763672
100.14000701904297
98.23001098632813
97.40000915527344
98.06000518798828
98.9000015258789
97.89000701904297
97.94999694824219
99.1300048828125
97.01000213623047
97.99000549316406
96.95999908447266
96.80000305175781
96.55999755859375
97.99000549316406
98.010009765625
98.22000122070313
95.70000457763672
97.42000579833984
96.61000061035156
97.29000091552734
97.84000396728516
98.3800048828125
99.18000030517578
97.55000305175781
96.37000274658203
98.74000549316406
99.14000701904297
98.4800033569336
97.51000213623047
97.52999877929688
98.85000610351563
98.26000213623047
97.24000549316406
98.04000854492188
98.26000213623047
97.11000061035156
96.81000518798828
99.31999969482422
97.46000671386719
97.34000396728516
97.43000030517578
98.22000122070313
97.87001037597656
98.06000518798828
97.30000305175781
96.77000427246094
97.0999984741211
97.02000427246094
97.80000305175781
98.08999633789063
99.45000457763672
99.55001068115234
100.52000427246094
99.59000396728516
98.49000549316406
98.5300064086914
96.67000579833984
96.81999969482422
98.76000213623047
98.41999816894531
97.9800033569336
98.36000061035156
98.31000518798828
98.05000305175781
96.81000518798828
97.2300033569336
96.88999938964844
97.79000091552734
97.14000701904297
96.55000305175781
96.92000579833984
98.72000885009766
98.1300048828125
99.5999984741211
97.72000122070313
97.16999816894531
96.10000610351563
96.12000274658203
95.43000030517578
96.0
95.74000549316406
97.92000579833984
98.41999816894531
96.49000549316406
98.44001007080078
98.58000946044922
97.05001068115234
98.69000244140625
97.01000213623047
95.54000854492188
95.66000366210938
96.06001281738281
96.27999877929688
96.35000610351563
93.77999877929688
95.99000549316406
96.22000885009766
95.66000366210938
95.77000427246094
96.44000244140625
95.69000244140625
96.54000091552734
97.11000061035156
96.3600082397461
95.0
96.37000274658203
96.91000366210938
96.8600082397461
95.95000457763672
95.33000183105469
95.97000122070313
94.54000854492188
95.2800064086914
94.97000885009766
96.35000610351563
94.11000061035156
92.42000579833984
93.5
95.39000701904297
93.72000885009766
95.82000732421875
96.35000610351563
95.99000549316406
95.6300048828125
96.09000396728516
95.9000015258789
95.72000122070313
96.11000061035156
96.34001159667969
96.93000793457031
95.8800048828125
95.3800048828125
94.84000396728516
93.55000305175781
93.98001098632813
93.99000549316406
94.92000579833984
96.39000701904297
96.26000213623047
94.7800064086914
94.50000762939453
94.59000396728516
94.07000732421875
96.6300048828125
95.44999694824219
94.09000396728516
94.73999786376953
93.95000457763672
95.02000427246094
95.63999938964844
95.8499984741211
95.33000183105469
96.08000946044922
95.72000122070313
95.24000549316406
95.2800064086914
95.65000915527344
96.1300048828125
96.7800064086914
96.48001098632813
96.15000915527344
97.34000396728516
97.56000518798828
97.0999984741211
96.62001037597656
97.80999755859375
96.83999633789063
96.8800048828125
98.20000457763672
96.25
95.77999877929688
96.51000213623047
95.97000122070313
95.47000885009766
96.24000549316406
95.44000244140625
97.49000549316406
97.31001281738281
96.43000793457031
96.66000366210938
95.54000854492188
98.1600112915039
98.1100082397461
98.96000671386719
98.6300048828125
100.08000183105469
98.04000854492188
95.70000457763672
95.99000549316406
97.86000061035156
96.54000091552734
96.0300064086914
99.79000091552734
98.02000427246094
96.85000610351563
97.68000793457031
98.26000213623047
99.55001068115234
100.33000946044922
98.4800033569336
97.97000885009766
98.29000854492188
98.12000274658203
99.1300048828125
98.81000518798828
97.52999877929688
97.5
98.49000549316406
97.51000213623047
98.33000183105469
97.99000549316406
96.60000610351563
94.33999633789063
95.63999938964844
95.40000915527344
95.60000610351563
95.62000274658203
96.45000457763672
96.09000396728516
95.81000518798828
96.55000305175781
97.87001037597656
96.39000701904297
95.12000274658203
96.27000427246094
95.1300048828125
96.10000610351563
94.59000396728516
95.6300048828125
94.69001007080078
94.90000915527344
95.47000885009766
95.56000518798828
94.79000091552734
94.760009765625
96.95000457763672
96.74000549316406
97.72000122070313
95.37001037597656
95.18000793457031
96.11000061035156
95.69000244140625
95.1500015258789
97.06000518798828
96.39000701904297
95.35000610351563
96.34001159667969
96.90000915527344
96.10000610351563
97.32000732421875
95.6300048828125
96.010009765625
96.26000213623047
96.44000244140625
94.22000885009766
94.00000762939453
94.54000854492188
93.47000122070313
93.77999877929688
94.72000122070313
96.91000366210938
95.8800048828125
96.50000762939453
95.99000549316406
97.02999877929688
95.65000915527344
97.24000549316406
96.0
95.06000518798828
95.69000244140625
95.93000793457031
95.47000885009766
96.92000579833984
95.70999908447266
96.15000915527344
96.22000885009766
95.94001007080078
97.6300048828125
97.71000671386719
97.20000457763672
97.80999755859375
96.57000732421875
95.10000610351563
94.52999877929688
95.75000762939453
93.89000701904297
95.56000518798828
96.50000762939453
95.1100082397461
94.31000518798828
94.44000244140625
95.19000244140625
95.86000061035156
96.54000091552734
95.63999938964844
95.1100082397461
93.47000122070313
93.65000915527344
95.36000061035156
95.41000366210938
95.29000091552734
96.31000518798828
94.19000244140625
95.25000762939453
95.49000549316406
95.77999877929688
95.65000915527344
95.81000518798828
94.10000610351563
92.43000030517578
92.45001220703125
94.66000366210938
94.93000030517578
95.77999877929688
94.95001220703125
95.20000457763672
94.12001037597656
93.15000915527344
94.68000793457031
94.54000854492188
96.37000274658203
95.49000549316406
94.92000579833984
94.5999984741211
95.3800048828125
94.5999984741211
95.02000427246094
94.58000183105469
96.10000610351563
95.47000885009766
94.12001037597656
95.40000915527344
95.01000213623047
95.96000671386719
95.62000274658203
93.3499984741211
95.10000610351563
96.24000549316406
95.30000305175781
96.08000946044922
96.33000183105469
96.75
96.79000854492188
95.73001098632813
95.56000518798828
97.06000518798828
95.16000366210938
94.51000213623047
93.77000427246094
94.35000610351563
95.75000762939453
95.01000213623047
92.77000427246094
94.11000061035156
96.19000244140625
96.1300048828125
95.12000274658203
94.45000457763672
95.76000213623047
96.74000549316406
94.84000396728516
95.69000244140625
96.05000305175781
96.31000518798828
95.09001159667969
95.89000701904297
95.76000213623047
95.510009765625
95.9800033569336
95.01000213623047
95.19000244140625
97.44000244140625
95.74000549316406
96.3800048828125
95.26000213623047
95.65000915527344
97.93000030517578
97.18000793457031
95.73001098632813
94.37000274658203
93.7300033569336
96.27000427246094
96.18000030517578
94.760009765625
94.64000701904297
94.71000671386719
94.35000610351563
94.3600082397461
94.73999786376953
92.79000091552734
94.05000305175781
94.66999816894531
94.62001037597656
92.60000610351563
93.80000305175781
92.6300048828125
94.66999816894531
94.94000244140625
95.44000244140625
95.40000915527344
94.40000915527344
94.79000091552734
96.08000946044922
95.89000701904297
95.55000305175781
94.73999786376953
94.19000244140625
94.38999938964844
93.12000274658203
93.1100082397461
91.6300048828125
94.37000274658203
94.49000549316406
95.16999816894531
95.19000244140625
95.4800033569336
94.99000549316406
94.96000671386719
94.21000671386719
94.48001098632813
93.79000854492188
94.72000122070313
93.4000015258789
93.18000793457031
92.82000732421875
94.21000671386719
94.48001098632813
94.54000854492188
93.81999969482422
95.04000854492188
96.75
95.81000518798828
96.10000610351563
95.23001098632813
97.43000030517578
94.30000305175781
95.47000885009766
94.260009765625
93.61000061035156
95.22000122070313
96.16000366210938
95.33000183105469
95.05000305175781
97.18000793457031
96.58000183105469
96.35000610351563
95.36000061035156
94.2800064086914
93.37001037597656
95.74000549316406
94.37000274658203
95.58999633789063
95.06000518798828
95.55000305175781
95.3800048828125
95.6100082397461
95.75000762939453
95.52000427246094
95.6100082397461
95.43000030517578
95.82000732421875
95.1500015258789
94.19000244140625
95.36000061035156
94.01000213623047
95.5
95.77999877929688
94.24000549316406
92.9800033569336
93.0
93.93000793457031
93.79000854492188
95.97000122070313
93.32000732421875
93.98001098632813
94.04000091552734
93.77000427246094
94.33000183105469
93.5
94.91000366210938
95.60000610351563
94.5999984741211
95.81000518798828
95.52000427246094
94.66000366210938
95.67000579833984
94.42000579833984
94.70000457763672
95.02000427246094
94.54000854492188
94.0300064086914
93.83000183105469
95.16999816894531
93.02000427246094
93.48999786376953
95.09001159667969
94.77000427246094
95.08000183105469
96.27000427246094
95.60000610351563
93.70001220703125
94.88999938964844
93.68000030517578
94.85000610351563
92.2800064086914
93.59000396728516
95.82000732421875
95.62000274658203
95.07000732421875
95.97000122070313
96.17000579833984
96.06001281738281
95.43000030517578
93.36000061035156
94.61000061035156
93.77000427246094
94.04000091552734
92.18000793457031
94.38999938964844
93.56001281738281
93.55000305175781
93.60000610351563
92.49000549316406
92.56000518798828
94.35000610351563
93.54000091552734
92.82000732421875
94.02000427246094
95.23001098632813
94.61000061035156
95.36000061035156
94.43000793457031
94.58000183105469
95.26000213623047
96.06001281738281
96.43000793457031
95.99000549316406
94.58000183105469
95.20000457763672
94.55001068115234
96.71000671386719
96.07000732421875
97.74000549316406
96.16000366210938
98.47000122070313
97.62000274658203
97.40000915527344
96.55999755859375
94.41000366210938
96.13999938964844
95.89000701904297
96.67000579833984
95.43000030517578
95.89000701904297
93.77000427246094
94.64000701904297
95.8800048828125
95.79000854492188
95.30000305175781
97.02999877929688
97.1300048828125
96.20001220703125
96.58000183105469
95.70999908447266
96.92000579833984
96.26000213623047
96.44000244140625
96.29000854492188
96.81000518798828
96.11000061035156
94.760009765625
94.6300048828125
94.31999969482422
95.70999908447266
95.19000244140625
95.8800048828125
96.92000579833984
96.47000122070313
96.45000457763672
94.47000122070313
94.48001098632813
93.08999633789063
94.6300048828125
96.06001281738281
96.69000244140625
95.96000671386719
95.81000518798828
97.1500015258789
94.66999816894531
95.76000213623047
95.55000305175781
96.4000015258789
95.18000793457031
95.65000915527344
95.79000854492188
95.65000915527344
96.13999938964844
93.98001098632813
95.16000366210938
95.73001098632813
95.12000274658203
97.37000274658203
96.04000091552734
96.13999938964844
93.99000549316406
96.010009765625
94.96000671386719
95.22000122070313
92.83000183105469
95.37001037597656
94.83000946044922
95.08000183105469
93.7300033569336
95.23001098632813
95.74000549316406
95.35000610351563
95.27000427246094
95.08000183105469
94.97000885009766
94.30000305175781
95.52000427246094
96.26000213623047
96.68000030517578
96.34001159667969
96.47000122070313
95.32000732421875
95.30999755859375
95.63999938964844
94.47000122070313
93.74000549316406
94.43000793457031
94.84000396728516
94.52999877929688
94.27000427246094
94.69001007080078
94.54000854492188
94.15000915527344
94.61000061035156
95.75000762939453
94.75
95.4800033569336
94.2800064086914
95.1300048828125
95.68000793457031
96.5300064086914
95.44000244140625
95.87001037597656
96.19000244140625
95.66000366210938
97.3800048828125
97.84000396728516
96.92000579833984
96.06001281738281
95.510009765625
94.35000610351563
94.84000396728516
94.66000366210938
94.3600082397461
94.3600082397461
93.5300064086914
92.87001037597656
93.79000854492188
93.43000793457031
95.04000854492188
93.6300048828125
95.33000183105469
95.23001098632813
94.17000579833984
94.05999755859375
94.33999633789063
94.7800064086914
95.1500015258789
95.6100082397461
94.87000274658203
96.50000762939453
96.81000518798828
94.64000701904297
94.3600082397461
94.59000396728516
95.30000305175781
94.48001098632813
94.9800033569336
94.9800033569336
96.27999877929688
94.91000366210938
94.02000427246094
93.69000244140625
94.81001281738281
95.44000244140625
95.34000396728516
96.43000793457031
93.62000274658203
95.76000213623047
96.010009765625
95.97000122070313
94.1300048828125
95.05000305175781
95.02999877929688
95.47000885009766
95.66000366210938
95.62000274658203
94.94000244140625
95.34000396728516
96.0300064086914
95.65000915527344
95.66000366210938
96.92000579833984
96.27999877929688
94.59000396728516
96.45000457763672
95.84000396728516
95.1500015258789
95.70000457763672
95.30000305175781
95.6300048828125
93.80000305175781
95.89000701904297
95.67000579833984
95.55000305175781
94.95001220703125
94.61000061035156
93.7300033569336
93.94000244140625
94.7800064086914
94.11000061035156
95.44999694824219
94.79000091552734
93.91000366210938
93.3800048828125
94.70000457763672
94.82000732421875
96.18000030517578
95.76000213623047
94.38999938964844
95.52000427246094
95.04000854492188
96.02000427246094
93.5300064086914
93.81999969482422
94.42000579833984
94.760009765625
94.33000183105469
94.05000305175781
95.56000518798828
94.3800048828125
93.4000015258789
94.38999938964844
94.22000885009766
94.1300048828125
95.49000549316406
95.43000030517578
95.05000305175781
95.41000366210938
96.54000091552734
95.18000793457031
93.62000274658203
95.77999877929688
96.0300064086914
93.72000885009766
94.87000274658203
94.70000457763672
95.77999877929688
94.73999786376953
96.34001159667969
96.59000396728516
95.58999633789063
94.86000061035156
94.57000732421875
96.94000244140625
95.69000244140625
94.7800064086914
94.72000122070313
97.07000732421875
94.77000427246094
94.6500015258789
95.5
95.80001068115234
94.5999984741211
96.45000457763672
97.11000061035156
92.87001037597656
95.08000183105469
94.30000305175781
95.02999877929688
95.04000854492188
95.8499984741211
94.51000213623047
94.45000457763672
94.16000366210938
94.14000701904297
94.18000030517578
94.25
97.1500015258789
96.92000579833984
97.22000122070313
96.61000061035156
96.3800048828125
96.57000732421875
97.55000305175781
96.57000732421875
97.16000366210938
96.85000610351563
97.07000732421875
96.58000183105469
97.6500015258789
96.760009765625
94.3800048828125
98.71000671386719
99.05000305175781
97.62000274658203
96.20001220703125
97.42000579833984
96.31000518798828
96.21000671386719
96.44000244140625
95.56999969482422
94.73999786376953
95.94001007080078
94.62001037597656
94.73999786376953
96.46000671386719
95.32000732421875
95.72000122070313
96.95000457763672
96.29000854492188
95.74000549316406
96.15000915527344
95.77000427246094
96.37000274658203
96.75
95.99000549316406
95.83000183105469
94.62001037597656
94.17000579833984
92.83000183105469
93.06000518798828
92.7800064086914
93.08999633789063
94.18000030517578
93.65000915527344
92.97000885009766
93.02000427246094
94.33999633789063
94.73999786376953
93.91999816894531
93.52000427246094
94.85000610351563
95.70999908447266
94.33999633789063
94.24000549316406
94.2300033569336
93.59000396728516
93.27000427246094
93.85000610351563
93.33000183105469
94.22000885009766
96.7300033569336
97.47000885009766
97.82000732421875
95.65000915527344
94.52000427246094
96.27000427246094
97.82000732421875
97.42000579833984
97.2800064086914
97.47000885009766
98.18000793457031
95.77999877929688
96.08000946044922
96.26000213623047
96.31000518798828
97.02000427246094
96.67000579833984
97.260009765625
97.56000518798828
97.46000671386719
96.62001037597656
97.1300048828125
97.07000732421875
94.97000885009766
93.81000518798828
95.77999877929688
96.81000518798828
97.02999877929688
94.25
95.40000915527344
94.8800048828125
94.10000610351563
95.24000549316406
94.9800033569336
95.37001037597656
95.96000671386719
96.62001037597656
93.66000366210938
95.32000732421875
94.07000732421875
95.52000427246094
95.19000244140625
94.6300048828125
95.24000549316406
95.30000305175781
95.42000579833984
93.1300048828125
95.58000183105469
93.55000305175781
93.08999633789063
94.47000122070313
92.93000030517578
92.37000274658203
92.92000579833984
93.89000701904297
93.74000549316406
94.42000579833984
94.11000061035156
94.04000091552734
94.66000366210938
94.90000915527344
92.62000274658203
92.19001007080078
93.12000274658203
93.67000579833984
94.33000183105469
94.30000305175781
94.56000518798828
94.56000518798828
94.6300048828125
95.63999938964844
95.84000396728516
95.39000701904297
95.14000701904297
94.05000305175781
94.08000183105469
93.20000457763672
92.30000305175781
92.22000122070313
93.77999877929688
94.68000793457031
93.46000671386719
93.91000366210938
95.09001159667969
95.43000030517578
96.72000885009766
96.33000183105469
96.08000946044922
95.65000915527344
95.18000793457031
95.5
94.84000396728516
95.74000549316406
96.06001281738281
95.20000457763672
95.49000549316406
95.49000549316406
95.32000732421875
94.05000305175781
93.16000366210938
93.81999969482422
92.3800048828125
93.27999877929688
94.24000549316406
93.77000427246094
93.8800048828125
93.81000518798828
94.02000427246094
93.77000427246094
95.56999969482422
94.57000732421875
93.80000305175781
95.1100082397461
95.27000427246094
95.02000427246094
95.02000427246094
94.55001068115234
95.27000427246094
94.2800064086914
96.16000366210938
96.5300064086914
96.2300033569336
96.26000213623047
97.02999877929688
95.8800048828125
96.90000915527344
97.92000579833984
97.31001281738281
96.74000549316406
96.18000030517578
95.46000671386719
94.45999908447266
94.42000579833984
94.92000579833984
95.56999969482422
96.010009765625
96.17000579833984
95.60000610351563
95.67000579833984
95.81000518798828
94.70000457763672
95.01000213623047
95.60000610351563
94.35000610351563
96.55999755859375
96.05000305175781
96.69999694824219
97.27000427246094
97.7800064086914
96.16000366210938
94.57000732421875
95.21000671386719
95.510009765625
96.3800048828125
96.13999938964844
97.56000518798828
95.86000061035156
94.66000366210938
95.16999816894531
95.58000183105469
95.29000091552734
95.43000030517578
95.60000610351563
94.77000427246094
93.98001098632813
94.42000579833984
94.55001068115234
96.11000061035156
95.60000610351563
96.91000366210938
