95.83000183105469
94.71000671386719
95.49000549316406
95.93000793457031
96.43000793457031
94.69001007080078
96.68000030517578
94.73999786376953
95.80001068115234
95.5
95.76000213623047
95.60000610351563
96.26000213623047
97.08000183105469
95.67000579833984
98.74000549316406
97.82000732421875
95.1500015258789
95.74000549316406
94.92000579833984
96.39000701904297
96.08000946044922
97.5
96.43000793457031
96.68000030517578
96.3800048828125
97.40000915527344
95.70999908447266
94.64000701904297
95.87001037597656
95.40000915527344
94.760009765625
95.30000305175781
95.3800048828125
94.12001037597656
95.35000610351563
97.45001220703125
96.71000671386719
95.69000244140625
97.62000274658203
98.52000427246094
99.52000427246094
98.34000396728516
97.77000427246094
97.3800048828125
99.2300033569336
97.7800064086914
96.57000732421875
96.51000213623047
96.37000274658203
98.6300048828125
96.72000885009766
96.2300033569336
96.41999816894531
96.41999816894531
94.66999816894531
96.62001037597656
96.75
95.70000457763672
96.67000579833984
95.21000671386719
94.55001068115234
94.31000518798828
93.55000305175781
94.6300048828125
93.52000427246094
92.37000274658203
92.35000610351563
92.27000427246094
93.76000213623047
93.7300033569336
94.45999908447266
94.43000793457031
94.24000549316406
93.71000671386719
94.08000183105469
94.10000610351563
92.43000030517578
93.77999877929688
93.5300064086914
94.91000366210938
96.20001220703125
95.93000793457031
95.23001098632813
95.6300048828125
95.27000427246094
96.41999816894531
96.95000457763672
96.65000915527344
95.79000854492188
95.44000244140625
95.25000762939453
95.42000579833984
95.23001098632813
97.6100082397461
94.96000671386719
96.3800048828125
95.47000885009766
96.10000610351563
94.71000671386719
94.51000213623047
95.01000213623047
98.0300064086914
97.30000305175781
95.67000579833984
96.27000427246094
95.70000457763672
95.33000183105469
96.06001281738281
95.16999816894531
97.32000732421875
96.93000793457031
95.1300048828125
95.84000396728516
96.72000885009766
96.17000579833984
97.70000457763672
96.26000213623047
95.68000793457031
99.31999969482422
98.05000305175781
95.75000762939453
95.52000427246094
95.43000030517578
95.30999755859375
94.16000366210938
95.43000030517578
95.25000762939453
95.93000793457031
94.1300048828125
92.0999984741211
93.510009765625
94.33000183105469
93.74000549316406
93.74000549316406
93.83000183105469
92.20000457763672
93.58000946044922
93.87000274658203
94.71000671386719
94.02000427246094
94.04000091552734
92.93000030517578
94.85000610351563
94.97000885009766
93.85000610351563
93.56001281738281
94.69001007080078
95.87001037597656
94.37000274658203
93.510009765625
93.75
92.7800064086914
92.94999694824219
94.11000061035156
94.11000061035156
93.43000793457031
96.3600082397461
96.59000396728516
95.1500015258789
92.62000274658203
91.92000579833984
92.07000732421875
91.94000244140625
91.79000854492188
91.67000579833984
94.260009765625
93.91999816894531
94.64000701904297
94.24000549316406
93.91000366210938
94.57000732421875
93.19000244140625
94.88999938964844
93.5300064086914
94.66999816894531
93.0
93.95000457763672
91.95000457763672
93.69000244140625
93.12000274658203
92.92000579833984
93.66000366210938
92.86000061035156
92.31001281738281
91.18000030517578
92.69000244140625
93.69000244140625
93.32000732421875
94.2800064086914
93.17000579833984
95.79000854492188
94.37000274658203
94.40000915527344
93.16000366210938
93.75
94.68000793457031
96.7300033569336
96.47000122070313
94.61000061035156
94.80000305175781
95.02999877929688
95.49000549316406
95.40000915527344
95.99000549316406
95.23001098632813
94.71000671386719
95.14000701904297
94.51000213623047
95.39000701904297
95.36000061035156
95.49000549316406
95.18000793457031
95.20000457763672
94.79000091552734
95.49000549316406
95.79000854492188
96.15000915527344
96.010009765625
95.93000793457031
97.6100082397461
97.69000244140625
96.6300048828125
97.06000518798828
97.02999877929688
96.67000579833984
97.4800033569336
96.74000549316406
98.71000671386719
98.27000427246094
98.4000015258789
95.75000762939453
96.75
97.1300048828125
97.20000457763672
96.08000946044922
95.20000457763672
95.60000610351563
95.46000671386719
95.65000915527344
96.68000030517578
97.36000061035156
97.49000549316406
96.32000732421875
98.49000549316406
96.13999938964844
96.09000396728516
94.9800033569336
95.30999755859375
94.73999786376953
97.25
95.22000122070313
95.1100082397461
96.72000885009766
94.7800064086914
96.99000549316406
96.32000732421875
94.86000061035156
97.00000762939453
96.54000091552734
94.59000396728516
96.58000183105469
96.0
96.27000427246094
95.5300064086914
95.02999877929688
95.36000061035156
93.65000915527344
94.12001037597656
95.95000457763672
94.05000305175781
94.59000396728516
95.54000854492188
94.6500015258789
94.21000671386719
94.29000854492188
94.56000518798828
92.82000732421875
93.16000366210938
87.27000427246094
90.04000854492188
87.6100082397461
90.5
89.85000610351563
89.05999755859375
88.83000183105469
90.02000427246094
90.02000427246094
89.37000274658203
89.2800064086914
88.12000274658203
87.5
89.97000885009766
87.58000183105469
89.9800033569336
90.5
92.22000122070313
89.50000762939453
90.44999694824219
91.88999938964844
91.43000793457031
91.72000885009766
88.16000366210938
90.29000091552734
91.95999908447266
91.81000518798828
91.12000274658203
91.44000244140625
92.12001037597656
89.21000671386719
91.45000457763672
91.19000244140625
89.54000854492188
93.15000915527344
94.70000457763672
90.8499984741211
90.510009765625
93.32000732421875
92.96000671386719
91.41999816894531
94.00000762939453
92.18000793457031
92.70000457763672
89.69001007080078
89.35000610351563
88.67000579833984
88.20999908447266
88.98001098632813
90.1100082397461
88.62000274658203
91.22000885009766
91.31999969482422
91.24000549316406
92.07000732421875
91.59000396728516
92.99000549316406
91.54000091552734
92.54000854492188
89.19999694824219
89.86000061035156
91.0
90.86000061035156
89.73999786376953
89.59000396728516
89.95001220703125
88.34000396728516
90.06999969482422
90.74000549316406
92.35000610351563
90.81000518798828
90.06999969482422
91.77000427246094
90.29000091552734
89.45000457763672
90.21000671386719
90.8800048828125
89.73999786376953
89.9800033569336
89.02000427246094
91.62001037597656
92.9800033569336
93.0300064086914
92.260009765625
92.7800064086914
90.18000793457031
91.29000854492188
91.92000579833984
90.44999694824219
91.0
88.5300064086914
90.1100082397461
89.2800064086914
90.84000396728516
91.11000061035156
90.5
91.54000091552734
90.42000579833984
89.57000732421875
89.55001068115234
93.77999877929688
92.3800048828125
92.72000122070313
93.41000366210938
94.33999633789063
93.22000122070313
91.97000122070313
90.33000183105469
90.39000701904297
89.22000885009766
91.44000244140625
90.79000854492188
88.8800048828125
91.93000793457031
91.30000305175781
88.76000213623047
90.83000183105469
91.81000518798828
91.27999877929688
90.86000061035156
90.4000015258789
89.2800064086914
89.2300033569336
89.5999984741211
88.7300033569336
88.19000244140625
87.56000518798828
89.97000885009766
89.85000610351563
87.55000305175781
86.26000213623047
87.2800064086914
87.59001159667969
89.37000274658203
88.85000610351563
89.00000762939453
87.08000183105469
90.39000701904297
87.52000427246094
89.21000671386719
90.14000701904297
89.18000030517578
89.27000427246094
88.22000122070313
89.40000915527344
89.96000671386719
90.46000671386719
90.75000762939453
89.27000427246094
91.83000183105469
92.45001220703125
93.7300033569336
93.08999633789063
93.77000427246094
95.30999755859375
94.45999908447266
92.71000671386719
92.04000854492188
91.90000915527344
91.08000946044922
89.2800064086914
92.260009765625
92.20000457763672
91.98001098632813
91.25
92.69000244140625
92.22000122070313
92.20000457763672
91.760009765625
90.27000427246094
90.47000885009766
91.7300033569336
89.44000244140625
88.96000671386719
89.17000579833984
91.08000946044922
87.52000427246094
87.97000885009766
87.05001068115234
88.44001007080078
90.1100082397461
89.82000732421875
88.4800033569336
88.71000671386719
88.77999877929688
88.1100082397461
89.45999908447266
89.81001281738281
87.82000732421875
89.10000610351563
88.81000518798828
88.13999938964844
87.80000305175781
87.84000396728516
88.12000274658203
89.31999969482422
88.34000396728516
89.43000793457031
90.44999694824219
88.79000854492188
88.6300048828125
87.6500015258789
89.86000061035156
89.29000854492188
90.02000427246094
88.8800048828125
89.33999633789063
88.75
89.41000366210938
89.05999755859375
88.72000885009766
87.82000732421875
88.0
86.88999938964844
88.0300064086914
88.04000854492188
87.41000366210938
87.37000274658203
89.10000610351563
89.00000762939453
88.22000122070313
87.77000427246094
88.19000244140625
88.8600082397461
89.45999908447266
90.47000885009766
88.66000366210938
88.5
88.74000549316406
86.09000396728516
85.56999969482422
86.60000610351563
87.64000701904297
88.94000244140625
86.29000854492188
88.24000549316406
88.55000305175781
88.3800048828125
88.63999938964844
88.44001007080078
86.34001159667969
87.52999877929688
89.83000946044922
88.80000305175781
86.760009765625
90.36000061035156
90.29000091552734
90.24000549316406
91.02000427246094
90.84000396728516
91.010009765625
90.46000671386719
89.8800048828125
90.1100082397461
89.17000579833984
88.95000457763672
90.43000030517578
89.92000579833984
88.39000701904297
87.77000427246094
87.69000244140625
87.75000762939453
88.57000732421875
87.75000762939453
88.39000701904297
89.25
89.8800048828125
90.96000671386719
89.19000244140625
89.97000885009766
91.21000671386719
91.69999694824219
90.70999908447266
90.18000793457031
90.32000732421875
90.96000671386719
91.48001098632813
91.05000305175781
89.3600082397461
89.08000183105469
89.2300033569336
88.31000518798828
88.34000396728516
88.08999633789063
88.99000549316406
88.87000274658203
88.87000274658203
89.47999572753906
88.37001037597656
88.05000305175781
89.47000122070313
86.69999694824219
86.83999633789063
89.40000915527344
88.13999938964844
90.69000244140625
90.70000457763672
89.45000457763672
87.05001068115234
89.71000671386719
89.43000793457031
88.91000366210938
87.62000274658203
89.43000793457031
88.70001220703125
90.36000061035156
90.8800048828125
88.81000518798828
89.50000762939453
89.0300064086914
88.3800048828125
89.30000305175781
87.29000091552734
87.6500015258789
90.08000183105469
88.61000061035156
88.5
89.21000671386719
86.38999938964844
87.43000030517578
88.45000457763672
88.71000671386719
88.91000366210938
85.91000366210938
87.83000183105469
88.81999969482422
88.24000549316406
87.75000762939453
88.79000854492188
88.97000122070313
88.44001007080078
86.97999572753906
88.27999877929688
87.69000244140625
89.47000122070313
87.30999755859375
87.30000305175781
86.16000366210938
86.31000518798828
87.42000579833984
87.45001220703125
88.15000915527344
89.1500015258789
88.68000030517578
89.43000793457031
87.92000579833984
88.4800033569336
89.55001068115234
92.02999877929688
87.89000701904297
89.01000213623047
89.96000671386719
88.62000274658203
89.72000122070313
90.87001037597656
90.02999877929688
89.22000885009766
89.45000457763672
90.35000610351563
91.47000122070313
90.4800033569336
91.20001220703125
91.55999755859375
89.52999877929688
87.76000213623047
86.55000305175781
87.18000793457031
89.33000183105469
88.08999633789063
87.93000030517578
86.68000030517578
87.07000732421875
86.27999877929688
86.17000579833984
88.5300064086914
88.06000518798828
88.13999938964844
85.5300064086914
89.69001007080078
86.52000427246094
89.58000183105469
89.81001281738281
88.43000793457031
86.27999877929688
87.72000122070313
88.04000854492188
86.10000610351563
86.1300048828125
87.02999877929688
88.75
88.85000610351563
87.74000549316406
90.69000244140625
92.47000885009766
92.20000457763672
92.260009765625
90.30999755859375
87.66999816894531
87.68000793457031
88.68000030517578
89.08000183105469
87.94999694824219
88.98001098632813
88.5
89.64000701904297
90.79000854492188
90.29000091552734
88.24000549316406
89.33000183105469
88.80000305175781
88.0
85.54000854492188
88.68000030517578
87.59001159667969
84.91000366210938
87.72000122070313
87.79000091552734
87.07000732421875
88.67000579833984
88.91000366210938
91.83999633789063
86.67000579833984
87.7800064086914
86.59000396728516
89.09000396728516
88.26000213623047
89.25
88.12000274658203
87.22000122070313
87.6100082397461
89.75
91.10000610351563
89.16000366210938
91.61000061035156
90.21000671386719
89.02000427246094
93.24000549316406
90.32000732421875
88.48999786376953
89.97000885009766
91.60000610351563
90.25000762939453
88.75
90.8800048828125
88.76000213623047
89.70000457763672
89.27000427246094
89.56000518798828
90.35000610351563
89.16000366210938
91.58000183105469
92.38999938964844
90.75000762939453
91.21000671386719
89.31999969482422
87.44000244140625
88.43000793457031
88.27999877929688
87.19001007080078
89.85000610351563
90.65000915527344
88.18000793457031
89.49000549316406
87.59001159667969
86.69999694824219
86.90000915527344
85.8800048828125
86.15000915527344
87.27000427246094
86.97999572753906
87.40000915527344
88.89000701904297
87.8800048828125
88.0300064086914
88.71000671386719
87.36000061035156
87.6500015258789
88.1100082397461
92.38999938964844
91.62001037597656
93.97000122070313
92.02000427246094
93.1100082397461
95.65000915527344
94.43000793457031
94.260009765625
95.67000579833984
94.58000183105469
93.99000549316406
95.16999816894531
90.55000305175781
92.20000457763672
91.37000274658203
93.45000457763672
93.60000610351563
91.19000244140625
93.3800048828125
92.18000793457031
97.66999816894531
97.41000366210938
96.67000579833984
96.21000671386719
94.42000579833984
97.7800064086914
96.0
94.51000213623047
96.010009765625
95.6100082397461
96.12000274658203
96.02000427246094
94.40000915527344
94.07000732421875
95.95000457763672
96.12000274658203
93.60000610351563
91.010009765625
92.56000518798828
91.60000610351563
92.06000518798828
88.91999816894531
91.59000396728516
91.3800048828125
90.2800064086914
87.83000183105469
91.97000122070313
92.58000183105469
91.7300033569336
91.760009765625
92.91000366210938
93.67000579833984
92.2800064086914
92.21000671386719
93.16000366210938
92.72000122070313
90.33000183105469
94.31000518798828
91.69000244140625
90.52000427246094
94.01000213623047
92.59001159667969
94.22000885009766
91.760009765625
89.97000885009766
88.99000549316406
90.27000427246094
89.07000732421875
87.76000213623047
88.06999969482422
87.59001159667969
90.06000518798828
92.29000091552734
93.9000015258789
92.40000915527344
89.17000579833984
89.43000793457031
90.21000671386719
91.05000305175781
90.79000854492188
91.27000427246094
92.2300033569336
90.1500015258789
91.24000549316406
91.57000732421875
88.48999786376953
89.38999938964844
87.69000244140625
88.94000244140625
87.19001007080078
88.87000274658203
87.47000885009766
88.12000274658203
89.1500015258789
90.76000213623047
88.54000091552734
89.72000122070313
88.95000457763672
88.70001220703125
89.04000091552734
86.55000305175781
87.94000244140625
87.97000885009766
86.77000427246094
86.92000579833984
87.260009765625
86.57000732421875
85.62000274658203
86.99000549316406
86.41999816894531
86.20001220703125
87.40000915527344
86.67000579833984
86.49000549316406
87.37000274658203
86.87000274658203
86.72000885009766
84.62001037597656
86.44000244140625
86.15000915527344
88.4000015258789
87.64000701904297
87.97000885009766
88.08000183105469
88.16000366210938
87.68000793457031
88.75
88.41999816894531
87.32000732421875
87.71000671386719
86.4000015258789
88.52000427246094
87.2800064086914
87.7800064086914
86.41999816894531
86.33000183105469
86.34001159667969
86.93000793457031
84.1500015258789
86.45000457763672
87.52000427246094
86.0
88.91000366210938
85.65000915527344
87.3800048828125
87.49000549316406
87.46000671386719
86.51000213623047
87.30999755859375
86.62001037597656
86.83000183105469
87.6300048828125
87.47000885009766
87.05001068115234
88.08000183105469
86.59000396728516
85.2800064086914
87.11000061035156
86.69000244140625
86.26000213623047
87.55000305175781
86.3600082397461
86.2300033569336
85.62000274658203
87.05001068115234
87.22000122070313
85.77999877929688
87.06000518798828
87.46000671386719
86.80000305175781
88.47000122070313
86.6300048828125
87.51000213623047
88.80000305175781
88.8600082397461
87.51000213623047
88.1300048828125
89.84000396728516
89.91000366210938
89.01000213623047
87.52999877929688
88.97000122070313
89.45999908447266
90.86000061035156
90.72999572753906
91.12000274658203
88.44001007080078
88.20000457763672
90.06000518798828
88.4800033569336
89.73999786376953
88.61000061035156
89.7800064086914
89.37000274658203
89.11000061035156
88.55000305175781
88.22999572753906
89.43000793457031
88.0300064086914
86.61000061035156
87.1300048828125
87.0999984741211
87.79000091552734
85.89000701904297
87.19001007080078
88.61000061035156
85.13999938964844
86.46000671386719
85.60000610351563
87.82000732421875
87.7800064086914
86.95999908447266
88.04000854492188
87.16000366210938
87.75000762939453
87.94000244140625
89.29000854492188
90.4000015258789
91.61000061035156
90.26000213623047
89.45000457763672
89.66000366210938
90.62000274658203
89.56000518798828
89.61000061035156
90.5300064086914
89.35000610351563
88.72000885009766
88.55000305175781
88.30001068115234
88.27000427246094
90.06000518798828
89.09000396728516
89.83000946044922
89.16000366210938
91.1300048828125
89.09000396728516
89.70000457763672
90.34000396728516
91.41999816894531
91.60000610351563
90.69000244140625
90.2800064086914
93.4000015258789
93.13999938964844
90.69000244140625
90.83000183105469
90.30999755859375
92.54000854492188
90.97000122070313
91.74000549316406
91.31000518798828
91.41000366210938
90.95000457763672
91.51000213623047
95.37001037597656
91.57000732421875
93.27999877929688
94.73999786376953
93.57000732421875
94.33000183105469
92.1500015258789
92.7800064086914
92.97000885009766
92.6300048828125
92.56000518798828
92.52000427246094
93.05000305175781
96.3800048828125
94.96000671386719
93.94000244140625
92.44000244140625
91.88999938964844
92.6500015258789
90.32000732421875
92.99000549316406
93.97000122070313
92.89000701904297
93.57000732421875
93.89000701904297
94.55001068115234
93.80000305175781
90.91000366210938
92.44000244140625
92.3800048828125
93.13999938964844
93.16000366210938
92.08000183105469
90.66000366210938
92.52999877929688
91.1300048828125
92.82000732421875
92.66999816894531
91.57000732421875
91.81000518798828
90.66000366210938
90.42000579833984
90.6300048828125
91.35000610351563
95.20000457763672
93.06000518798828
91.1300048828125
93.91999816894531
92.96000671386719
93.10000610351563
92.11000061035156
91.0
88.99000549316406
89.95001220703125
90.34000396728516
90.5300064086914
91.6300048828125
90.29000091552734
90.68000793457031
89.7300033569336
89.54000854492188
90.44000244140625
90.8800048828125
90.04000854492188
90.77999877929688
91.06001281738281
90.20000457763672
90.49000549316406
90.35000610351563
90.77999877929688
89.3600082397461
90.80001068115234
89.09000396728516
89.05999755859375
89.94000244140625
91.13999938964844
92.23999786376953
92.1300048828125
90.22000122070313
89.44000244140625
90.70000457763672
90.02000427246094
88.71000671386719
90.06999969482422
89.6500015258789
89.82000732421875
90.65000915527344
90.30000305175781
91.3600082397461
91.88999938964844
90.93000793457031
90.72999572753906
89.58000183105469
90.6300048828125
88.97000122070313
88.3499984741211
88.67000579833984
88.67000579833984
89.52999877929688
87.8800048828125
89.02000427246094
88.41999816894531
89.81001281738281
88.29000854492188
89.70000457763672
90.44000244140625
91.75
89.40000915527344
89.22000885009766
90.43000030517578
88.80000305175781
90.10000610351563
91.79000854492188
89.31999969482422
87.0999984741211
89.33999633789063
88.05000305175781
87.45001220703125
88.24000549316406
88.91000366210938
89.6300048828125
90.06999969482422
89.47000122070313
88.29000854492188
88.65000915527344
89.95001220703125
90.58000183105469
88.55000305175781
88.60000610351563
89.1500015258789
89.57000732421875
90.30999755859375
89.52000427246094
90.44000244140625
93.05000305175781
91.45000457763672
90.89000701904297
91.52000427246094
92.3800048828125
92.42000579833984
93.74000549316406
91.92000579833984
92.5
91.55000305175781
95.47000885009766
93.20000457763672
93.13999938964844
93.9000015258789
94.05000305175781
92.4800033569336
90.510009765625
93.75
94.8800048828125
92.04000854492188
92.56000518798828
94.56000518798828
93.39000701904297
92.1300048828125
92.31001281738281
93.06000518798828
90.68000793457031
91.88999938964844
89.31999969482422
89.97000885009766
89.2300033569336
87.33000946044922
88.77999877929688
88.39000701904297
87.70000457763672
88.95000457763672
88.62000274658203
88.22999572753906
89.37000274658203
87.75000762939453
87.76000213623047
86.16000366210938
86.83999633789063
86.57000732421875
86.52000427246094
87.9800033569336
87.91000366210938
88.43000793457031
89.0300064086914
87.1300048828125
89.04000091552734
90.04000854492188
87.56000518798828
89.30000305175781
88.85000610351563
90.30999755859375
88.17000579833984
89.19999694824219
89.19000244140625
87.72000122070313
89.52999877929688
88.71000671386719
87.2300033569336
89.31999969482422
91.08000946044922
92.08000183105469
91.31999969482422
87.89000701904297
90.01000213623047
89.05999755859375
90.09001159667969
88.68000030517578
90.82000732421875
91.5300064086914
90.26000213623047
89.69001007080078
89.41000366210938
90.4000015258789
90.20000457763672
88.76000213623047
90.47000885009766
89.56000518798828
90.72999572753906
88.1100082397461
88.60000610351563
88.6300048828125
88.27000427246094
89.05000305175781
89.02000427246094
90.54000854492188
89.22000885009766
88.62000274658203
88.54000091552734
89.50000762939453
88.10000610351563
90.34000396728516
87.62000274658203
88.58000946044922
88.80000305175781
89.11000061035156
86.37000274658203
89.52999877929688
88.61000061035156
89.2800064086914
90.02999877929688
89.19000244140625
91.6300048828125
91.010009765625
89.27000427246094
90.2800064086914
89.30000305175781
87.11000061035156
88.12000274658203
88.46000671386719
86.99000549316406
87.85000610351563
87.6500015258789
86.09000396728516
86.29000854492188
86.17000579833984
86.22000885009766
88.05000305175781
87.45001220703125
88.13999938964844
85.8800048828125
85.3800048828125
85.5
88.06999969482422
87.37000274658203
90.96000671386719
90.25000762939453
86.62001037597656
86.54000091552734
86.90000915527344
87.9000015258789
89.1500015258789
88.55999755859375
86.95999908447266
85.44999694824219
85.72000122070313
87.49000549316406
90.19000244140625
89.42000579833984
90.1100082397461
88.34000396728516
87.33000946044922
87.27000427246094
89.1300048828125
88.72000885009766
89.6300048828125
87.04000854492188
87.4800033569336
89.73999786376953
89.00000762939453
89.90000915527344
90.14000701904297
89.31999969482422
89.77000427246094
89.2800064086914
88.66000366210938
90.49000549316406
89.33999633789063
90.9800033569336
87.30999755859375
87.6500015258789
88.12000274658203
88.61000061035156
87.55000305175781
88.20999908447266
86.97999572753906
88.19000244140625
87.37000274658203
86.3800048828125
87.86000061035156
89.37000274658203
87.99000549316406
85.96000671386719
86.69999694824219
87.3800048828125
88.0
87.66999816894531
86.99000549316406
86.41999816894531
87.9000015258789
88.20000457763672
90.09001159667969
87.52999877929688
87.05001068115234
89.260009765625
87.1500015258789
89.21000671386719
90.0
89.84000396728516
89.05999755859375
89.01000213623047
89.43000793457031
89.50000762939453
88.7300033569336
89.12001037597656
90.34000396728516
93.19000244140625
91.68000030517578
92.51000213623047
89.6300048828125
89.77000427246094
92.35000610351563
90.5300064086914
91.83000183105469
89.90000915527344
90.1100082397461
90.1300048828125
91.81000518798828
89.57000732421875
88.59000396728516
88.26000213623047
86.43000793457031
88.83000183105469
88.4000015258789
87.83000183105469
87.99000549316406
88.75
87.79000091552734
87.59001159667969
88.59000396728516
87.8800048828125
88.71000671386719
89.47999572753906
90.08000183105469
88.99000549316406
88.1100082397461
88.8800048828125
91.16000366210938
90.02999877929688
89.29000854492188
89.18000030517578
88.1100082397461
88.57000732421875
86.50000762939453
86.37000274658203
87.27000427246094
90.4800033569336
89.73999786376953
90.76000213623047
89.5999984741211
89.9800033569336
88.77000427246094
87.54000854492188
86.50000762939453
87.87001037597656
87.7800064086914
87.41000366210938
87.70000457763672
86.7300033569336
86.3800048828125
87.00000762939453
87.60000610351563
87.75000762939453
86.15000915527344
88.67000579833984
90.49000549316406
90.01000213623047
90.41000366210938
88.41999816894531
89.70000457763672
88.6300048828125
88.44001007080078
87.14000701904297
86.0300064086914
89.08000183105469
89.66000366210938
89.05000305175781
87.86000061035156
89.7300033569336
88.60000610351563
90.67000579833984
89.19999694824219
88.06999969482422
87.55000305175781
89.05999755859375
86.74000549316406
88.67000579833984
88.46000671386719
88.5300064086914
89.71000671386719
90.32000732421875
88.4000015258789
87.97000885009766
89.61000061035156
88.06000518798828
87.62000274658203
88.55000305175781
87.01000213623047
88.52000427246094
86.35000610351563
86.68000030517578
86.50000762939453
85.8499984741211
86.83999633789063
86.22000885009766
86.19000244140625
85.68000793457031
87.08000183105469
84.01000213623047
85.44999694824219
85.66000366210938
87.18000793457031
85.6100082397461
86.11000061035156
86.07000732421875
87.68000793457031
85.84000396728516
86.7300033569336
86.79000854492188
86.97000122070313
85.87001037597656
84.96000671386719
84.70000457763672
85.09001159667969
86.64000701904297
86.94000244140625
86.0300064086914
86.83999633789063
86.66000366210938
88.29000854492188
87.22000122070313
88.3800048828125
88.8800048828125
88.70001220703125
87.40000915527344
87.20000457763672
87.42000579833984
86.13999938964844
86.48001098632813
84.66000366210938
85.68000793457031
86.29000854492188
87.02999877929688
85.510009765625
86.31000518798828
86.13999938964844
86.46000671386719
86.26000213623047
85.16000366210938
85.4000015258789
87.49000549316406
86.57000732421875
87.29000091552734
87.75000762939453
86.3600082397461
86.81999969482422
87.89000701904297
86.48001098632813
85.93000793457031
86.18000030517578
86.97999572753906
86.31000518798828
87.2300033569336
87.11000061035156
87.74000549316406
87.27000427246094
86.17000579833984
86.09000396728516
87.20000457763672
89.47000122070313
90.06999969482422
90.06999969482422
89.75
90.68000793457031
89.79000091552734
91.25
88.58000946044922
90.20000457763672
87.55000305175781
90.36000061035156
91.72000885009766
88.72000885009766
87.74000549316406
87.21000671386719
90.06000518798828
89.19000244140625
88.85000610351563
89.16000366210938
87.35000610351563
86.6300048828125
87.47000885009766
87.66000366210938
88.96000671386719
89.33999633789063
88.84001159667969
89.33999633789063
88.81000518798828
86.52000427246094
87.11000061035156
88.57000732421875
89.31999969482422
88.77999877929688
89.31999969482422
91.11000061035156
89.83000946044922
87.66999816894531
86.46000671386719
87.59001159667969
87.37000274658203
87.1500015258789
87.54000854492188
87.6500015258789
85.33000183105469
86.71000671386719
85.93000793457031
86.010009765625
87.12001037597656
88.8600082397461
89.38999938964844
89.57000732421875
88.52000427246094
89.61000061035156
89.82000732421875
88.66000366210938
90.74000549316406
89.10000610351563
90.26000213623047
88.06000518798828
89.68000793457031
87.85000610351563
88.67000579833984
88.3499984741211
87.30999755859375
89.99000549316406
90.54000854492188
85.96000671386719
89.00000762939453
88.74000549316406
89.14000701904297
84.42000579833984
85.33000183105469
86.88999938964844
86.31000518798828
88.10000610351563
89.6500015258789
89.82000732421875
86.52000427246094
88.1100082397461
89.05999755859375
88.010009765625
88.93000793457031
86.69000244140625
86.010009765625
86.83999633789063
86.27000427246094
86.21000671386719
87.08000183105469
88.60000610351563
87.58000183105469
87.29000091552734
85.16999816894531
86.07000732421875
86.0300064086914
84.90000915527344
85.510009765625
85.46000671386719
86.92000579833984
86.64000701904297
86.79000854492188
86.44000244140625
86.07000732421875
86.010009765625
86.48001098632813
86.20001220703125
87.80999755859375
88.7300033569336
87.23999786376953
87.8800048828125
88.27000427246094
88.46000671386719
88.06000518798828
87.05001068115234
89.42000579833984
89.35000610351563
88.93000793457031
88.16000366210938
88.29000854492188
88.1100082397461
88.41000366210938
86.05999755859375
87.68000793457031
86.97999572753906
87.12001037597656
85.86000061035156
87.21000671386719
85.67000579833984
85.97000122070313
85.97000122070313
85.80001068115234
84.97000885009766
86.02000427246094
87.40000915527344
85.86000061035156
87.02000427246094
86.57000732421875
85.42000579833984
87.00000762939453
87.11000061035156
85.01000213623047
86.29000854492188
89.79000091552734
88.1100082397461
88.4000015258789
88.4800033569336
89.24000549316406
87.72000122070313
87.30000305175781
87.06000518798828
88.29000854492188
86.55999755859375
86.55000305175781
87.1300048828125
87.75000762939453
86.04000091552734
87.69000244140625
88.72000885009766
87.69000244140625
87.41000366210938
87.5
86.18000030517578
85.70999908447266
86.83000183105469
86.87000274658203
88.36000061035156
87.1300048828125
86.48001098632813
85.83000183105469
85.23001098632813
86.38999938964844
86.83000183105469
86.90000915527344
87.66999816894531
87.30999755859375
84.52999877929688
86.15000915527344
87.25
84.75
86.66000366210938
87.38999938964844
87.30000305175781
86.90000915527344
88.66000366210938
88.04000854492188
88.1300048828125
85.6100082397461
85.20000457763672
84.2800064086914
86.95999908447266
86.15000915527344
85.25000762939453
86.35000610351563
84.1300048828125
84.19000244140625
83.08000183105469
83.67000579833984
84.33999633789063
86.49000549316406
86.3600082397461
84.99000549316406
85.56000518798828
85.3800048828125
87.21000671386719
85.0
84.31999969482422
84.92000579833984
86.20001220703125
85.98999786376953
88.24000549316406
90.70000457763672
89.62001037597656
86.7800064086914
88.29000854492188
88.44001007080078
87.89000701904297
87.71000671386719
86.46000671386719
86.95000457763672
87.11000061035156
87.21000671386719
86.81000518798828
84.79000091552734
84.25
87.43000030517578
86.2300033569336
86.08000946044922
87.16999816894531
86.11000061035156
85.39000701904297
85.68000793457031
86.0
87.01000213623047
85.08000183105469
85.05000305175781
86.95999908447266
85.68000793457031
84.93000030517578
85.8499984741211
87.21000671386719
84.97000885009766
87.22000122070313
85.36000061035156
86.44000244140625
85.96000671386719
86.45000457763672
89.17000579833984
84.94000244140625
89.1300048828125
86.19000244140625
86.74000549316406
87.05001068115234
86.31000518798828
89.33000183105469
88.8800048828125
88.3800048828125
88.4800033569336
88.3800048828125
87.62000274658203
89.16000366210938
88.98001098632813
87.70000457763672
88.70001220703125
88.20000457763672
88.60000610351563
88.98001098632813
87.18000793457031
88.80000305175781
86.3800048828125
87.85000610351563
87.58000183105469
91.22000885009766
90.22000122070313
87.93000030517578
89.79000091552734
90.43000030517578
91.0300064086914
88.89000701904297
89.80000305175781
88.25000762939453
87.19001007080078
87.79000091552734
86.46000671386719
87.21000671386719
87.41000366210938
85.9800033569336
84.97000885009766
87.21000671386719
86.35000610351563
87.46000671386719
87.46000671386719
87.80999755859375
87.29000091552734
87.92000579833984
87.40000915527344
87.92000579833984
86.07000732421875
87.55000305175781
86.66000366210938
84.73999786376953
85.06000518798828
83.77999877929688
85.26000213623047
84.94000244140625
84.88999938964844
85.13999938964844
85.33000183105469
83.74000549316406
86.93000793457031
86.95000457763672
89.21000671386719
86.09000396728516
89.3600082397461
90.35000610351563
90.33000183105469
88.4000015258789
89.58000183105469
89.59000396728516
88.58000946044922
88.61000061035156
88.97000122070313
89.00000762939453
90.35000610351563
90.26000213623047
92.43000030517578
91.81000518798828
88.65000915527344
87.8800048828125
87.29000091552734
89.85000610351563
87.09000396728516
87.55000305175781
86.1300048828125
88.6300048828125
86.29000854492188
86.95999908447266
87.18000793457031
87.09000396728516
87.94999694824219
88.31000518798828
90.1100082397461
90.08000183105469
87.71000671386719
87.76000213623047
87.00000762939453
86.4000015258789
86.29000854492188
83.74000549316406
86.02000427246094
87.75000762939453
90.16999816894531
87.02000427246094
87.7800064086914
88.3499984741211
85.89000701904297
84.86000061035156
88.96000671386719
86.55000305175781
87.60000610351563
88.17000579833984
86.58000183105469
88.20000457763672
86.87000274658203
89.9800033569336
88.45000457763672
88.8600082397461
89.30000305175781
90.5
87.16999816894531
89.14000701904297
88.6300048828125
86.61000061035156
86.47000122070313
87.80999755859375
88.18000793457031
87.01000213623047
86.4000015258789
85.6300048828125
86.88999938964844
87.64000701904297
87.09000396728516
86.8600082397461
85.82000732421875
86.760009765625
85.8800048828125
87.66000366210938
87.60000610351563
86.760009765625
87.14000701904297
86.16000366210938
88.55000305175781
87.29000091552734
88.22000122070313
88.96000671386719
89.2300033569336
88.26000213623047
88.12000274658203
87.02999877929688
87.21000671386719
86.29000854492188
85.29000091552734
85.06999969482422
87.3800048828125
87.46000671386719
86.57000732421875
86.62001037597656
87.87001037597656
88.63999938964844
89.45000457763672
88.77999877929688
88.91000366210938
88.29000854492188
89.27000427246094
86.95999908447266
87.91000366210938
89.0300064086914
88.65000915527344
88.1300048828125
88.1100082397461
88.05000305175781
88.96000671386719
86.97999572753906
86.58000183105469
86.81999969482422
86.87000274658203
87.27000427246094
87.41000366210938
85.9800033569336
87.72000122070313
87.52000427246094
88.94000244140625
87.77000427246094
88.72000885009766
87.51000213623047
88.3800048828125
88.85000610351563
89.45999908447266
90.42000579833984
89.05000305175781
86.68000030517578
88.31000518798828
87.94999694824219
88.9000015258789
88.94000244140625
89.47000122070313
89.05000305175781
90.84000396728516
90.12000274658203
89.19999694824219
91.24000549316406
89.97000885009766
88.8600082397461
90.4800033569336
89.6300048828125
90.06999969482422
87.27000427246094
87.260009765625
87.5
87.94999694824219
87.44000244140625
85.77000427246094
87.3800048828125
87.8800048828125
85.87001037597656
88.0
87.6500015258789
86.95000457763672
88.74000549316406
88.22000122070313
88.9000015258789
90.46000671386719
89.3800048828125
89.71000671386719
88.34000396728516
87.41000366210938
87.56000518798828
86.97999572753906
87.80000305175781
86.72000885009766
88.99000549316406
87.30999755859375
88.5
87.43000030517578
88.62000274658203
87.86000061035156
88.13999938964844
88.83000183105469
88.54000091552734
87.1300048828125
87.260009765625
88.41000366210938
88.54000091552734
90.5300064086914
