99.31000518798828
99.72000122070313
98.97000122070313
99.38999938964844
99.09000396728516
98.63999938964844
101.04000091552734
99.05000305175781
100.56000518798828
99.61000061035156
100.5300064086914
101.13999938964844
101.74000549316406
100.76000213623047
100.1100082397461
102.54000854492188
102.12001037597656
101.64000701904297
100.44999694824219
100.30000305175781
100.79000854492188
101.6300048828125
101.16000366210938
99.94000244140625
100.30000305175781
100.36000061035156
100.04000854492188
99.71000671386719
99.90000915527344
101.07000732421875
99.14000701904297
98.19000244140625
99.6300048828125
100.58000183105469
98.47000122070313
99.66999816894531
101.7800064086914
101.010009765625
99.80000305175781
100.02000427246094
100.55000305175781
99.50000762939453
99.57000732421875
98.27000427246094
98.1600112915039
98.6300048828125
99.85000610351563
98.15000915527344
98.23001098632813
98.3499984741211
100.65000915527344
99.12001037597656
99.15000915527344
101.16000366210938
100.77000427246094
99.70000457763672
101.07000732421875
101.60000610351563
100.95000457763672
100.87001037597656
101.0
98.67000579833984
101.39000701904297
99.69001007080078
100.9000015258789
100.62000274658203
98.83000183105469
98.8600082397461
97.77000427246094
99.66000366210938
98.27000427246094
98.97000122070313
98.66000366210938
98.85000610351563
100.30999755859375
99.12001037597656
99.96000671386719
99.02000427246094
100.1500015258789
99.52000427246094
100.8800048828125
101.83000183105469
99.97000885009766
99.68000793457031
100.40000915527344
100.41000366210938
100.510009765625
100.76000213623047
98.41000366210938
96.97000122070313
98.85000610351563
99.12001037597656
98.6300048828125
99.57000732421875
99.95001220703125
98.62000274658203
99.94000244140625
98.75
99.17000579833984
99.97000885009766
99.91000366210938
98.75
102.06000518798828
101.08000946044922
99.16000366210938
100.6100082397461
101.16000366210938
100.89000701904297
101.54000091552734
101.80000305175781
104.25
103.77000427246094
101.010009765625
103.65000915527344
103.36000061035156
103.1100082397461
102.84000396728516
101.9100112915039
101.39000701904297
102.7800064086914
101.41999816894531
99.45999908447266
99.21000671386719
100.1100082397461
98.7300033569336
100.44999694824219
99.4100112915039
98.80000305175781
99.31999969482422
100.01000213623047
97.1300048828125
97.76000213623047
99.6300048828125
100.41000366210938
99.12001037597656
100.29000091552734
99.5999984741211
99.760009765625
100.6600112915039
99.760009765625
100.82000732421875
99.80000305175781
99.80000305175781
99.4100112915039
98.10000610351563
99.77000427246094
98.510009765625
99.7300033569336
100.75000762939453
99.07000732421875
97.87001037597656
100.16999816894531
98.43000793457031
98.5
97.30000305175781
98.17000579833984
98.29000854492188
101.08000946044922
101.90000915527344
99.45999908447266
98.44001007080078
97.71000671386719
99.81001281738281
100.65000915527344
99.40000915527344
99.85000610351563
99.90000915527344
100.5300064086914
100.02999877929688
101.34001159667969
102.02999877929688
101.25000762939453
99.05000305175781
101.32000732421875
99.38999938964844
100.77000427246094
99.52000427246094
101.6300048828125
99.90000915527344
102.3800048828125
102.6100082397461
102.06000518798828
101.81999969482422
101.31000518798828
101.10000610351563
101.35000610351563
102.41000366210938
102.55000305175781
101.61000061035156
101.69999694824219
100.08000183105469
101.64000701904297
100.99000549316406
101.3600082397461
100.30999755859375
100.5
101.95000457763672
101.99000549316406
103.0300064086914
99.95001220703125
101.3600082397461
100.77999877929688
102.29000091552734
101.59000396728516
102.80000305175781
102.94000244140625
101.74000549316406
102.33000946044922
101.8600082397461
103.85000610351563
102.02000427246094
101.83999633789063
101.33000183105469
100.3800048828125
100.62000274658203
99.92000579833984
99.50000762939453
99.82000732421875
99.25
99.33000183105469
100.1100082397461
101.71000671386719
100.21000671386719
100.55000305175781
99.05999755859375
101.54000091552734
101.11000061035156
101.31000518798828
101.47000122070313
100.84000396728516
101.20001220703125
100.02000427246094
101.71000671386719
99.22000885009766
100.77999877929688
100.58000183105469
99.17000579833984
100.70999908447266
98.8600082397461
98.29000854492188
99.5999984741211
101.32000732421875
99.86000061035156
100.97000122070313
99.80000305175781
99.48001098632813
100.44999694824219
100.14000701904297
100.67000579833984
99.11000061035156
102.80999755859375
101.43000793457031
99.9800033569336
100.01000213623047
99.16000366210938
101.12000274658203
100.29000091552734
100.07000732421875
101.5300064086914
101.57000732421875
101.09000396728516
101.80000305175781
100.42000579833984
101.52000427246094
101.37000274658203
101.22000885009766
101.97000122070313
99.43000793457031
100.9800033569336
100.81000518798828
99.93000030517578
99.66000366210938
100.1100082397461
99.7800064086914
99.45999908447266
99.05000305175781
100.30999755859375
100.42000579833984
101.0
99.15000915527344
99.74000549316406
99.25
101.8600082397461
100.3800048828125
99.16000366210938
100.81000518798828
100.32000732421875
100.42000579833984
100.12000274658203
100.75000762939453
100.18000793457031
100.2800064086914
98.68000030517578
97.86000061035156
99.260009765625
98.97000122070313
101.41999816894531
99.97000885009766
101.1300048828125
100.75000762939453
101.26000213623047
100.27000427246094
98.17000579833984
99.54000854492188
100.1500015258789
98.82000732421875
98.9000015258789
100.09001159667969
101.04000091552734
98.49000549316406
100.19000244140625
99.49000549316406
100.60000610351563
100.75000762939453
100.05000305175781
99.90000915527344
100.8800048828125
101.08000946044922
101.46000671386719
99.88999938964844
100.76000213623047
101.87000274658203
102.08000183105469
99.80000305175781
99.01000213623047
99.17000579833984
98.41000366210938
98.77999877929688
101.34001159667969
99.56000518798828
101.31000518798828
102.0999984741211
102.76000213623047
101.34001159667969
101.7300033569336
101.45000457763672
101.44000244140625
102.69000244140625
102.66000366210938
101.98001098632813
103.70001220703125
102.96000671386719
102.09000396728516
101.25000762939453
100.36000061035156
100.25000762939453
102.34000396728516
102.18000793457031
103.22000122070313
102.97000885009766
101.43000793457031
101.92000579833984
101.72000885009766
100.63999938964844
101.60000610351563
101.87000274658203
100.6600112915039
101.09000396728516
100.08000183105469
101.52000427246094
102.46000671386719
101.95000457763672
101.55000305175781
101.6300048828125
101.6300048828125
102.47000885009766
100.19000244140625
101.27000427246094
99.99000549316406
98.84001159667969
100.63999938964844
100.73001098632813
100.60000610351563
99.04000091552734
100.77999877929688
100.60000610351563
99.88999938964844
98.24000549316406
97.90000915527344
98.91000366210938
98.61000061035156
96.43000793457031
97.94000244140625
99.64000701904297
97.9800033569336
98.6300048828125
100.30000305175781
98.94000244140625
98.72000885009766
99.05000305175781
99.21000671386719
99.54000854492188
98.60000610351563
99.99000549316406
97.55000305175781
100.79000854492188
99.9800033569336
100.24000549316406
100.69000244140625
100.58999633789063
99.66999816894531
99.57000732421875
100.510009765625
98.83000183105469
99.27000427246094
98.27000427246094
99.91000366210938
101.3600082397461
98.91999816894531
98.33000183105469
98.33000183105469
97.5
99.66999816894531
98.34000396728516
99.05999755859375
98.47000122070313
100.77999877929688
98.17000579833984
99.4100112915039
98.69000244140625
98.06999969482422
99.05999755859375
97.7800064086914
97.51000213623047
97.52000427246094
98.31000518798828
98.8800048828125
96.8600082397461
99.70000457763672
99.29000854492188
101.6300048828125
100.95000457763672
100.29000091552734
100.05000305175781
101.05000305175781
99.2800064086914
100.60000610351563
100.69000244140625
101.02000427246094
98.91000366210938
98.77000427246094
99.54000854492188
99.68000793457031
97.66999816894531
100.02000427246094
98.37001037597656
99.35000610351563
99.19000244140625
98.06999969482422
98.91999816894531
99.02000427246094
99.10000610351563
98.85000610351563
98.63999938964844
100.62000274658203
99.43000793457031
99.51000213623047
97.66000366210938
98.37001037597656
99.66999816894531
99.33000183105469
98.33000183105469
98.66000366210938
98.62000274658203
98.99000549316406
100.40000915527344
99.66999816894531
98.05000305175781
98.68000030517578
98.61000061035156
98.37001037597656
97.76000213623047
98.27999877929688
97.68000793457031
97.77000427246094
98.22000122070313
97.6500015258789
99.50000762939453
98.10000610351563
98.12000274658203
96.33000183105469
96.61000061035156
96.35000610351563
97.33000946044922
96.93000793457031
97.51000213623047
98.22000122070313
98.71000671386719
97.49000549316406
97.9800033569336
95.75000762939453
95.99000549316406
96.59000396728516
96.47000122070313
96.1300048828125
96.2300033569336
95.74000549316406
97.62000274658203
98.13999938964844
97.2800064086914
98.34000396728516
98.55000305175781
96.95999908447266
97.6500015258789
98.27000427246094
97.56000518798828
97.25
97.2800064086914
95.37001037597656
95.08000183105469
96.3800048828125
97.24000549316406
98.69000244140625
97.12001037597656
98.010009765625
98.67000579833984
99.2800064086914
99.15000915527344
99.86000061035156
96.59000396728516
97.47000885009766
99.87000274658203
98.56001281738281
96.6300048828125
98.06000518798828
100.26000213623047
98.41000366210938
100.65000915527344
100.36000061035156
99.04000091552734
100.29000091552734
98.59000396728516
99.81001281738281
99.260009765625
98.93000793457031
98.80000305175781
98.83000183105469
98.36000061035156
98.1600112915039
97.91000366210938
97.85000610351563
98.63999938964844
98.04000854492188
98.83000183105469
99.69001007080078
100.52000427246094
99.66000366210938
100.67000579833984
100.80001068115234
101.44000244140625
101.52000427246094
101.11000061035156
100.69000244140625
100.12000274658203
100.40000915527344
100.12000274658203
100.01000213623047
98.77000427246094
98.36000061035156
100.04000854492188
98.96000671386719
98.69000244140625
98.0300064086914
99.82000732421875
99.75
99.15000915527344
98.4800033569336
98.06000518798828
98.60000610351563
99.61000061035156
97.52000427246094
98.57000732421875
99.66000366210938
99.8800048828125
99.49000549316406
99.12001037597656
97.49000549316406
96.24000549316406
98.15000915527344
98.60000610351563
98.0300064086914
98.96000671386719
99.37000274658203
100.68000793457031
100.08000183105469
100.99000549316406
99.87000274658203
98.8800048828125
97.42000579833984
97.1300048828125
97.80000305175781
97.94999694824219
98.95000457763672
100.18000793457031
98.65000915527344
99.18000030517578
99.70000457763672
97.62000274658203
99.52000427246094
98.76000213623047
99.08000946044922
98.79000854492188
94.69001007080078
97.2300033569336
98.59000396728516
97.42000579833984
96.7800064086914
98.0
98.71000671386719
98.31000518798828
98.10000610351563
97.7800064086914
97.1500015258789
98.97000122070313
97.6100082397461
97.60000610351563
96.30000305175781
97.30000305175781
97.1500015258789
97.8800048828125
98.26000213623047
98.10000610351563
99.90000915527344
100.16000366210938
99.1300048828125
100.09001159667969
98.1600112915039
100.77999877929688
98.34000396728516
99.6300048828125
99.31000518798828
98.74000549316406
99.0300064086914
99.29000854492188
99.38999938964844
98.45000457763672
98.8800048828125
98.20000457763672
99.09000396728516
100.02000427246094
100.08000183105469
99.51000213623047
101.44000244140625
98.97000122070313
99.11000061035156
99.85000610351563
100.16999816894531
100.19000244140625
99.4100112915039
97.99000549316406
100.12000274658203
98.5300064086914
99.87000274658203
97.84000396728516
99.40000915527344
97.7800064086914
98.0
99.0300064086914
97.19001007080078
100.2800064086914
100.37001037597656
99.92000579833984
100.3800048828125
101.09000396728516
100.23001098632813
99.50000762939453
99.50000762939453
99.55001068115234
99.49000549316406
100.82000732421875
100.21000671386719
100.6100082397461
99.4100112915039
99.2800064086914
99.87000274658203
99.93000030517578
99.15000915527344
99.38999938964844
98.36000061035156
100.10000610351563
99.3800048828125
99.93000030517578
100.07000732421875
100.83000183105469
99.40000915527344
99.25
99.01000213623047
99.55001068115234
100.20000457763672
99.08000946044922
96.72000885009766
97.49000549316406
98.02000427246094
94.99000549316406
98.0
99.5999984741211
99.33999633789063
99.05000305175781
96.41999816894531
97.4800033569336
97.21000671386719
98.58000946044922
97.66000366210938
98.20000457763672
99.37000274658203
100.18000793457031
98.74000549316406
97.75000762939453
96.35000610351563
100.19000244140625
99.8800048828125
99.35000610351563
99.2800064086914
98.97000122070313
99.9800033569336
100.72000122070313
99.44000244140625
99.04000091552734
100.01000213623047
99.69001007080078
100.89000701904297
99.44000244140625
99.82000732421875
98.10000610351563
99.68000793457031
101.34001159667969
100.74000549316406
100.5
100.0
101.46000671386719
101.67000579833984
100.6100082397461
100.91000366210938
100.24000549316406
99.6500015258789
101.2300033569336
101.9100112915039
100.3800048828125
102.52999877929688
103.4000015258789
100.60000610351563
101.79000854492188
101.65000915527344
100.65000915527344
99.18000030517578
99.01000213623047
99.81001281738281
98.74000549316406
97.90000915527344
98.89000701904297
100.86000061035156
100.54000854492188
100.73001098632813
100.25000762939453
99.48001098632813
99.69001007080078
100.19000244140625
99.90000915527344
100.63999938964844
100.5300064086914
100.76000213623047
100.27000427246094
100.18000793457031
99.21000671386719
100.01000213623047
99.57000732421875
100.97000122070313
100.510009765625
99.24000549316406
97.44000244140625
98.36000061035156
98.57000732421875
98.81000518798828
100.79000854492188
97.49000549316406
100.08000183105469
96.62001037597656
100.2800064086914
98.98001098632813
99.74000549316406
99.17000579833984
98.3800048828125
99.47000122070313
98.6300048828125
99.760009765625
99.79000091552734
98.54000091552734
97.33000946044922
99.24000549316406
99.12001037597656
99.42000579833984
98.57000732421875
98.89000701904297
97.68000793457031
97.43000030517578
99.33999633789063
99.58000183105469
100.02999877929688
100.6300048828125
101.7800064086914
100.73001098632813
100.32000732421875
100.76000213623047
101.0300064086914
101.61000061035156
100.18000793457031
100.18000793457031
101.41999816894531
99.86000061035156
99.62001037597656
99.33999633789063
101.02000427246094
100.68000793457031
100.32000732421875
100.14000701904297
101.41000366210938
102.62000274658203
101.11000061035156
100.46000671386719
101.31000518798828
102.21000671386719
100.87001037597656
101.18000030517578
100.97000122070313
101.17000579833984
101.80000305175781
101.17000579833984
101.80000305175781
100.33000946044922
99.09000396728516
100.70000457763672
100.01000213623047
98.44001007080078
99.18000030517578
99.21000671386719
98.70001220703125
99.05000305175781
98.46000671386719
98.29000854492188
97.00000762939453
98.99000549316406
98.80000305175781
99.9800033569336
101.12000274658203
99.07000732421875
99.24000549316406
98.02000427246094
97.59001159667969
98.33000183105469
99.50000762939453
100.18000793457031
101.15000915527344
99.94000244140625
99.61000061035156
98.8800048828125
98.9000015258789
99.1300048828125
98.70001220703125
98.67000579833984
98.76000213623047
97.89000701904297
97.16999816894531
98.24000549316406
97.82000732421875
97.59001159667969
99.54000854492188
98.67000579833984
97.56000518798828
97.75000762939453
98.66000366210938
96.74000549316406
97.41000366210938
97.49000549316406
98.75
97.00000762939453
98.24000549316406
98.08000183105469
100.02000427246094
99.19000244140625
99.57000732421875
100.42000579833984
99.6500015258789
100.06000518798828
100.36000061035156
100.43000030517578
99.92000579833984
100.5300064086914
100.47000885009766
100.56999969482422
101.10000610351563
102.79000091552734
101.61000061035156
102.18000793457031
101.04000091552734
101.31000518798828
100.1300048828125
101.24000549316406
101.83999633789063
100.94001007080078
101.97000122070313
100.37001037597656
100.70999908447266
100.95000457763672
102.32000732421875
100.77999877929688
101.18000030517578
100.16999816894531
101.1300048828125
99.58000183105469
100.43000030517578
98.57000732421875
100.69000244140625
98.510009765625
99.3600082397461
99.11000061035156
99.2800064086914
98.24000549316406
99.45999908447266
99.16000366210938
100.08000183105469
101.010009765625
99.91000366210938
98.74000549316406
99.31999969482422
100.16999816894531
100.10000610351563
99.74000549316406
100.32000732421875
99.19000244140625
99.84000396728516
101.010009765625
102.22000122070313
100.39000701904297
100.4800033569336
102.77000427246094
102.6100082397461
101.30000305175781
101.24000549316406
101.29000854492188
101.02000427246094
103.7300033569336
101.1300048828125
101.1300048828125
100.0
98.27999877929688
99.87000274658203
100.6100082397461
102.79000091552734
100.6100082397461
101.7800064086914
101.10000610351563
101.47000122070313
99.91000366210938
100.58999633789063
101.39000701904297
99.69001007080078
98.3499984741211
99.8800048828125
100.04000854492188
100.24000549316406
97.91000366210938
100.84000396728516
100.97000122070313
97.49000549316406
99.45999908447266
99.19000244140625
99.91000366210938
101.0300064086914
100.54000854492188
100.26000213623047
100.30999755859375
100.69000244140625
100.76000213623047
101.98001098632813
102.6100082397461
104.00000762939453
101.99000549316406
100.72000122070313
101.54000091552734
102.24000549316406
101.32000732421875
102.08000183105469
102.40000915527344
100.47000885009766
101.52000427246094
100.74000549316406
100.4800033569336
100.27000427246094
101.69999694824219
101.55000305175781
100.94001007080078
99.50000762939453
101.34001159667969
100.72000122070313
100.77000427246094
100.96000671386719
101.7800064086914
102.64000701904297
101.0
100.16999816894531
102.44000244140625
102.66999816894531
101.67000579833984
100.96000671386719
100.99000549316406
102.36000061035156
101.49000549316406
100.44000244140625
101.64000701904297
101.49000549316406
100.5
100.21000671386719
102.38999938964844
100.8800048828125
100.30999755859375
100.6300048828125
101.31000518798828
100.89000701904297
101.46000671386719
100.37001037597656
100.25000762939453
100.2800064086914
100.16999816894531
101.25000762939453
101.2300033569336
102.80000305175781
102.8800048828125
104.05999755859375
103.06000518798828
101.83000183105469
102.1500015258789
99.87000274658203
100.30999755859375
101.98001098632813
101.69000244140625
101.7300033569336
101.18000030517578
102.29000091552734
101.1300048828125
100.09001159667969
100.8499984741211
100.29000091552734
101.59000396728516
100.6600112915039
100.21000671386719
100.14000701904297
102.14000701904297
101.81000518798828
103.18000793457031
100.96000671386719
100.26000213623047
99.30000305175781
99.12001037597656
98.3800048828125
99.3800048828125
99.17000579833984
101.41000366210938
102.17001342773438
100.02999877929688
101.51000213623047
101.87000274658203
100.83000183105469
101.79000854492188
100.2800064086914
98.56001281738281
99.35000610351563
99.1300048828125
99.9800033569336
99.95001220703125
97.24000549316406
99.25
99.3800048828125
99.2800064086914
98.85000610351563
99.37000274658203
98.65000915527344
99.5999984741211
100.55000305175781
99.2300033569336
98.91000366210938
99.5999984741211
100.32000732421875
100.52000427246094
99.19999694824219
98.58000946044922
99.50000762939453
97.83000183105469
98.30001068115234
98.70001220703125
99.19000244140625
96.93000793457031
95.80001068115234
96.72000885009766
98.24000549316406
96.99000549316406
98.99000549316406
99.71000671386719
99.02000427246094
99.21000671386719
99.31999969482422
99.37000274658203
99.27000427246094
99.4100112915039
99.6500015258789
99.86000061035156
99.00000762939453
97.9800033569336
97.45001220703125
97.02999877929688
97.46000671386719
96.8600082397461
97.80000305175781
98.25000762939453
97.69000244140625
96.50000762939453
96.20001220703125
96.46000671386719
95.83000183105469
98.17000579833984
97.27000427246094
95.46000671386719
96.5300064086914
95.30999755859375
96.75
97.2800064086914
97.2300033569336
97.71000671386719
97.94999694824219
97.66999816894531
98.56001281738281
98.23001098632813
97.66000366210938
99.0300064086914
99.99000549316406
99.18000030517578
99.25
99.760009765625
100.32000732421875
100.42000579833984
99.52999877929688
101.3800048828125
100.10000610351563
100.07000732421875
100.79000854492188
99.61000061035156
99.7300033569336
100.41000366210938
99.21000671386719
98.81000518798828
99.58000183105469
99.25
100.8499984741211
100.6100082397461
99.66999816894531
99.99000549316406
98.97000122070313
100.99000549316406
101.19000244140625
102.02999877929688
101.75
103.97000122070313
101.11000061035156
98.80000305175781
98.9000015258789
100.91999816894531
99.79000091552734
99.05999755859375
103.06999969482422
101.08000946044922
99.81001281738281
101.08000946044922
101.31000518798828
102.64000701904297
103.84001159667969
101.760009765625
101.37000274658203
101.69999694824219
101.8800048828125
102.52999877929688
102.73001098632813
100.89000701904297
101.41000366210938
102.260009765625
101.12000274658203
101.62001037597656
101.93000793457031
100.02000427246094
97.38999938964844
99.47000122070313
99.42000579833984
98.82000732421875
99.12001037597656
99.96000671386719
99.19999694824219
99.17000579833984
100.16000366210938
100.8800048828125
99.57000732421875
98.76000213623047
100.24000549316406
97.99000549316406
99.09000396728516
97.80999755859375
98.93000793457031
97.85000610351563
97.93000030517578
98.72000885009766
98.61000061035156
98.20000457763672
97.8800048828125
100.19000244140625
100.06000518798828
101.0
98.3800048828125
98.19000244140625
99.33999633789063
98.77999877929688
98.1300048828125
100.30999755859375
99.47000122070313
98.43000793457031
99.35000610351563
100.07000732421875
98.79000854492188
100.20000457763672
99.07000732421875
98.89000701904297
99.10000610351563
99.59000396728516
97.86000061035156
96.83999633789063
97.51000213623047
96.43000793457031
97.18000793457031
97.31001281738281
99.94000244140625
99.02000427246094
99.2300033569336
99.6300048828125
99.760009765625
98.76000213623047
99.3600082397461
99.14000701904297
97.66000366210938
98.55000305175781
98.62000274658203
98.44001007080078
99.75
98.7300033569336
99.07000732421875
98.69000244140625
98.97000122070313
100.33000946044922
100.67000579833984
99.84000396728516
100.58000183105469
99.22000885009766
98.57000732421875
97.06000518798828
98.74000549316406
97.38999938964844
98.61000061035156
99.58000183105469
98.06999969482422
96.99000549316406
97.64000701904297
97.97000885009766
98.65000915527344
99.48001098632813
98.67000579833984
97.70000457763672
96.18000030517578
96.72000885009766
98.66000366210938
98.59000396728516
98.34000396728516
98.9000015258789
96.81999969482422
98.20999908447266
98.0300064086914
98.71000671386719
98.15000915527344
98.3800048828125
96.37000274658203
94.97000885009766
95.16999816894531
97.41000366210938
97.55000305175781
98.80000305175781
97.86000061035156
97.74000549316406
97.06000518798828
95.5
97.16000366210938
97.27000427246094
98.97000122070313
98.20999908447266
97.56000518798828
97.20000457763672
98.41999816894531
97.55000305175781
97.96000671386719
97.29000091552734
98.46000671386719
98.71000671386719
96.65000915527344
98.39000701904297
98.13999938964844
99.16000366210938
98.19000244140625
96.13999938964844
98.4800033569336
98.9000015258789
98.80000305175781
98.84001159667969
98.97000122070313
99.92000579833984
99.7800064086914
98.87000274658203
98.4800033569336
99.58000183105469
97.66999816894531
97.02000427246094
97.31001281738281
97.44000244140625
98.3800048828125
97.75000762939453
95.07000732421875
97.02000427246094
98.98001098632813
98.57000732421875
97.82000732421875
97.30000305175781
98.52000427246094
99.42000579833984
97.3800048828125
98.4000015258789
98.8800048828125
99.40000915527344
97.8800048828125
98.71000671386719
98.29000854492188
98.33000183105469
98.81000518798828
98.06999969482422
97.76000213623047
100.34000396728516
98.4800033569336
99.40000915527344
97.8800048828125
98.43000793457031
100.63999938964844
100.21000671386719
98.3800048828125
97.2300033569336
96.39000701904297
98.91999816894531
99.30000305175781
97.14000701904297
97.4800033569336
97.25
96.67000579833984
96.95000457763672
97.27000427246094
95.08000183105469
96.3800048828125
97.47000885009766
97.55000305175781
95.16999816894531
96.41999816894531
95.33000183105469
97.16999816894531
97.45001220703125
97.77000427246094
97.89000701904297
97.19001007080078
97.72000122070313
98.60000610351563
98.32000732421875
98.27000427246094
97.36000061035156
96.81000518798828
97.2300033569336
95.60000610351563
95.77999877929688
94.45999908447266
97.09000396728516
96.72000885009766
97.69000244140625
97.84000396728516
98.20999908447266
98.06999969482422
97.66000366210938
97.30000305175781
97.62000274658203
96.77000427246094
97.51000213623047
95.93000793457031
96.3800048828125
95.41000366210938
97.09000396728516
97.2800064086914
97.66999816894531
96.83999633789063
98.04000854492188
99.57000732421875
98.7300033569336
99.35000610351563
97.6500015258789
99.69001007080078
96.760009765625
98.3800048828125
97.02999877929688
96.25
97.44000244140625
99.22000885009766
97.45001220703125
97.36000061035156
99.5999984741211
99.37000274658203
99.08000946044922
98.10000610351563
96.81999969482422
95.77000427246094
98.24000549316406
96.95999908447266
98.1100082397461
97.44000244140625
98.04000854492188
98.26000213623047
98.3800048828125
98.79000854492188
98.22000122070313
98.41999816894531
98.1600112915039
98.33000183105469
98.17000579833984
97.29000091552734
98.45000457763672
96.60000610351563
98.27999877929688
98.44001007080078
96.72000885009766
95.97000122070313
95.44999694824219
96.47000122070313
96.6300048828125
98.510009765625
96.3600082397461
96.2300033569336
96.43000793457031
95.89000701904297
96.98001098632813
95.97000122070313
97.38999938964844
98.49000549316406
97.30000305175781
98.57000732421875
98.29000854492188
97.6100082397461
98.36000061035156
96.81999969482422
97.74000549316406
97.43000030517578
97.0999984741211
96.59000396728516
96.22000885009766
97.72000122070313
95.55000305175781
96.08000946044922
97.74000549316406
97.32000732421875
97.40000915527344
98.43000793457031
98.32000732421875
96.3600082397461
97.45001220703125
96.4000015258789
96.95000457763672
94.5999984741211
95.510009765625
98.510009765625
97.94000244140625
97.83000183105469
98.43000793457031
98.17000579833984
98.4000015258789
97.97000885009766
96.0
96.88999938964844
96.54000091552734
96.5300064086914
94.85000610351563
97.02999877929688
96.0
95.58000183105469
95.93000793457031
94.88999938964844
94.6500015258789
96.08000946044922
96.17000579833984
95.29000091552734
96.46000671386719
97.55000305175781
96.69000244140625
97.89000701904297
97.04000854492188
96.93000793457031
97.47000885009766
98.13999938964844
98.59000396728516
98.010009765625
96.65000915527344
97.73001098632813
96.97000122070313
98.98001098632813
98.68000030517578
100.1500015258789
98.80000305175781
101.05000305175781
100.1300048828125
100.1100082397461
99.08000946044922
97.09000396728516
98.99000549316406
98.33000183105469
99.260009765625
98.1600112915039
98.91999816894531
97.02000427246094
97.29000091552734
98.24000549316406
98.96000671386719
97.84000396728516
99.45999908447266
100.1500015258789
98.94000244140625
99.2800064086914
98.30001068115234
99.58000183105469
98.93000793457031
99.15000915527344
99.12001037597656
100.0
98.59000396728516
97.02999877929688
96.91000366210938
97.56000518798828
98.1100082397461
97.90000915527344
98.63999938964844
99.95001220703125
99.64000701904297
99.37000274658203
97.27000427246094
97.02000427246094
95.91000366210938
97.16000366210938
98.68000030517578
98.96000671386719
98.3800048828125
98.27999877929688
99.21000671386719
97.27000427246094
98.05000305175781
98.20999908447266
98.77999877929688
97.36000061035156
97.97000885009766
98.37001037597656
98.10000610351563
98.1100082397461
96.71000671386719
97.44000244140625
98.56001281738281
97.60000610351563
100.02999877929688
98.80000305175781
98.49000549316406
96.59000396728516
98.5
97.76000213623047
98.1300048828125
95.4800033569336
98.22000122070313
97.4800033569336
97.80000305175781
96.55000305175781
97.90000915527344
98.77000427246094
98.0
98.27000427246094
97.84000396728516
97.99000549316406
97.20000457763672
98.59000396728516
98.94000244140625
100.12000274658203
99.18000030517578
99.35000610351563
98.27999877929688
98.29000854492188
98.49000549316406
96.87000274658203
96.98001098632813
97.31001281738281
97.32000732421875
96.93000793457031
96.79000854492188
97.5
97.54000854492188
97.45001220703125
97.18000793457031
98.36000061035156
97.75000762939453
98.19000244140625
96.88999938964844
97.97000885009766
99.16000366210938
98.89000701904297
98.37001037597656
99.30000305175781
99.22000885009766
98.29000854492188
100.4800033569336
100.68000793457031
100.19000244140625
98.45000457763672
98.31000518798828
97.19001007080078
97.25
97.38999938964844
97.49000549316406
96.68000030517578
96.27000427246094
95.77999877929688
96.54000091552734
96.58000183105469
97.73001098632813
96.77000427246094
98.30001068115234
97.73001098632813
97.24000549316406
96.83000183105469
97.14000701904297
97.89000701904297
97.6300048828125
98.26000213623047
97.52000427246094
99.50000762939453
99.7300033569336
97.12001037597656
96.8800048828125
97.38999938964844
98.66000366210938
97.12001037597656
97.79000091552734
98.27000427246094
99.3800048828125
97.89000701904297
96.45000457763672
96.27999877929688
97.18000793457031
97.89000701904297
98.02000427246094
98.77999877929688
96.29000854492188
98.8600082397461
98.68000030517578
98.95000457763672
96.5300064086914
97.73001098632813
98.010009765625
98.08000183105469
97.89000701904297
98.44001007080078
97.58000183105469
98.18000793457031
98.77000427246094
98.67000579833984
98.60000610351563
100.42000579833984
99.05000305175781
97.57000732421875
99.3800048828125
98.65000915527344
98.3499984741211
98.52000427246094
97.6500015258789
97.6300048828125
96.88999938964844
98.8800048828125
98.45000457763672
98.81000518798828
97.42000579833984
97.62000274658203
96.09000396728516
97.0999984741211
97.27000427246094
96.59000396728516
98.62000274658203
97.60000610351563
96.48001098632813
96.18000030517578
97.16999816894531
97.72000122070313
98.4000015258789
98.26000213623047
96.95000457763672
98.06000518798828
97.9800033569336
98.41000366210938
96.0
95.81000518798828
97.6500015258789
98.0
97.35000610351563
96.62001037597656
98.29000854492188
97.22000122070313
95.91000366210938
96.85000610351563
97.30000305175781
97.31001281738281
98.27999877929688
98.06000518798828
97.83000183105469
98.25000762939453
99.6300048828125
97.64000701904297
96.30000305175781
98.9000015258789
98.68000030517578
96.65000915527344
97.80999755859375
98.04000854492188
98.70001220703125
97.82000732421875
99.33000183105469
99.17000579833984
98.61000061035156
97.0999984741211
97.49000549316406
99.2300033569336
98.58000946044922
97.46000671386719
97.35000610351563
99.62001037597656
97.20000457763672
97.2300033569336
98.13999938964844
98.79000854492188
97.21000671386719
98.97000122070313
99.7800064086914
95.56999969482422
97.97000885009766
96.66000366210938
97.57000732421875
97.75000762939453
98.57000732421875
97.08000183105469
97.45001220703125
96.79000854492188
96.66000366210938
97.07000732421875
97.12001037597656
99.42000579833984
99.45999908447266
99.43000793457031
98.46000671386719
98.30001068115234
98.58000946044922
99.31000518798828
98.75
98.87000274658203
98.8600082397461
98.74000549316406
98.61000061035156
99.25
98.45000457763672
95.9800033569336
100.6600112915039
100.74000549316406
99.42000579833984
98.32000732421875
99.45999908447266
98.95000457763672
97.66999816894531
98.23001098632813
97.90000915527344
96.99000549316406
97.59001159667969
96.06001281738281
96.64000701904297
98.30001068115234
97.1300048828125
97.82000732421875
99.29000854492188
98.61000061035156
98.29000854492188
98.32000732421875
98.1300048828125
98.5300064086914
98.56001281738281
97.55000305175781
97.99000549316406
96.71000671386719
96.30000305175781
94.58000183105469
95.22000122070313
95.29000091552734
94.90000915527344
96.27999877929688
95.510009765625
94.73999786376953
94.260009765625
96.55999755859375
96.7800064086914
95.56999969482422
95.44000244140625
96.59000396728516
97.51000213623047
95.84000396728516
96.09000396728516
96.41000366210938
95.30000305175781
95.49000549316406
95.93000793457031
95.23001098632813
96.33000183105469
98.83000183105469
99.45000457763672
100.30000305175781
98.15000915527344
96.98001098632813
98.58000946044922
99.96000671386719
100.1500015258789
99.3800048828125
99.49000549316406
100.1100082397461
97.97000885009766
98.67000579833984
98.39000701904297
98.44001007080078
99.18000030517578
98.85000610351563
100.02000427246094
99.31999969482422
99.75
98.43000793457031
99.05999755859375
99.1300048828125
97.02000427246094
96.52000427246094
97.92000579833984
98.8600082397461
99.17000579833984
96.91000366210938
97.69000244140625
96.95000457763672
96.07000732421875
97.59001159667969
97.1300048828125
97.34000396728516
97.93000030517578
97.7800064086914
96.12000274658203
97.2300033569336
96.21000671386719
97.75000762939453
97.6500015258789
96.92000579833984
97.45001220703125
97.54000854492188
97.83000183105469
95.29000091552734
97.37000274658203
95.42000579833984
95.19000244140625
96.49000549316406
94.70000457763672
94.17000579833984
94.77000427246094
95.81000518798828
95.60000610351563
95.76000213623047
95.21000671386719
96.44000244140625
95.77999877929688
96.7300033569336
95.1500015258789
94.90000915527344
95.1300048828125
95.39000701904297
96.31000518798828
96.25
96.37000274658203
96.60000610351563
96.27999877929688
97.33000946044922
97.72000122070313
97.00000762939453
96.69999694824219
95.70000457763672
95.82000732421875
94.45000457763672
94.15000915527344
93.59000396728516
95.67000579833984
96.99000549316406
95.58000183105469
95.42000579833984
96.41999816894531
97.00000762939453
98.13999938964844
97.89000701904297
97.72000122070313
97.27000427246094
96.83000183105469
97.54000854492188
96.81999969482422
97.24000549316406
98.06000518798828
97.31001281738281
97.62000274658203
97.69000244140625
97.71000671386719
96.32000732421875
95.76000213623047
95.66000366210938
94.21000671386719
94.96000671386719
95.41000366210938
96.0
95.06000518798828
95.29000091552734
95.81000518798828
95.55000305175781
97.25
96.07000732421875
95.56000518798828
97.22000122070313
96.77000427246094
97.09000396728516
97.12001037597656
96.4000015258789
97.85000610351563
96.32000732421875
97.12001037597656
97.52999877929688
97.8800048828125
97.64000701904297
98.7300033569336
97.68000793457031
98.85000610351563
99.48001098632813
99.12001037597656
98.41000366210938
97.68000793457031
97.5
96.59000396728516
96.50000762939453
96.47000122070313
97.4800033569336
97.55000305175781
97.6100082397461
97.30000305175781
97.09000396728516
97.60000610351563
96.12000274658203
96.8600082397461
97.30000305175781
96.50000762939453
97.8800048828125
97.6100082397461
98.79000854492188
99.33000183105469
99.82000732421875
98.02000427246094
96.65000915527344
97.22000122070313
97.12001037597656
98.15000915527344
98.30001068115234
99.80000305175781
97.83000183105469
97.2300033569336
97.2300033569336
97.80000305175781
97.5
97.92000579833984
97.32000732421875
96.64000701904297
96.43000793457031
96.41999816894531
96.65000915527344
98.3800048828125
97.2300033569336
99.00000762939453
