99.7800064086914
101.50000762939453
100.36000061035156
100.40000915527344
100.73001098632813
101.18000030517578
101.93000793457031
100.32000732421875
99.83000946044922
100.58000183105469
100.81000518798828
100.80001068115234
101.29000854492188
102.9800033569336
102.90000915527344
103.66000366210938
103.37001037597656
102.75000762939453
102.84000396728516
101.30000305175781
101.45000457763672
104.09000396728516
103.9000015258789
102.33000946044922
101.20001220703125
103.22000122070313
103.36000061035156
102.17001342773438
102.44000244140625
103.32000732421875
102.37000274658203
101.0300064086914
100.9000015258789
102.2300033569336
99.09000396728516
100.04000854492188
102.74000549316406
101.54000091552734
101.25000762939453
100.5
102.04000854492188
101.79000854492188
100.12000274658203
100.35000610351563
102.06000518798828
101.8600082397461
101.5300064086914
101.81999969482422
101.54000091552734
99.92000579833984
101.77000427246094
99.58000183105469
101.75
103.37001037597656
102.91000366210938
103.61000061035156
103.1300048828125
103.93000793457031
102.59001159667969
103.56001281738281
102.6100082397461
101.30000305175781
102.9800033569336
101.41999816894531
101.97000122070313
101.32000732421875
101.1300048828125
100.70999908447266
100.29000091552734
101.81000518798828
100.5
100.73001098632813
101.7300033569336
101.3800048828125
101.3600082397461
101.43000793457031
100.83000183105469
99.86000061035156
98.67000579833984
99.80000305175781
103.60000610351563
102.86000061035156
102.3800048828125
103.99000549316406
103.97000122070313
102.20000457763672
103.54000091552734
104.62001037597656
101.62001037597656
100.34000396728516
101.59000396728516
98.98001098632813
98.19000244140625
99.9800033569336
100.12000274658203
98.82000732421875
100.76000213623047
97.91000366210938
99.3800048828125
99.87000274658203
100.56000518798828
99.30000305175781
102.52000427246094
102.64000701904297
101.3800048828125
101.0300064086914
100.80001068115234
100.72000122070313
102.34000396728516
101.30000305175781
102.86000061035156
103.04000854492188
101.87000274658203
103.89000701904297
104.54000854492188
103.84001159667969
103.37001037597656
101.57000732421875
101.62001037597656
104.54000854492188
101.54000091552734
100.70000457763672
101.20001220703125
101.66000366210938
100.01000213623047
103.08999633789063
101.98001098632813
102.02999877929688
103.43000793457031
102.37000274658203
99.92000579833984
100.06000518798828
100.95000457763672
101.39000701904297
102.00000762939453
103.0300064086914
101.55000305175781
102.89000701904297
102.93000030517578
103.62000274658203
105.30999755859375
104.44000244140625
102.89000701904297
103.22000122070313
102.8800048828125
105.16000366210938
102.37000274658203
103.77000427246094
103.0
103.69000244140625
102.7800064086914
104.83000946044922
105.70999908447266
104.58000183105469
103.72000885009766
103.510009765625
102.44000244140625
103.91999816894531
104.49000549316406
103.3800048828125
102.11000061035156
102.70000457763672
103.0300064086914
104.84000396728516
103.36000061035156
101.41999816894531
102.57000732421875
101.98001098632813
103.27000427246094
103.19000244140625
103.06999969482422
103.13999938964844
101.10000610351563
102.36000061035156
99.85000610351563
102.7800064086914
100.99000549316406
104.3600082397461
104.43000793457031
105.33000946044922
104.86000061035156
103.74000549316406
103.5
103.67000579833984
103.23001098632813
102.35000610351563
103.55000305175781
103.85000610351563
105.09001159667969
104.94000244140625
102.8800048828125
104.19999694824219
103.06000518798828
104.6500015258789
102.34000396728516
103.15000915527344
102.01000213623047
103.06000518798828
102.59001159667969
101.11000061035156
101.72000885009766
101.29000854492188
102.51000213623047
102.73001098632813
102.92000579833984
102.60000610351563
99.82000732421875
103.5
101.31000518798828
102.44000244140625
101.87000274658203
101.92000579833984
101.51000213623047
100.94001007080078
101.94000244140625
101.47000122070313
100.82000732421875
100.44999694824219
100.73001098632813
99.83000946044922
101.43000793457031
102.02999877929688
100.89000701904297
102.04000854492188
99.760009765625
100.19000244140625
100.80001068115234
101.15000915527344
101.04000091552734
102.55000305175781
102.17001342773438
99.02000427246094
101.05000305175781
100.76000213623047
99.22000885009766
99.94000244140625
98.4800033569336
98.05000305175781
98.56001281738281
97.90000915527344
98.30001068115234
98.5
98.76000213623047
99.7800064086914
99.49000549316406
98.3499984741211
97.60000610351563
96.72000885009766
97.09000396728516
94.04000091552734
96.8600082397461
96.44000244140625
97.59001159667969
99.07000732421875
97.52000427246094
98.25000762939453
97.94999694824219
97.69000244140625
97.94000244140625
98.91999816894531
99.12001037597656
99.33999633789063
97.00000762939453
98.91000366210938
98.23001098632813
98.1300048828125
99.27000427246094
96.6300048828125
97.37000274658203
99.51000213623047
99.16000366210938
99.70000457763672
99.99000549316406
98.99000549316406
98.89000701904297
98.70001220703125
100.91999816894531
100.86000061035156
100.39000701904297
100.54000854492188
101.25000762939453
99.74000549316406
101.55999755859375
100.87001037597656
98.91999816894531
99.57000732421875
98.93000793457031
99.43000793457031
98.19000244140625
99.9800033569336
99.52999877929688
99.1300048828125
98.9000015258789
99.66999816894531
99.84000396728516
99.77000427246094
102.20000457763672
100.44999694824219
102.04000854492188
103.31000518798828
100.86000061035156
100.49000549316406
98.31000518798828
99.33999633789063
99.29000854492188
99.99000549316406
100.25000762939453
101.80000305175781
102.71000671386719
99.90000915527344
101.31000518798828
99.56000518798828
100.95000457763672
102.47000885009766
100.8800048828125
101.44000244140625
101.75
101.83000183105469
102.47000885009766
100.87001037597656
102.31001281738281
101.66000366210938
102.260009765625
100.18000793457031
99.42000579833984
99.66999816894531
99.82000732421875
100.60000610351563
102.18000793457031
99.84000396728516
100.70000457763672
101.19000244140625
102.47000885009766
100.44999694824219
100.95000457763672
101.79000854492188
102.55000305175781
102.51000213623047
102.71000671386719
101.45000457763672
103.33000183105469
102.05001068115234
101.45000457763672
101.8600082397461
100.79000854492188
100.84000396728516
102.12001037597656
99.8800048828125
103.31000518798828
102.94999694824219
101.44000244140625
100.69000244140625
100.42000579833984
100.5300064086914
100.80001068115234
101.35000610351563
101.30000305175781
100.44000244140625
100.42000579833984
99.6300048828125
102.2300033569336
101.60000610351563
101.27999877929688
101.33000183105469
101.55000305175781
101.8600082397461
100.63999938964844
99.54000854492188
99.16000366210938
98.33000183105469
99.62001037597656
100.72000122070313
100.76000213623047
99.760009765625
101.2300033569336
101.010009765625
100.62000274658203
99.38999938964844
97.87001037597656
97.25
97.66000366210938
98.08000183105469
99.95001220703125
100.23001098632813
98.69000244140625
98.91000366210938
99.72000122070313
98.83000183105469
97.80999755859375
99.72000122070313
99.96000671386719
100.60000610351563
101.57000732421875
101.60000610351563
99.18000030517578
102.05001068115234
102.71000671386719
102.79000091552734
102.25
101.83999633789063
100.56000518798828
100.32000732421875
102.6500015258789
100.44999694824219
100.3800048828125
99.22000885009766
100.77999877929688
101.51000213623047
100.12000274658203
99.27000427246094
99.51000213623047
98.79000854492188
100.09001159667969
98.04000854492188
98.67000579833984
99.92000579833984
99.90000915527344
98.77999877929688
98.20000457763672
98.46000671386719
99.95001220703125
98.80000305175781
97.45001220703125
97.18000793457031
99.7800064086914
98.0300064086914
99.00000762939453
96.81000518798828
98.59000396728516
99.6300048828125
101.4000015258789
99.85000610351563
100.60000610351563
100.70000457763672
101.41000366210938
103.17000579833984
103.25000762939453
102.6100082397461
101.02000427246094
101.21000671386719
102.50000762939453
100.9000015258789
101.04000091552734
99.90000915527344
101.18000030517578
99.80000305175781
99.18000030517578
100.44999694824219
100.3800048828125
102.12001037597656
102.31001281738281
103.15000915527344
101.27000427246094
101.22000885009766
102.40000915527344
100.54000854492188
100.77000427246094
100.41000366210938
101.88999938964844
100.95000457763672
100.86000061035156
100.02000427246094
101.87000274658203
101.06001281738281
101.49000549316406
103.91999816894531
104.31000518798828
101.7800064086914
103.08999633789063
103.1300048828125
102.73001098632813
102.76000213623047
103.25000762939453
102.85000610351563
103.96000671386719
102.49000549316406
102.16000366210938
102.79000091552734
100.94001007080078
101.29000854492188
99.25
101.16000366210938
100.56999969482422
100.69000244140625
98.76000213623047
100.35000610351563
99.7800064086914
101.51000213623047
99.52999877929688
100.6300048828125
98.26000213623047
98.99000549316406
100.19000244140625
99.93000030517578
98.1300048828125
98.27999877929688
97.99000549316406
99.66999816894531
100.55000305175781
100.81000518798828
100.81000518798828
101.44000244140625
100.58000183105469
101.21000671386719
100.68000793457031
99.38999938964844
97.18000793457031
97.5
96.27000427246094
95.83000183105469
98.69000244140625
98.4000015258789
100.81000518798828
98.8600082397461
99.7800064086914
97.2800064086914
98.67000579833984
99.08000946044922
99.05999755859375
96.21000671386719
97.29000091552734
99.10000610351563
98.39000701904297
95.5300064086914
97.52000427246094
98.93000793457031
98.36000061035156
100.68000793457031
98.15000915527344
97.99000549316406
98.29000854492188
97.02000427246094
98.3499984741211
96.3800048828125
98.08999633789063
99.25
97.52999877929688
97.56000518798828
98.26000213623047
97.66999816894531
97.92000579833984
98.31000518798828
98.6300048828125
98.30001068115234
98.010009765625
99.45999908447266
97.77000427246094
98.08000183105469
97.59001159667969
98.91999816894531
100.08000183105469
98.94000244140625
97.82000732421875
97.80999755859375
98.12000274658203
97.82000732421875
97.86000061035156
95.83000183105469
96.3800048828125
95.46000671386719
95.1300048828125
96.04000091552734
98.37001037597656
98.81000518798828
97.0999984741211
95.75000762939453
96.45000457763672
95.70999908447266
95.6100082397461
96.83999633789063
96.47000122070313
98.24000549316406
98.55000305175781
98.95000457763672
99.42000579833984
99.35000610351563
99.31000518798828
97.44000244140625
99.75
99.52999877929688
100.40000915527344
100.60000610351563
101.8600082397461
103.5
102.27000427246094
102.05001068115234
101.3800048828125
100.89000701904297
99.33000183105469
98.83000183105469
98.82000732421875
98.75
99.64000701904297
100.65000915527344
99.43000793457031
99.96000671386719
97.72000122070313
97.94000244140625
99.19999694824219
98.95000457763672
99.54000854492188
101.09000396728516
95.79000854492188
96.77000427246094
97.2800064086914
97.80000305175781
97.71000671386719
98.99000549316406
99.09000396728516
98.75
99.0300064086914
100.6100082397461
98.96000671386719
100.3800048828125
100.43000030517578
99.69001007080078
99.77000427246094
99.69001007080078
99.22000885009766
101.09000396728516
100.69000244140625
99.8800048828125
101.26000213623047
102.4800033569336
100.1500015258789
102.46000671386719
100.70000457763672
102.17001342773438
102.80000305175781
101.98001098632813
101.90000915527344
98.71000671386719
99.82000732421875
97.74000549316406
99.00000762939453
98.44001007080078
98.8800048828125
98.81000518798828
98.57000732421875
101.04000091552734
101.8600082397461
101.8600082397461
102.25
99.6500015258789
99.66999816894531
99.37000274658203
100.44999694824219
99.94000244140625
100.07000732421875
98.23001098632813
100.19000244140625
100.79000854492188
100.80001068115234
98.69000244140625
99.82000732421875
99.05999755859375
97.74000549316406
99.79000091552734
97.6100082397461
98.17000579833984
98.98001098632813
97.7800064086914
98.3499984741211
100.10000610351563
97.83000183105469
97.20000457763672
98.1300048828125
97.46000671386719
97.52999877929688
97.4800033569336
96.37000274658203
97.40000915527344
96.44000244140625
96.07000732421875
96.6300048828125
96.68000030517578
97.60000610351563
98.34000396728516
96.75
98.77000427246094
98.4800033569336
99.33000183105469
99.88999938964844
99.07000732421875
98.77999877929688
98.8800048828125
98.67000579833984
99.02000427246094
98.68000030517578
98.61000061035156
96.46000671386719
97.90000915527344
98.27999877929688
97.83000183105469
99.760009765625
98.89000701904297
99.11000061035156
99.50000762939453
98.04000854492188
98.27999877929688
97.24000549316406
96.68000030517578
98.33000183105469
98.91000366210938
98.59000396728516
97.45001220703125
98.98001098632813
97.84000396728516
96.64000701904297
99.47000122070313
99.37000274658203
98.49000549316406
96.95999908447266
97.35000610351563
98.5300064086914
99.51000213623047
98.20000457763672
97.4800033569336
98.91000366210938
98.23001098632813
99.260009765625
99.47000122070313
98.06000518798828
97.52000427246094
96.50000762939453
97.02000427246094
98.3800048828125
99.17000579833984
98.97000122070313
98.95000457763672
98.510009765625
98.19000244140625
96.41000366210938
96.1300048828125
95.76000213623047
97.05001068115234
96.55999755859375
94.70000457763672
97.66999816894531
98.7300033569336
97.27000427246094
97.9800033569336
97.42000579833984
98.02000427246094
98.31000518798828
98.4800033569336
96.58000183105469
98.54000091552734
96.87000274658203
99.57000732421875
99.29000854492188
100.1300048828125
98.31000518798828
99.3800048828125
98.94000244140625
100.30000305175781
98.79000854492188
99.70000457763672
100.08000183105469
99.70000457763672
98.43000793457031
99.72000122070313
98.44001007080078
99.02000427246094
97.90000915527344
96.41999816894531
97.36000061035156
97.73001098632813
98.43000793457031
96.12000274658203
95.1500015258789
96.74000549316406
96.58000183105469
98.31000518798828
96.39000701904297
98.94000244140625
92.52000427246094
96.29000854492188
96.17000579833984
94.760009765625
95.10000610351563
95.6100082397461
98.52000427246094
98.19000244140625
98.34000396728516
99.10000610351563
96.08000946044922
95.9800033569336
97.79000091552734
96.50000762939453
95.72000122070313
97.27000427246094
98.04000854492188
96.79000854492188
95.97000122070313
98.87000274658203
98.49000549316406
98.52000427246094
99.25
98.97000122070313
99.27000427246094
97.75000762939453
98.010009765625
98.71000671386719
99.21000671386719
97.20000457763672
97.46000671386719
98.45000457763672
98.65000915527344
97.54000854492188
97.260009765625
99.74000549316406
99.22000885009766
99.48001098632813
99.59000396728516
100.54000854492188
98.36000061035156
99.59000396728516
99.29000854492188
100.62000274658203
101.7800064086914
100.1300048828125
100.97000122070313
100.06000518798828
100.65000915527344
103.05000305175781
100.41000366210938
101.30000305175781
101.27999877929688
101.1300048828125
101.11000061035156
100.22000122070313
98.63999938964844
99.6500015258789
98.0
97.96000671386719
98.30001068115234
98.62000274658203
98.27999877929688
97.4800033569336
98.57000732421875
98.32000732421875
100.10000610351563
100.25000762939453
99.04000091552734
100.26000213623047
98.43000793457031
98.37001037597656
100.52000427246094
99.6500015258789
99.14000701904297
100.30999755859375
98.8600082397461
100.33000946044922
98.68000030517578
99.93000030517578
96.2300033569336
97.99000549316406
98.31000518798828
99.2300033569336
98.36000061035156
98.58000946044922
97.94000244140625
99.40000915527344
97.68000793457031
99.95001220703125
99.24000549316406
99.81001281738281
98.20999908447266
99.66000366210938
99.1300048828125
98.74000549316406
99.05999755859375
97.70000457763672
97.49000549316406
97.34000396728516
95.94001007080078
99.33000183105469
98.10000610351563
99.68000793457031
99.80000305175781
98.82000732421875
99.72000122070313
99.02000427246094
98.19000244140625
99.2300033569336
99.35000610351563
97.80000305175781
97.80999755859375
97.71000671386719
100.08000183105469
98.46000671386719
97.32000732421875
98.20999908447266
99.83000946044922
96.80000305175781
98.80000305175781
98.34000396728516
98.67000579833984
98.97000122070313
97.38999938964844
100.04000854492188
99.91000366210938
100.84000396728516
99.35000610351563
100.04000854492188
99.90000915527344
100.24000549316406
99.760009765625
100.21000671386719
100.79000854492188
100.56999969482422
98.97000122070313
98.12000274658203
98.69000244140625
98.20999908447266
97.68000793457031
98.52000427246094
97.92000579833984
97.6300048828125
98.63999938964844
99.02000427246094
98.04000854492188
98.72000885009766
99.71000671386719
98.32000732421875
97.99000549316406
97.83000183105469
97.68000793457031
97.45001220703125
97.71000671386719
98.12000274658203
97.16999816894531
98.66000366210938
100.32000732421875
101.33000183105469
98.94000244140625
97.6100082397461
98.510009765625
99.7800064086914
101.69000244140625
98.12000274658203
99.49000549316406
98.17000579833984
97.62000274658203
99.69001007080078
98.56001281738281
98.95000457763672
97.5
97.52999877929688
98.27000427246094
98.77999877929688
96.95000457763672
98.19000244140625
98.0
97.1300048828125
97.22000122070313
99.3600082397461
98.08999633789063
98.17000579833984
97.7800064086914
99.09000396728516
99.44000244140625
95.80001068115234
99.31000518798828
96.20001220703125
98.1100082397461
97.24000549316406
97.77000427246094
99.2800064086914
98.58000946044922
97.51000213623047
96.98001098632813
98.510009765625
96.94000244140625
97.58000183105469
98.43000793457031
97.60000610351563
99.24000549316406
100.09001159667969
97.16999816894531
98.58000946044922
97.86000061035156
97.30000305175781
97.69000244140625
98.010009765625
97.55000305175781
95.08000183105469
96.55000305175781
97.55000305175781
96.32000732421875
96.52000427246094
97.14000701904297
97.27000427246094
97.46000671386719
97.60000610351563
98.43000793457031
98.27999877929688
97.19001007080078
96.21000671386719
98.8800048828125
97.94000244140625
97.51000213623047
98.33000183105469
97.90000915527344
98.57000732421875
99.31000518798828
98.5
97.52000427246094
98.93000793457031
96.5300064086914
97.32000732421875
98.19000244140625
97.02999877929688
97.83000183105469
97.06000518798828
97.32000732421875
98.43000793457031
98.83000183105469
96.72000885009766
96.60000610351563
97.83000183105469
97.87001037597656
97.90000915527344
96.31000518798828
97.71000671386719
96.85000610351563
98.23001098632813
97.74000549316406
95.74000549316406
94.79000091552734
96.0300064086914
95.72000122070313
97.5
96.37000274658203
97.94999694824219
97.77000427246094
98.0300064086914
98.74000549316406
99.55001068115234
99.90000915527344
99.48001098632813
99.74000549316406
99.8800048828125
98.91999816894531
98.94000244140625
101.25000762939453
100.02999877929688
100.74000549316406
100.4800033569336
99.40000915527344
99.31000518798828
99.69001007080078
98.1600112915039
97.25
98.43000793457031
98.010009765625
98.43000793457031
97.43000030517578
98.41000366210938
97.33000946044922
98.0
98.85000610351563
98.79000854492188
96.05000305175781
96.48001098632813
97.94999694824219
98.95000457763672
97.94000244140625
97.31001281738281
97.6500015258789
98.56001281738281
97.86000061035156
97.8800048828125
97.86000061035156
98.62000274658203
98.56001281738281
98.24000549316406
97.34000396728516
97.36000061035156
97.18000793457031
98.06999969482422
97.6300048828125
98.79000854492188
99.44000244140625
98.79000854492188
98.70001220703125
99.48001098632813
99.05999755859375
100.52000427246094
97.16999816894531
97.14000701904297
97.68000793457031
99.61000061035156
99.24000549316406
99.4100112915039
100.36000061035156
99.9800033569336
98.59000396728516
98.44001007080078
98.20000457763672
97.40000915527344
99.11000061035156
97.94000244140625
98.69000244140625
98.29000854492188
97.00000762939453
96.81000518798828
98.77000427246094
97.83000183105469
97.18000793457031
96.91000366210938
97.6100082397461
98.29000854492188
99.3800048828125
98.93000793457031
97.9800033569336
96.8600082397461
99.07000732421875
98.41000366210938
97.64000701904297
100.68000793457031
98.65000915527344
98.61000061035156
100.1500015258789
99.47000122070313
99.99000549316406
101.55999755859375
100.91999816894531
100.47000885009766
100.94001007080078
101.11000061035156
101.79000854492188
101.81999969482422
102.41000366210938
102.6300048828125
100.1500015258789
103.6300048828125
102.2800064086914
101.54000091552734
103.33000183105469
100.49000549316406
100.87001037597656
102.04000854492188
100.9000015258789
100.67000579833984
100.4800033569336
99.19999694824219
98.29000854492188
99.18000030517578
96.5300064086914
99.82000732421875
97.99000549316406
96.32000732421875
97.4800033569336
97.94000244140625
99.57000732421875
100.08000183105469
99.0300064086914
99.21000671386719
101.52000427246094
101.32000732421875
97.40000915527344
97.64000701904297
99.66999816894531
99.81001281738281
98.05000305175781
101.8800048828125
99.90000915527344
99.88999938964844
99.4100112915039
99.54000854492188
101.35000610351563
100.80001068115234
99.93000030517578
99.27000427246094
98.91000366210938
99.85000610351563
101.45000457763672
99.5999984741211
99.75
99.10000610351563
98.9000015258789
98.6300048828125
99.45999908447266
100.58999633789063
99.88999938964844
100.1100082397461
99.95001220703125
98.81000518798828
100.04000854492188
99.71000671386719
101.13999938964844
98.24000549316406
98.13999938964844
97.54000854492188
101.07000732421875
97.84000396728516
95.21000671386719
96.80000305175781
97.09000396728516
98.36000061035156
97.59001159667969
100.26000213623047
100.37001037597656
99.43000793457031
99.2300033569336
100.21000671386719
98.26000213623047
97.42000579833984
99.52000427246094
98.3800048828125
98.06000518798828
98.29000854492188
97.74000549316406
98.44001007080078
98.58000946044922
97.8800048828125
99.71000671386719
98.66000366210938
98.39000701904297
98.1300048828125
97.3800048828125
96.87000274658203
98.83000183105469
97.6300048828125
97.45001220703125
95.74000549316406
97.6500015258789
95.70999908447266
96.62001037597656
96.11000061035156
97.36000061035156
97.80000305175781
98.91000366210938
99.7300033569336
100.19000244140625
98.85000610351563
100.44000244140625
101.0300064086914
99.16000366210938
99.05999755859375
98.27000427246094
97.96000671386719
97.76000213623047
97.22000122070313
97.21000671386719
97.75000762939453
97.49000549316406
96.91000366210938
97.62000274658203
98.02000427246094
99.2300033569336
100.47000885009766
98.20000457763672
98.29000854492188
96.31000518798828
97.84000396728516
97.6500015258789
98.96000671386719
98.17000579833984
99.19000244140625
99.31999969482422
98.25000762939453
97.94000244140625
98.30001068115234
97.90000915527344
99.15000915527344
97.72000122070313
98.75
97.84000396728516
97.6300048828125
96.7800064086914
97.9800033569336
98.7300033569336
97.21000671386719
98.23001098632813
96.95999908447266
98.97000122070313
99.12001037597656
98.59000396728516
99.58000183105469
100.36000061035156
99.38999938964844
97.80000305175781
95.9000015258789
98.27000427246094
98.55000305175781
98.75
97.22000122070313
97.44000244140625
97.33000946044922
97.06000518798828
96.64000701904297
96.1300048828125
99.29000854492188
98.41999816894531
98.25000762939453
97.43000030517578
97.7800064086914
97.64000701904297
97.27000427246094
95.79000854492188
98.65000915527344
98.1300048828125
97.82000732421875
99.3800048828125
99.27000427246094
99.92000579833984
98.72000885009766
99.88999938964844
99.70000457763672
99.61000061035156
98.43000793457031
99.9800033569336
99.11000061035156
101.41999816894531
101.010009765625
98.33000183105469
99.05999755859375
99.69001007080078
99.0300064086914
97.80000305175781
99.30000305175781
99.3600082397461
99.58000183105469
98.67000579833984
97.37000274658203
98.58000946044922
101.05000305175781
99.74000549316406
98.81000518798828
96.7300033569336
98.98001098632813
99.8800048828125
97.52999877929688
98.60000610351563
99.05999755859375
100.24000549316406
99.94000244140625
99.54000854492188
99.14000701904297
98.1300048828125
98.10000610351563
99.47000122070313
98.44001007080078
100.84000396728516
99.58000183105469
100.99000549316406
99.260009765625
98.77000427246094
100.9800033569336
100.27000427246094
100.23001098632813
99.33000183105469
99.45999908447266
101.31000518798828
99.9800033569336
99.64000701904297
100.10000610351563
100.05000305175781
99.2300033569336
100.510009765625
98.84001159667969
97.74000549316406
99.71000671386719
99.7300033569336
98.30001068115234
97.22000122070313
98.49000549316406
98.41000366210938
97.22000122070313
99.40000915527344
99.57000732421875
99.99000549316406
99.04000091552734
100.34000396728516
101.3800048828125
101.05000305175781
101.67000579833984
101.32000732421875
100.81000518798828
102.06000518798828
100.89000701904297
99.72000122070313
98.12000274658203
99.72000122070313
99.62001037597656
100.55000305175781
101.8800048828125
101.72000885009766
101.72000885009766
102.07000732421875
100.94001007080078
102.66000366210938
101.010009765625
100.4800033569336
101.04000091552734
102.07000732421875
102.02999877929688
101.34001159667969
103.23001098632813
102.09000396728516
101.49000549316406
101.72000885009766
102.2300033569336
101.44000244140625
101.11000061035156
99.91000366210938
102.0999984741211
99.22000885009766
99.11000061035156
99.82000732421875
99.01000213623047
100.44999694824219
101.2300033569336
99.7800064086914
102.06000518798828
102.02000427246094
100.56999969482422
102.52000427246094
102.01000213623047
100.81000518798828
100.39000701904297
101.5300064086914
100.30999755859375
101.72000885009766
100.52000427246094
99.37000274658203
100.65000915527344
100.70999908447266
101.760009765625
100.93000793457031
101.52000427246094
100.81000518798828
101.11000061035156
99.7800064086914
98.19000244140625
98.77999877929688
97.73001098632813
99.79000091552734
98.54000091552734
97.68000793457031
98.27000427246094
97.38999938964844
99.50000762939453
99.97000885009766
101.22000885009766
100.9800033569336
101.55000305175781
101.32000732421875
101.19000244140625
101.2300033569336
99.3800048828125
101.69999694824219
99.7800064086914
101.15000915527344
100.9800033569336
101.17000579833984
100.4800033569336
100.42000579833984
100.34000396728516
101.30000305175781
99.8800048828125
100.52000427246094
100.14000701904297
100.06000518798828
101.20001220703125
99.9800033569336
99.66000366210938
100.44999694824219
101.08000946044922
99.92000579833984
101.80000305175781
102.19001007080078
100.30000305175781
101.64000701904297
101.46000671386719
102.92000579833984
100.35000610351563
101.47000122070313
102.80000305175781
104.10000610351563
102.9800033569336
102.17001342773438
102.64000701904297
102.86000061035156
102.49000549316406
100.76000213623047
101.2300033569336
101.30000305175781
101.04000091552734
100.07000732421875
101.46000671386719
100.77999877929688
101.1300048828125
101.57000732421875
100.83000183105469
101.760009765625
101.13999938964844
100.43000030517578
100.63999938964844
101.9100112915039
101.21000671386719
101.32000732421875
101.65000915527344
102.04000854492188
101.85000610351563
101.64000701904297
101.1300048828125
102.72000122070313
102.27000427246094
100.3800048828125
101.60000610351563
101.79000854492188
103.74000549316406
103.18000793457031
103.3800048828125
102.57000732421875
104.01000213623047
101.79000854492188
100.47000885009766
100.99000549316406
100.47000885009766
100.58000183105469
100.83000183105469
101.60000610351563
102.43000030517578
101.41000366210938
100.87001037597656
101.41999816894531
101.72000885009766
103.66000366210938
100.6300048828125
102.08000183105469
103.3499984741211
101.97000122070313
102.69000244140625
102.92000579833984
103.72000885009766
102.05001068115234
102.06000518798828
102.24000549316406
101.95000457763672
103.29000854492188
101.3600082397461
100.34000396728516
100.8499984741211
100.9800033569336
101.81000518798828
101.88999938964844
101.79000854492188
101.3600082397461
100.10000610351563
100.69000244140625
98.63999938964844
98.1600112915039
98.77000427246094
100.02000427246094
101.08000946044922
99.30000305175781
100.36000061035156
100.70000457763672
100.2800064086914
101.94000244140625
100.80001068115234
100.14000701904297
101.97000122070313
99.52999877929688
102.05001068115234
101.72000885009766
100.16999816894531
99.93000030517578
101.07000732421875
100.56000518798828
99.37000274658203
101.81000518798828
100.32000732421875
101.32000732421875
99.47000122070313
101.95999908447266
99.62001037597656
101.2300033569336
98.13999938964844
100.65000915527344
100.5300064086914
99.90000915527344
99.45999908447266
99.92000579833984
102.09000396728516
101.0
101.95999908447266
102.17001342773438
100.8499984741211
100.91000366210938
103.0300064086914
102.73001098632813
102.72000122070313
101.7300033569336
102.71000671386719
101.97000122070313
101.43000793457031
101.79000854492188
100.52000427246094
98.89000701904297
100.37001037597656
100.65000915527344
101.07000732421875
101.26000213623047
100.79000854492188
100.93000793457031
101.51000213623047
101.27000427246094
101.48001098632813
100.6300048828125
100.43000030517578
99.71000671386719
101.13999938964844
102.33000946044922
101.81999969482422
101.64000701904297
102.2300033569336
101.48001098632813
102.05001068115234
103.94000244140625
103.65000915527344
103.4800033569336
101.37000274658203
101.7800064086914
100.84000396728516
101.77000427246094
103.06000518798828
100.77000427246094
100.23001098632813
100.77999877929688
100.52000427246094
100.99000549316406
100.47000885009766
101.010009765625
101.57000732421875
103.74000549316406
103.010009765625
101.02000427246094
102.75000762939453
101.39000701904297
101.34001159667969
101.13999938964844
101.83000183105469
101.77000427246094
102.47000885009766
104.68000793457031
101.92000579833984
101.0300064086914
101.06001281738281
100.62000274658203
100.54000854492188
100.70999908447266
102.2800064086914
102.66000366210938
99.40000915527344
99.42000579833984
99.01000213623047
100.1500015258789
99.59000396728516
100.22000122070313
101.98001098632813
100.33000946044922
101.16000366210938
101.77000427246094
101.55000305175781
99.33999633789063
100.81000518798828
99.45000457763672
101.05000305175781
100.12000274658203
99.75
100.5
98.65000915527344
99.30000305175781
102.11000061035156
100.06000518798828
101.13999938964844
99.95001220703125
99.09000396728516
100.26000213623047
100.18000793457031
100.47000885009766
100.36000061035156
99.1300048828125
99.88999938964844
99.64000701904297
100.49000549316406
99.82000732421875
99.47000122070313
98.89000701904297
99.82000732421875
98.47000122070313
99.33999633789063
99.11000061035156
98.0
100.35000610351563
100.99000549316406
99.56000518798828
99.05999755859375
99.7800064086914
100.43000030517578
101.21000671386719
101.07000732421875
99.49000549316406
99.87000274658203
100.5300064086914
100.75000762939453
99.7800064086914
98.57000732421875
99.42000579833984
100.70000457763672
100.58000183105469
98.57000732421875
100.6100082397461
99.7300033569336
98.65000915527344
98.22000122070313
99.49000549316406
98.62000274658203
99.04000091552734
99.71000671386719
99.05000305175781
98.77999877929688
100.70000457763672
100.20000457763672
99.85000610351563
100.8800048828125
101.16000366210938
99.8800048828125
100.34000396728516
99.37000274658203
100.42000579833984
99.7800064086914
102.17001342773438
101.27999877929688
102.16000366210938
102.29000091552734
100.91999816894531
103.04000854492188
101.58000946044922
101.16000366210938
99.81001281738281
101.55999755859375
98.79000854492188
99.760009765625
100.86000061035156
102.92000579833984
103.05000305175781
101.7800064086914
102.94999694824219
101.58000946044922
102.19001007080078
101.72000885009766
100.82000732421875
101.1300048828125
101.10000610351563
100.30999755859375
101.21000671386719
100.77999877929688
101.08000946044922
100.52000427246094
100.9800033569336
102.6100082397461
102.07000732421875
100.16999816894531
100.55000305175781
100.69000244140625
102.06000518798828
101.90000915527344
102.31001281738281
101.60000610351563
101.52000427246094
103.3499984741211
102.27000427246094
104.24000549316406
102.43000030517578
100.26000213623047
103.24000549316406
104.42000579833984
103.56001281738281
102.11000061035156
104.04000091552734
103.17000579833984
102.70000457763672
102.46000671386719
102.32000732421875
102.44000244140625
101.81000518798828
101.57000732421875
100.94001007080078
101.33000183105469
101.69000244140625
102.37000274658203
102.31001281738281
101.34001159667969
101.8800048828125
102.24000549316406
101.68000030517578
102.6300048828125
101.66000366210938
101.98001098632813
101.24000549316406
102.44000244140625
100.63999938964844
99.49000549316406
101.72000885009766
101.07000732421875
100.54000854492188
102.16000366210938
101.83000183105469
100.1100082397461
101.45000457763672
102.00000762939453
101.83999633789063
102.44000244140625
101.65000915527344
101.79000854492188
101.43000793457031
100.96000671386719
101.6300048828125
100.42000579833984
101.0
98.41999816894531
98.27000427246094
98.27999877929688
99.40000915527344
101.15000915527344
101.010009765625
100.95000457763672
98.82000732421875
99.55001068115234
99.18000030517578
101.34001159667969
100.96000671386719
99.10000610351563
99.7800064086914
100.6600112915039
98.7300033569336
98.93000793457031
100.35000610351563
100.05000305175781
99.70000457763672
99.40000915527344
99.22000885009766
100.62000274658203
100.10000610351563
99.21000671386719
100.1300048828125
99.260009765625
98.52000427246094
98.7300033569336
99.59000396728516
99.66000366210938
100.30999755859375
98.63999938964844
100.1300048828125
99.44000244140625
99.6500015258789
99.6500015258789
99.71000671386719
98.1300048828125
99.66000366210938
98.44001007080078
99.45000457763672
100.44000244140625
99.22000885009766
100.26000213623047
99.9800033569336
99.55001068115234
100.8499984741211
100.56000518798828
99.91000366210938
98.84001159667969
100.99000549316406
99.7300033569336
97.43000030517578
98.41000366210938
99.31000518798828
99.00000762939453
98.32000732421875
99.25
99.24000549316406
99.83000946044922
99.64000701904297
100.39000701904297
99.81001281738281
101.0300064086914
97.91000366210938
98.7300033569336
99.05999755859375
99.29000854492188
99.05999755859375
97.59001159667969
99.19999694824219
98.54000091552734
98.10000610351563
99.30000305175781
98.37001037597656
98.18000793457031
98.8600082397461
96.94000244140625
100.02000427246094
98.27999877929688
97.46000671386719
98.30001068115234
99.0300064086914
99.69001007080078
97.2800064086914
97.94000244140625
98.49000549316406
96.4000015258789
100.33000946044922
99.14000701904297
97.1300048828125
96.87000274658203
96.1300048828125
96.95000457763672
96.7300033569336
97.19001007080078
97.08000183105469
98.22000122070313
97.43000030517578
96.69000244140625
96.7800064086914
96.81000518798828
97.54000854492188
97.36000061035156
95.89000701904297
96.43000793457031
95.96000671386719
96.10000610351563
95.2800064086914
96.68000030517578
97.01000213623047
96.8800048828125
96.95999908447266
96.97000122070313
95.55000305175781
96.75
95.36000061035156
96.83999633789063
95.72000122070313
96.44000244140625
95.80001068115234
96.68000030517578
97.6500015258789
97.57000732421875
96.43000793457031
96.25
96.80000305175781
96.29000854492188
98.33000183105469
98.61000061035156
97.86000061035156
97.01000213623047
97.260009765625
95.56000518798828
95.56000518798828
96.04000091552734
96.68000030517578
97.90000915527344
98.39000701904297
97.46000671386719
97.73001098632813
97.74000549316406
98.82000732421875
97.97000885009766
97.56000518798828
98.510009765625
97.66999816894531
98.99000549316406
98.95000457763672
99.74000549316406
98.98001098632813
99.45999908447266
99.14000701904297
98.75
98.58000946044922
98.23001098632813
97.69000244140625
99.11000061035156
99.12001037597656
98.47000122070313
99.94000244140625
100.30999755859375
99.35000610351563
98.4800033569336
98.34000396728516
98.0
99.7800064086914
98.36000061035156
98.68000030517578
97.90000915527344
99.96000671386719
98.13999938964844
98.0
