95.47000885009766
96.88999938964844
95.44999694824219
96.13999938964844
98.47000122070313
98.74000549316406
97.84000396728516
97.34000396728516
96.85000610351563
96.3600082397461
96.95999908447266
96.75
96.91000366210938
98.27999877929688
97.08000183105469
98.99000549316406
98.15000915527344
97.16999816894531
97.21000671386719
96.72000885009766
96.50000762939453
98.19000244140625
98.43000793457031
96.34001159667969
94.82000732421875
96.58000183105469
97.20000457763672
94.45999908447266
94.5999984741211
97.3800048828125
96.37000274658203
95.58000183105469
96.47000122070313
96.55000305175781
93.84001159667969
94.15000915527344
99.04000091552734
96.34001159667969
95.35000610351563
96.3600082397461
96.83000183105469
97.73001098632813
95.9000015258789
96.81999969482422
97.56000518798828
97.54000854492188
96.29000854492188
95.510009765625
94.91000366210938
93.84001159667969
94.96000671386719
93.5
96.13999938964844
95.42000579833984
95.1300048828125
94.95001220703125
95.8800048828125
95.86000061035156
93.77999877929688
94.85000610351563
93.99000549316406
93.77000427246094
94.52000427246094
93.95000457763672
94.35000610351563
93.20000457763672
91.41000366210938
92.32000732421875
93.32000732421875
93.48999786376953
92.2800064086914
93.46000671386719
94.45000457763672
93.6300048828125
93.20999908447266
93.41999816894531
92.7800064086914
91.31000518798828
90.54000854492188
92.54000854492188
96.06001281738281
94.24000549316406
95.56000518798828
95.44000244140625
95.67000579833984
93.36000061035156
95.54000854492188
96.30000305175781
95.10000610351563
94.41000366210938
95.1300048828125
91.760009765625
92.33000946044922
91.8600082397461
94.17000579833984
92.85000610351563
93.91999816894531
91.88999938964844
93.37001037597656
92.34000396728516
92.56999969482422
93.12000274658203
96.15000915527344
95.86000061035156
93.60000610351563
95.52000427246094
94.16000366210938
93.87000274658203
94.19999694824219
92.70000457763672
93.8800048828125
93.6300048828125
92.96000671386719
94.18000030517578
94.55001068115234
94.58000183105469
95.5
94.21000671386719
94.90000915527344
97.21000671386719
95.91999816894531
94.12001037597656
94.84000396728516
92.4800033569336
92.41000366210938
93.97000122070313
94.66999816894531
94.93000030517578
95.86000061035156
94.24000549316406
92.99000549316406
92.11000061035156
92.58000183105469
92.70000457763672
93.02000427246094
93.8800048828125
92.82000732421875
93.98001098632813
93.41000366210938
94.760009765625
95.02999877929688
94.7300033569336
93.3800048828125
93.89000701904297
93.23001098632813
93.76000213623047
93.17000579833984
95.30999755859375
94.43000793457031
94.77000427246094
93.5
95.1100082397461
94.41000366210938
94.94000244140625
95.23001098632813
95.22000122070313
93.98001098632813
94.7800064086914
95.65000915527344
94.91000366210938
93.80000305175781
93.83000183105469
93.12000274658203
92.66000366210938
92.83000183105469
91.31999969482422
93.1300048828125
93.16000366210938
94.07000732421875
93.68000030517578
92.40000915527344
92.82000732421875
91.39000701904297
93.08999633789063
93.0
94.40000915527344
94.18000030517578
95.72000122070313
94.54000854492188
95.9000015258789
95.16000366210938
95.09001159667969
94.11000061035156
94.6300048828125
94.30000305175781
92.71000671386719
94.62001037597656
94.69001007080078
96.43000793457031
97.70000457763672
97.18000793457031
97.82000732421875
96.79000854492188
97.57000732421875
96.94000244140625
96.13999938964844
96.69000244140625
98.02000427246094
96.57000732421875
95.34000396728516
96.22000885009766
97.04000854492188
97.260009765625
95.5300064086914
96.71000671386719
95.510009765625
93.33000183105469
95.91000366210938
94.83000946044922
94.33000183105469
95.33000183105469
95.9000015258789
95.96000671386719
95.20000457763672
95.73001098632813
95.75000762939453
94.37000274658203
94.12001037597656
94.10000610351563
94.2300033569336
96.66000366210938
96.16000366210938
94.07000732421875
94.45000457763672
93.59000396728516
93.56001281738281
95.39000701904297
94.94000244140625
96.20001220703125
97.05001068115234
97.44000244140625
94.66999816894531
95.1300048828125
94.73999786376953
94.55001068115234
94.00000762939453
93.65000915527344
94.760009765625
94.38999938964844
93.27999877929688
95.4800033569336
93.96000671386719
94.93000030517578
95.06000518798828
96.5300064086914
94.25
94.2800064086914
92.21000671386719
93.26000213623047
91.27000427246094
92.83000183105469
92.07000732421875
92.93000030517578
94.57000732421875
93.10000610351563
95.29000091552734
95.46000671386719
93.41999816894531
96.20001220703125
95.75000762939453
95.08000183105469
96.44000244140625
95.94001007080078
97.19001007080078
95.25000762939453
95.05000305175781
95.73001098632813
92.69000244140625
93.26000213623047
96.18000030517578
95.41000366210938
94.90000915527344
96.59000396728516
95.56000518798828
95.24000549316406
95.6100082397461
95.99000549316406
94.83000946044922
96.62001037597656
95.70000457763672
96.66000366210938
95.22000122070313
97.66999816894531
96.72000885009766
96.87000274658203
96.7800064086914
95.62000274658203
95.41000366210938
94.56000518798828
96.27000427246094
94.2300033569336
94.51000213623047
93.17000579833984
92.41000366210938
92.19001007080078
90.75000762939453
94.04000091552734
92.45001220703125
93.02000427246094
95.33000183105469
93.510009765625
93.83000183105469
91.46000671386719
93.8600082397461
93.94000244140625
94.2800064086914
94.64000701904297
95.77000427246094
95.93000793457031
94.42000579833984
94.80000305175781
92.96000671386719
92.00000762939453
93.1300048828125
91.7800064086914
92.99000549316406
92.80999755859375
97.34000396728516
97.94000244140625
92.00000762939453
93.52000427246094
93.16000366210938
94.69001007080078
93.87000274658203
90.69000244140625
91.83999633789063
91.51000213623047
91.09000396728516
94.61000061035156
91.24000549316406
93.9000015258789
92.51000213623047
94.12001037597656
92.40000915527344
94.08000183105469
95.30000305175781
95.06000518798828
95.1300048828125
95.4800033569336
94.90000915527344
95.66000366210938
94.5999984741211
92.97000885009766
93.20999908447266
92.52000427246094
93.3800048828125
94.21000671386719
93.4000015258789
96.19000244140625
94.08000183105469
94.58000183105469
93.77999877929688
93.46000671386719
95.10000610351563
94.01000213623047
93.99000549316406
95.77999877929688
93.29000854492188
95.41000366210938
95.40000915527344
96.20001220703125
96.80000305175781
97.38999938964844
96.95000457763672
97.32000732421875
96.46000671386719
94.96000671386719
94.61000061035156
93.5
94.05000305175781
95.19000244140625
95.29000091552734
96.8800048828125
95.67000579833984
95.3800048828125
95.34000396728516
96.08000946044922
95.29000091552734
93.48999786376953
94.61000061035156
94.38999938964844
93.6300048828125
95.1500015258789
94.52999877929688
90.5300064086914
91.83999633789063
93.25000762939453
93.52000427246094
93.31000518798828
93.46000671386719
92.86000061035156
93.26000213623047
93.95000457763672
95.47000885009766
93.16000366210938
96.71000671386719
95.08000183105469
96.10000610351563
93.91000366210938
93.7300033569336
93.75
93.4000015258789
93.27999877929688
92.68000793457031
91.83999633789063
91.72000885009766
92.87001037597656
93.89000701904297
91.57000732421875
91.83999633789063
92.75000762939453
91.07000732421875
94.00000762939453
91.69999694824219
94.09000396728516
91.7300033569336
93.55000305175781
90.32000732421875
91.41000366210938
91.3600082397461
92.32000732421875
91.6500015258789
89.760009765625
91.33000183105469
93.34000396728516
94.12001037597656
93.9000015258789
91.95999908447266
94.27000427246094
94.6500015258789
95.65000915527344
95.18000793457031
93.74000549316406
95.07000732421875
96.35000610351563
96.65000915527344
96.83999633789063
96.04000091552734
96.09000396728516
94.73999786376953
93.1100082397461
93.71000671386719
94.3600082397461
94.84000396728516
94.70000457763672
92.71000671386719
94.52999877929688
94.05000305175781
93.29000854492188
93.12000274658203
94.12001037597656
93.25000762939453
93.43000793457031
93.46000671386719
95.32000732421875
92.76000213623047
94.33999633789063
92.6100082397461
94.18000030517578
94.88999938964844
94.48001098632813
92.35000610351563
95.02999877929688
95.10000610351563
93.74000549316406
95.86000061035156
96.88999938964844
95.49000549316406
95.40000915527344
95.74000549316406
94.02000427246094
93.84001159667969
94.10000610351563
94.21000671386719
97.42000579833984
95.21000671386719
95.87001037597656
95.95000457763672
93.56001281738281
95.02999877929688
93.60000610351563
95.19000244140625
93.05000305175781
93.60000610351563
91.0300064086914
94.35000610351563
92.51000213623047
93.72000885009766
91.74000549316406
93.06000518798828
90.83000183105469
93.06000518798828
92.3800048828125
93.89000701904297
91.62001037597656
92.0999984741211
92.21000671386719
92.01000213623047
93.60000610351563
93.55000305175781
93.15000915527344
93.32000732421875
94.15000915527344
93.6300048828125
93.91000366210938
92.41000366210938
91.59000396728516
91.74000549316406
90.62000274658203
90.60000610351563
91.50000762939453
90.72000122070313
94.14000701904297
91.3600082397461
92.62000274658203
91.20001220703125
92.14000701904297
91.6500015258789
92.75000762939453
90.93000793457031
91.21000671386719
93.27999877929688
93.63999938964844
91.69999694824219
94.19000244140625
93.83000183105469
94.45999908447266
95.2800064086914
92.90000915527344
92.34000396728516
93.8800048828125
91.97000122070313
92.93000030517578
90.84000396728516
92.62000274658203
94.25
92.59001159667969
92.00000762939453
91.62001037597656
90.44000244140625
90.67000579833984
91.3800048828125
91.62001037597656
92.56999969482422
93.27999877929688
92.73001098632813
93.47000122070313
93.60000610351563
92.87001037597656
95.1100082397461
94.01000213623047
92.86000061035156
92.77000427246094
93.84001159667969
93.67000579833984
93.46000671386719
93.19000244140625
92.37000274658203
91.2300033569336
91.22000885009766
90.1500015258789
90.44000244140625
90.69000244140625
91.95000457763672
90.8499984741211
91.80000305175781
91.7800064086914
90.8800048828125
90.4800033569336
92.16999816894531
90.87001037597656
91.0300064086914
91.7800064086914
91.3800048828125
93.55000305175781
93.65000915527344
95.02000427246094
92.62000274658203
95.76000213623047
94.7300033569336
94.61000061035156
94.0300064086914
95.39000701904297
95.42000579833984
94.84000396728516
96.50000762939453
95.18000793457031
94.48001098632813
94.16000366210938
94.3600082397461
92.6500015258789
92.05001068115234
91.92000579833984
93.08999633789063
92.08000183105469
92.22000122070313
91.81000518798828
90.77999877929688
92.97000885009766
93.81000518798828
93.81000518798828
94.79000091552734
91.4000015258789
90.58000183105469
92.02000427246094
92.20000457763672
90.9000015258789
91.58000183105469
91.7800064086914
91.95000457763672
91.47000122070313
93.25000762939453
91.47000122070313
93.5300064086914
92.08000183105469
92.3800048828125
91.29000854492188
90.93000793457031
91.8800048828125
93.33000183105469
93.30001068115234
92.80999755859375
93.77999877929688
93.04000854492188
92.84000396728516
93.8600082397461
95.09001159667969
95.37001037597656
95.58999633789063
93.39000701904297
93.72000885009766
93.04000854492188
93.91000366210938
91.20001220703125
93.22000122070313
92.83000183105469
93.5300064086914
93.9000015258789
93.5300064086914
94.42000579833984
95.09001159667969
96.94000244140625
97.66999816894531
96.20001220703125
95.56999969482422
94.33999633789063
95.58999633789063
94.16000366210938
94.25
92.18000793457031
94.94000244140625
92.86000061035156
93.97000122070313
92.2800064086914
93.81000518798828
94.94000244140625
92.71000671386719
94.84000396728516
92.89000701904297
95.55000305175781
94.43000793457031
91.85000610351563
91.50000762939453
93.02000427246094
92.6500015258789
91.29000854492188
91.16000366210938
92.40000915527344
93.23001098632813
92.99000549316406
92.46000671386719
92.58000183105469
92.49000549316406
91.31999969482422
93.08000183105469
93.63999938964844
92.97000885009766
92.2300033569336
92.07000732421875
93.5
94.01000213623047
92.8800048828125
95.34000396728516
94.80000305175781
94.61000061035156
95.58000183105469
94.95001220703125
94.45000457763672
95.05000305175781
93.61000061035156
93.58000946044922
94.04000091552734
93.31000518798828
91.93000793457031
94.86000061035156
94.85000610351563
94.22000885009766
95.1300048828125
93.57000732421875
93.98001098632813
91.75
92.6300048828125
92.40000915527344
93.8800048828125
94.45999908447266
93.3499984741211
93.94000244140625
91.95000457763672
92.56000518798828
93.70001220703125
95.9800033569336
94.66000366210938
94.260009765625
93.13999938964844
92.59001159667969
95.33000183105469
92.7800064086914
92.68000793457031
93.61000061035156
93.26000213623047
92.34000396728516
92.46000671386719
93.0
91.35000610351563
92.84000396728516
92.04000854492188
92.36000061035156
94.16000366210938
94.0300064086914
94.33999633789063
94.70000457763672
94.80000305175781
92.74000549316406
92.21000671386719
90.54000854492188
92.01000213623047
91.99000549316406
89.25
93.13999938964844
93.02000427246094
91.54000091552734
92.45001220703125
92.16999816894531
91.95000457763672
90.3800048828125
91.74000549316406
92.12001037597656
93.41000366210938
92.16000366210938
93.99000549316406
93.45000457763672
93.43000793457031
94.04000091552734
93.69000244140625
92.25
93.06999969482422
92.92000579833984
93.56001281738281
94.8800048828125
94.66000366210938
92.08000183105469
91.59000396728516
91.64000701904297
91.26000213623047
92.08000183105469
91.10000610351563
91.7300033569336
91.6500015258789
91.99000549316406
90.30000305175781
90.02999877929688
89.9800033569336
90.5300064086914
92.07000732421875
89.18000030517578
92.59001159667969
87.32000732421875
90.44999694824219
91.47000122070313
91.69999694824219
91.18000030517578
90.4800033569336
93.20999908447266
92.20000457763672
91.95000457763672
93.71000671386719
90.96000671386719
93.37001037597656
92.76000213623047
92.18000793457031
90.62000274658203
92.94999694824219
92.77000427246094
90.68000793457031
91.93000793457031
93.31000518798828
92.30000305175781
94.51000213623047
93.45000457763672
93.08999633789063
94.0300064086914
92.99000549316406
90.10000610351563
92.07000732421875
92.91000366210938
89.73999786376953
91.87000274658203
93.4000015258789
91.92000579833984
90.79000854492188
91.0300064086914
92.56000518798828
92.73001098632813
93.41000366210938
92.94000244140625
94.17000579833984
93.0
92.76000213623047
93.17000579833984
95.27000427246094
95.22000122070313
93.91000366210938
93.62000274658203
94.11000061035156
94.21000671386719
94.6300048828125
93.58000946044922
93.8600082397461
92.41000366210938
92.260009765625
94.47000122070313
93.4000015258789
92.25
93.74000549316406
91.75
93.47000122070313
93.57000732421875
93.18000793457031
93.33000183105469
93.010009765625
91.88999938964844
91.29000854492188
92.76000213623047
93.6300048828125
93.63999938964844
94.10000610351563
92.66000366210938
93.4800033569336
93.15000915527344
95.09001159667969
94.2300033569336
94.61000061035156
92.66000366210938
92.93000030517578
93.45000457763672
93.70001220703125
94.260009765625
93.56001281738281
92.7800064086914
95.66000366210938
93.26000213623047
94.02000427246094
94.85000610351563
94.66999816894531
93.13999938964844
92.85000610351563
94.24000549316406
94.47000122070313
93.6300048828125
93.26000213623047
93.67000579833984
93.67000579833984
93.45000457763672
91.99000549316406
91.1300048828125
90.6300048828125
90.98999786376953
93.08000183105469
92.54000854492188
93.08999633789063
92.77000427246094
93.4800033569336
94.260009765625
93.44001007080078
92.25
92.83000183105469
94.54000854492188
92.46000671386719
92.75000762939453
92.1500015258789
92.93000030517578
90.44000244140625
91.07000732421875
91.43000793457031
93.26000213623047
89.79000091552734
91.41000366210938
91.17000579833984
91.80000305175781
92.7800064086914
90.75000762939453
92.6100082397461
91.66000366210938
91.17000579833984
91.47000122070313
93.26000213623047
93.44001007080078
93.7300033569336
92.91000366210938
92.6100082397461
93.15000915527344
92.96000671386719
92.18000793457031
90.87001037597656
91.0
92.18000793457031
89.73999786376953
91.74000549316406
90.01000213623047
90.01000213623047
89.9800033569336
89.55001068115234
90.23001098632813
90.96000671386719
93.5300064086914
93.48999786376953
93.61000061035156
93.02000427246094
92.16999816894531
92.56000518798828
92.2800064086914
93.55000305175781
92.20000457763672
92.51000213623047
95.42000579833984
95.0
92.7800064086914
89.75
90.5300064086914
94.05999755859375
94.40000915527344
91.43000793457031
92.14000701904297
89.24000549316406
91.51000213623047
93.77999877929688
91.77000427246094
93.13999938964844
91.45000457763672
92.4800033569336
91.48001098632813
90.18000793457031
89.92000579833984
90.05000305175781
91.83999633789063
89.6300048828125
88.04000854492188
91.08000946044922
90.36000061035156
91.95999908447266
90.4800033569336
90.87001037597656
92.02999877929688
89.2800064086914
92.8800048828125
91.13999938964844
90.94001007080078
91.60000610351563
90.74000549316406
91.33000183105469
90.20000457763672
90.24000549316406
91.6300048828125
91.68000030517578
91.24000549316406
92.66999816894531
91.41999816894531
93.06000518798828
91.71000671386719
93.20000457763672
91.46000671386719
91.85000610351563
92.04000854492188
91.51000213623047
90.6300048828125
90.56000518798828
92.0999984741211
90.29000091552734
90.89000701904297
91.1300048828125
90.06999969482422
90.16999816894531
90.54000854492188
90.23001098632813
91.79000854492188
92.83000183105469
91.57000732421875
91.55999755859375
91.75
91.3800048828125
92.71000671386719
94.10000610351563
93.69000244140625
92.08000183105469
92.04000854492188
93.7300033569336
92.79000091552734
91.62001037597656
91.90000915527344
92.6500015258789
91.62001037597656
90.30999755859375
94.0300064086914
92.84000396728516
92.71000671386719
92.55000305175781
92.60000610351563
91.69000244140625
93.26000213623047
92.68000793457031
92.6100082397461
92.09000396728516
92.60000610351563
92.36000061035156
91.88999938964844
93.70001220703125
92.80999755859375
93.77000427246094
92.41000366210938
92.82000732421875
91.8600082397461
92.07000732421875
93.10000610351563
93.27000427246094
92.4800033569336
92.16999816894531
92.60000610351563
92.2300033569336
91.27999877929688
90.23001098632813
91.41000366210938
93.19000244140625
91.99000549316406
92.77000427246094
93.20999908447266
90.3800048828125
91.57000732421875
90.6300048828125
92.41000366210938
92.37000274658203
91.760009765625
93.22000122070313
92.19001007080078
93.70001220703125
93.26000213623047
91.87000274658203
91.91000366210938
91.31999969482422
91.30000305175781
93.66000366210938
91.18000030517578
91.27000427246094
91.83999633789063
92.30000305175781
89.50000762939453
88.80000305175781
89.80000305175781
90.49000549316406
91.77000427246094
92.52999877929688
91.34001159667969
92.18000793457031
90.05000305175781
91.58000183105469
91.3800048828125
92.0999984741211
90.8800048828125
91.46000671386719
91.27000427246094
91.90000915527344
91.52000427246094
91.25
89.6500015258789
91.94000244140625
90.95000457763672
90.44000244140625
91.29000854492188
91.62001037597656
92.74000549316406
94.87000274658203
92.62000274658203
93.84001159667969
93.4000015258789
94.02000427246094
92.18000793457031
93.18000793457031
92.8800048828125
92.80000305175781
93.89000701904297
91.51000213623047
92.02999877929688
91.41000366210938
92.90000915527344
92.6300048828125
92.25
92.66999816894531
91.98001098632813
92.1500015258789
92.02000427246094
93.12000274658203
91.91000366210938
91.74000549316406
92.71000671386719
92.75000762939453
91.79000854492188
92.42000579833984
92.40000915527344
92.42000579833984
94.40000915527344
91.68000030517578
90.69000244140625
94.22000885009766
92.60000610351563
92.23999786376953
93.05000305175781
92.25
89.7800064086914
91.760009765625
91.48001098632813
89.70000457763672
91.77000427246094
91.22000885009766
91.71000671386719
91.6500015258789
93.25000762939453
92.73001098632813
90.4800033569336
92.6300048828125
93.37001037597656
92.02000427246094
92.62000274658203
90.87001037597656
91.4000015258789
93.47000122070313
93.65000915527344
94.19000244140625
91.57000732421875
92.16999816894531
91.5300064086914
92.16999816894531
91.22000885009766
93.13999938964844
90.43000030517578
87.49000549316406
89.72000122070313
89.47000122070313
90.72999572753906
91.12000274658203
90.21000671386719
89.64000701904297
91.21000671386719
91.22000885009766
87.1500015258789
88.9000015258789
90.1300048828125
90.33000183105469
89.07000732421875
92.14000701904297
90.06999969482422
90.16000366210938
88.18000793457031
89.86000061035156
90.43000030517578
90.26000213623047
90.76000213623047
92.62000274658203
89.77000427246094
90.02999877929688
91.22000885009766
90.23001098632813
90.4800033569336
90.16000366210938
91.6300048828125
93.13999938964844
93.48999786376953
93.44001007080078
94.44000244140625
91.15000915527344
91.68000030517578
90.9000015258789
93.37001037597656
92.1500015258789
93.23001098632813
90.1300048828125
89.84000396728516
90.43000030517578
91.0
91.31000518798828
88.91000366210938
90.19000244140625
89.51000213623047
89.54000854492188
90.35000610351563
93.56001281738281
91.95999908447266
91.7300033569336
91.79000854492188
90.81000518798828
89.07000732421875
89.24000549316406
90.56999969482422
92.23999786376953
92.20000457763672
92.74000549316406
92.44000244140625
93.65000915527344
92.55000305175781
91.94000244140625
93.08000183105469
93.65000915527344
93.05000305175781
93.1100082397461
91.77000427246094
92.16000366210938
92.84000396728516
94.50000762939453
93.61000061035156
92.77000427246094
91.93000793457031
90.52000427246094
90.84000396728516
91.88999938964844
92.25
92.16999816894531
91.67000579833984
92.31001281738281
93.13999938964844
91.09000396728516
92.1300048828125
93.41999816894531
90.54000854492188
91.95000457763672
89.05999755859375
91.010009765625
90.06000518798828
91.27000427246094
90.25000762939453
91.49000549316406
91.18000030517578
92.45001220703125
92.02999877929688
90.9800033569336
94.19000244140625
92.06000518798828
92.1500015258789
92.6500015258789
91.88999938964844
91.83000183105469
91.39000701904297
91.58000183105469
91.17000579833984
91.27000427246094
92.4800033569336
90.75000762939453
91.83000183105469
90.52000427246094
90.79000854492188
90.1100082397461
95.12000274658203
95.95000457763672
94.66000366210938
94.31000518798828
95.29000091552734
94.7300033569336
94.7300033569336
96.11000061035156
95.60000610351563
94.48001098632813
94.49000549316406
94.24000549316406
96.62001037597656
93.57000732421875
91.81999969482422
93.72000885009766
89.88999938964844
90.54000854492188
93.34000396728516
92.97000885009766
92.11000061035156
91.6300048828125
90.1100082397461
90.84000396728516
93.13999938964844
92.19001007080078
92.35000610351563
93.87000274658203
91.93000793457031
91.75
91.69999694824219
93.29000854492188
90.94001007080078
91.48001098632813
89.40000915527344
91.75
92.42000579833984
91.6300048828125
90.91000366210938
91.2300033569336
91.39000701904297
92.14000701904297
91.44000244140625
92.38999938964844
92.21000671386719
91.75
95.20000457763672
92.89000701904297
92.66999816894531
91.83000183105469
91.10000610351563
90.06000518798828
92.62000274658203
91.68000030517578
92.90000915527344
92.25
92.82000732421875
91.46000671386719
92.76000213623047
94.16000366210938
95.84000396728516
93.80000305175781
95.70999908447266
94.760009765625
93.26000213623047
94.84000396728516
95.5300064086914
94.6300048828125
95.8800048828125
96.33000183105469
96.8800048828125
96.37000274658203
94.55001068115234
95.05000305175781
93.25000762939453
95.22000122070313
95.18000793457031
95.3800048828125
97.06000518798828
95.9000015258789
96.74000549316406
95.12000274658203
96.22000885009766
97.25
94.87000274658203
94.57000732421875
92.07000732421875
92.8800048828125
92.55000305175781
93.39000701904297
92.04000854492188
93.52000427246094
92.07000732421875
92.08000183105469
93.58000946044922
92.08000183105469
92.07000732421875
94.5999984741211
93.81000518798828
96.19000244140625
93.94000244140625
95.05000305175781
95.6300048828125
94.90000915527344
95.79000854492188
96.50000762939453
94.80000305175781
96.22000885009766
96.25
98.22000122070313
98.31000518798828
97.25
95.81000518798828
95.27000427246094
96.04000091552734
94.52999877929688
95.46000671386719
95.40000915527344
95.40000915527344
94.85000610351563
93.3800048828125
92.36000061035156
92.1300048828125
94.01000213623047
95.39000701904297
94.72000122070313
94.2300033569336
94.91000366210938
93.45000457763672
93.44001007080078
94.21000671386719
93.69000244140625
93.33000183105469
95.39000701904297
94.40000915527344
93.4800033569336
95.96000671386719
95.19000244140625
94.84000396728516
95.77000427246094
93.39000701904297
94.54000854492188
92.89000701904297
93.24000549316406
92.22000122070313
92.68000793457031
93.6300048828125
93.94000244140625
92.68000793457031
94.45999908447266
95.25000762939453
92.97000885009766
94.57000732421875
95.32000732421875
95.4800033569336
94.49000549316406
95.08000183105469
93.29000854492188
94.04000091552734
94.84000396728516
92.64000701904297
94.08000183105469
93.79000854492188
93.89000701904297
95.25000762939453
94.99000549316406
94.9800033569336
94.3800048828125
92.77000427246094
92.62000274658203
94.01000213623047
91.90000915527344
93.71000671386719
93.27999877929688
92.62000274658203
94.29000854492188
91.93000793457031
92.97000885009766
93.10000610351563
93.46000671386719
93.1100082397461
93.97000122070313
93.06000518798828
94.96000671386719
93.63999938964844
93.08999633789063
95.97000122070313
93.54000091552734
93.3800048828125
95.40000915527344
93.56001281738281
92.22000122070313
91.67000579833984
92.30000305175781
92.27000427246094
93.06000518798828
93.37001037597656
93.89000701904297
92.01000213623047
94.07000732421875
92.05001068115234
92.7800064086914
91.24000549316406
92.56000518798828
92.89000701904297
94.7300033569336
94.66000366210938
93.45000457763672
92.73001098632813
93.70001220703125
94.19000244140625
92.91000366210938
94.19999694824219
93.80000305175781
96.04000091552734
94.75
92.80999755859375
94.21000671386719
93.7300033569336
93.46000671386719
92.19001007080078
92.97000885009766
92.85000610351563
93.58000946044922
92.85000610351563
93.02000427246094
93.8800048828125
94.93000030517578
94.59000396728516
94.70000457763672
94.97000885009766
94.86000061035156
94.5999984741211
94.3800048828125
94.31000518798828
93.57000732421875
93.76000213623047
94.87000274658203
94.56000518798828
93.36000061035156
94.61000061035156
93.89000701904297
97.09000396728516
97.85000610351563
93.83000183105469
94.49000549316406
94.11000061035156
94.6500015258789
93.98001098632813
94.01000213623047
94.07000732421875
95.36000061035156
95.22000122070313
92.77000427246094
92.06000518798828
92.43000030517578
92.01000213623047
91.68000030517578
92.82000732421875
92.55000305175781
92.27000427246094
91.2300033569336
90.5
92.94000244140625
93.60000610351563
91.72000885009766
90.33000183105469
90.30999755859375
91.010009765625
92.21000671386719
92.25
93.48999786376953
94.22000885009766
94.08000183105469
93.27999877929688
92.11000061035156
92.96000671386719
92.1300048828125
91.81999969482422
92.6100082397461
91.24000549316406
91.69000244140625
92.11000061035156
90.97000122070313
88.91999816894531
90.93000793457031
91.98001098632813
92.76000213623047
90.65000915527344
91.59000396728516
92.73001098632813
91.80000305175781
91.08000946044922
90.44999694824219
92.85000610351563
93.30001068115234
92.32000732421875
92.54000854492188
94.00000762939453
92.66999816894531
91.61000061035156
91.49000549316406
92.22000122070313
91.27999877929688
90.58999633789063
91.51000213623047
91.95999908447266
90.63999938964844
92.69000244140625
92.73001098632813
92.51000213623047
92.04000854492188
93.010009765625
92.38999938964844
93.15000915527344
92.32000732421875
92.93000030517578
93.77999877929688
91.29000854492188
91.81999969482422
92.49000549316406
94.07000732421875
92.70000457763672
92.2300033569336
92.4800033569336
92.52999877929688
92.40000915527344
93.08999633789063
92.5
94.52999877929688
93.66000366210938
94.72000122070313
92.6100082397461
93.02000427246094
94.1300048828125
93.60000610351563
93.56001281738281
93.69000244140625
94.05999755859375
94.62001037597656
94.6500015258789
94.70000457763672
95.23001098632813
94.15000915527344
94.83000946044922
95.16999816894531
94.8800048828125
95.55000305175781
94.35000610351563
94.47000122070313
95.20000457763672
94.7800064086914
94.45000457763672
94.41000366210938
95.06000518798828
95.27000427246094
96.7300033569336
95.1100082397461
96.02000427246094
94.24000549316406
95.1100082397461
93.23001098632813
94.72000122070313
94.3600082397461
93.7300033569336
92.5
93.27999877929688
92.70000457763672
91.95999908447266
92.09000396728516
92.33000946044922
92.64000701904297
92.73001098632813
93.08000183105469
92.30000305175781
93.24000549316406
92.8800048828125
92.31001281738281
92.80000305175781
94.19000244140625
93.70001220703125
94.25
94.7800064086914
94.2800064086914
92.40000915527344
93.27999877929688
95.44000244140625
93.54000091552734
94.3600082397461
94.04000091552734
95.30999755859375
92.69000244140625
92.6100082397461
92.02999877929688
92.6300048828125
90.1500015258789
93.71000671386719
94.51000213623047
94.04000091552734
94.29000854492188
93.06000518798828
92.82000732421875
93.06999969482422
94.09000396728516
93.02000427246094
91.81000518798828
93.48999786376953
91.71000671386719
92.07000732421875
91.31999969482422
91.33000183105469
93.23001098632813
91.94000244140625
93.13999938964844
92.96000671386719
91.47000122070313
91.74000549316406
92.80999755859375
92.83000183105469
93.52000427246094
90.94001007080078
92.02999877929688
91.39000701904297
92.8800048828125
92.58000183105469
92.6100082397461
92.18000793457031
91.46000671386719
91.95000457763672
93.25000762939453
94.16000366210938
92.16000366210938
93.17000579833984
93.44001007080078
91.99000549316406
91.66000366210938
93.1100082397461
91.62001037597656
93.48999786376953
94.2800064086914
92.89000701904297
93.41999816894531
94.54000854492188
95.72000122070313
92.68000793457031
92.40000915527344
93.74000549316406
94.260009765625
93.96000671386719
92.25
94.71000671386719
94.0300064086914
93.0
92.46000671386719
92.56000518798828
92.40000915527344
93.52000427246094
94.29000854492188
93.4800033569336
93.94000244140625
93.8600082397461
94.15000915527344
92.21000671386719
92.38999938964844
93.8800048828125
92.59001159667969
92.31001281738281
93.3800048828125
91.55000305175781
92.30000305175781
93.20999908447266
92.49000549316406
93.97000122070313
93.87000274658203
92.76000213623047
94.33999633789063
92.94000244140625
94.02000427246094
92.09000396728516
93.12000274658203
91.81999969482422
93.05000305175781
92.27000427246094
93.70001220703125
92.1500015258789
93.3499984741211
93.85000610351563
93.48999786376953
94.02000427246094
92.66000366210938
94.05000305175781
94.10000610351563
93.19000244140625
93.1100082397461
94.87000274658203
93.3499984741211
91.77000427246094
91.12000274658203
91.80000305175781
92.90000915527344
94.68000793457031
93.56001281738281
93.45000457763672
95.30000305175781
95.52000427246094
96.30000305175781
95.6100082397461
94.19999694824219
92.44000244140625
94.19999694824219
95.30000305175781
95.65000915527344
95.02999877929688
93.27999877929688
94.25
94.80000305175781
93.56001281738281
93.57000732421875
95.75000762939453
94.00000762939453
93.18000793457031
94.1300048828125
93.23001098632813
93.24000549316406
93.17000579833984
91.95000457763672
91.68000030517578
92.89000701904297
93.77000427246094
91.88999938964844
92.43000030517578
91.08000946044922
93.89000701904297
94.14000701904297
94.42000579833984
96.33000183105469
96.51000213623047
96.58000183105469
95.94001007080078
94.91000366210938
94.41000366210938
94.73999786376953
97.00000762939453
96.34001159667969
96.760009765625
96.80000305175781
95.91999816894531
95.32000732421875
95.72000122070313
95.1500015258789
96.6300048828125
93.61000061035156
96.93000793457031
95.10000610351563
94.80000305175781
94.22000885009766
95.93000793457031
95.76000213623047
96.61000061035156
95.01000213623047
95.4800033569336
95.81000518798828
96.65000915527344
96.57000732421875
98.41999816894531
96.46000671386719
95.81000518798828
95.02999877929688
95.16000366210938
96.30000305175781
95.44000244140625
94.44000244140625
93.85000610351563
95.19000244140625
94.50000762939453
94.05000305175781
95.12000274658203
94.12001037597656
95.01000213623047
94.75
94.47000122070313
95.80001068115234
95.05000305175781
95.04000854492188
95.94001007080078
95.04000854492188
95.55000305175781
93.58000946044922
94.19999694824219
92.76000213623047
93.74000549316406
92.2800064086914
93.89000701904297
92.1300048828125
91.8800048828125
91.09000396728516
91.05000305175781
90.81000518798828
90.67000579833984
91.48001098632813
90.72000122070313
90.95000457763672
91.55999755859375
91.85000610351563
89.87000274658203
91.41000366210938
92.68000793457031
93.80000305175781
92.06000518798828
92.8800048828125
92.60000610351563
94.33000183105469
92.51000213623047
91.93000793457031
96.13999938964844
92.92000579833984
94.01000213623047
95.20000457763672
94.99000549316406
95.99000549316406
96.17000579833984
95.32000732421875
94.93000030517578
96.47000122070313
93.84001159667969
94.7300033569336
95.29000091552734
94.64000701904297
93.26000213623047
93.10000610351563
93.54000091552734
93.81999969482422
94.88999938964844
92.66000366210938
94.05000305175781
93.99000549316406
92.35000610351563
92.96000671386719
93.74000549316406
93.25000762939453
92.19001007080078
93.23001098632813
93.48999786376953
94.37000274658203
94.10000610351563
93.96000671386719
95.91999816894531
96.0
97.93000030517578
96.90000915527344
97.00000762939453
94.83000946044922
96.27000427246094
95.3800048828125
95.62000274658203
95.43000030517578
96.35000610351563
95.66000366210938
95.62000274658203
94.12001037597656
93.54000091552734
94.3600082397461
94.52999877929688
94.66000366210938
93.4800033569336
94.31999969482422
93.06999969482422
92.85000610351563
92.20000457763672
92.79000091552734
93.47000122070313
93.52000427246094
94.61000061035156
94.37000274658203
90.98999786376953
94.90000915527344
94.04000091552734
95.34000396728516
93.4800033569336
94.27000427246094
94.19000244140625
93.62000274658203
94.83000946044922
94.55001068115234
94.70000457763672
94.33000183105469
95.21000671386719
94.81001281738281
95.30000305175781
94.9800033569336
96.66000366210938
96.06001281738281
96.39000701904297
94.7800064086914
95.75000762939453
95.9000015258789
95.54000854492188
97.55000305175781
95.96000671386719
95.52000427246094
95.04000854492188
95.9800033569336
96.16000366210938
95.99000549316406
96.6300048828125
96.57000732421875
93.87000274658203
97.46000671386719
97.1500015258789
97.72000122070313
97.42000579833984
96.83999633789063
96.22000885009766
95.32000732421875
96.46000671386719
94.75
94.2800064086914
95.63999938964844
94.87000274658203
95.30000305175781
94.30000305175781
96.58000183105469
95.56000518798828
94.97000885009766
94.41000366210938
94.260009765625
94.41000366210938
93.85000610351563
93.08999633789063
93.99000549316406
94.05000305175781
92.49000549316406
92.20000457763672
