106.74000549316406
108.8600082397461
107.85000610351563
107.22000122070313
107.89000701904297
108.42001342773438
108.85000610351563
107.79000091552734
107.34000396728516
107.60000610351563
108.3800048828125
107.85000610351563
108.98001098632813
110.37001037597656
110.09001159667969
110.8800048828125
110.76000213623047
109.17000579833984
110.02000427246094
108.5300064086914
108.41000366210938
110.93000793457031
110.08000183105469
108.9000015258789
108.39000701904297
109.31000518798828
109.8800048828125
109.07000732421875
109.0300064086914
110.49000549316406
109.09000396728516
107.9800033569336
107.72000122070313
108.93000793457031
106.59000396728516
107.33000946044922
110.37001037597656
108.79000854492188
108.45000457763672
107.66000366210938
108.85000610351563
108.63999938964844
107.35000610351563
107.35000610351563
109.18000030517578
109.16000366210938
109.31999969482422
108.4800033569336
108.99000549316406
106.9100112915039
109.40000915527344
107.02000427246094
109.56000518798828
110.41000366210938
110.6600112915039
111.07000732421875
110.85000610351563
111.94000244140625
110.21000671386719
110.67000579833984
109.81001281738281
108.85000610351563
110.02999877929688
108.63999938964844
109.3600082397461
108.87000274658203
108.010009765625
108.5
107.38999938964844
108.79000854492188
107.64000701904297
108.63999938964844
108.99000549316406
108.68000793457031
108.74000549316406
108.5300064086914
108.30001068115234
107.17001342773438
106.69000244140625
106.46000671386719
110.8800048828125
110.55000305175781
109.79000091552734
111.54000091552734
110.86000061035156
109.69001007080078
110.33000946044922
111.81000518798828
108.96000671386719
108.36000061035156
108.22000122070313
106.22000885009766
105.60000610351563
107.07000732421875
106.80000305175781
105.6100082397461
107.91000366210938
105.87001037597656
106.5300064086914
107.59001159667969
107.38999938964844
107.1300048828125
109.7300033569336
110.01000213623047
108.44001007080078
107.90000915527344
108.05000305175781
107.94999694824219
110.12000274658203
108.87000274658203
110.20000457763672
110.60000610351563
108.99000549316406
110.76000213623047
110.54000854492188
110.91000366210938
110.85000610351563
108.76000213623047
108.95000457763672
111.80000305175781
108.5300064086914
107.72000122070313
108.05000305175781
108.12000274658203
106.87000274658203
110.20000457763672
109.57000732421875
108.91999816894531
110.44999694824219
108.510009765625
106.55000305175781
107.9800033569336
107.94000244140625
108.84001159667969
108.97000122070313
109.66000366210938
108.59000396728516
109.91000366210938
109.62001037597656
110.41000366210938
111.8800048828125
111.06001281738281
109.75
109.99000549316406
109.08000946044922
111.41999816894531
109.91000366210938
110.96000671386719
110.16000366210938
110.85000610351563
109.68000793457031
112.02000427246094
111.81000518798828
111.3800048828125
110.510009765625
110.47000885009766
109.62001037597656
110.39000701904297
111.27000427246094
110.1300048828125
109.12001037597656
109.68000793457031
109.71000671386719
111.44000244140625
110.70000457763672
108.69000244140625
109.25
109.3800048828125
109.95001220703125
110.22000122070313
110.19000244140625
110.55000305175781
108.91000366210938
109.70000457763672
107.31001281738281
110.12000274658203
107.90000915527344
111.31000518798828
111.17000579833984
112.01000213623047
111.760009765625
110.33000946044922
110.04000854492188
110.1500015258789
110.21000671386719
110.5300064086914
111.35000610351563
111.8800048828125
112.6100082397461
112.62000274658203
110.95000457763672
112.30000305175781
111.08000946044922
112.46000671386719
110.6300048828125
111.12000274658203
110.510009765625
112.06000518798828
111.0300064086914
109.45000457763672
109.33000183105469
109.88999938964844
110.8800048828125
110.77000427246094
111.55000305175781
110.3800048828125
108.19000244140625
111.66000366210938
109.2800064086914
110.70999908447266
110.25000762939453
109.94000244140625
109.57000732421875
109.07000732421875
110.59001159667969
109.35000610351563
109.34001159667969
108.68000793457031
108.93000793457031
108.36000061035156
110.00000762939453
110.6600112915039
109.64000701904297
109.68000793457031
107.85000610351563
108.29000854492188
109.35000610351563
109.42000579833984
109.16000366210938
110.30000305175781
110.21000671386719
108.34000396728516
109.45999908447266
109.52000427246094
107.47000885009766
107.71000671386719
107.2300033569336
106.69999694824219
107.4800033569336
106.27999877929688
107.06000518798828
107.16000366210938
107.43000793457031
108.42001342773438
107.38999938964844
106.5300064086914
105.25000762939453
104.48001098632813
105.52000427246094
103.20999908447266
106.39000701904297
105.74000549316406
106.18000030517578
108.29000854492188
105.8499984741211
107.01000213623047
107.25
106.79000854492188
106.69999694824219
107.46000671386719
108.02000427246094
107.84000396728516
106.010009765625
107.86000061035156
107.45001220703125
106.77000427246094
108.32000732421875
105.40000915527344
105.83000183105469
108.42001342773438
108.54000091552734
109.05000305175781
109.05000305175781
107.32000732421875
108.1300048828125
108.17000579833984
109.75
110.04000854492188
109.51000213623047
110.1100082397461
110.55000305175781
108.6300048828125
110.97000122070313
110.16000366210938
108.66000366210938
109.02000427246094
108.96000671386719
108.94000244140625
106.90000915527344
109.3600082397461
108.32000732421875
108.43000793457031
107.80000305175781
107.68000793457031
109.79000091552734
108.79000854492188
111.3600082397461
110.14000701904297
111.46000671386719
112.02999877929688
110.9000015258789
109.90000915527344
107.89000701904297
109.04000091552734
109.11000061035156
109.92000579833984
109.77000427246094
110.76000213623047
112.2800064086914
109.50000762939453
110.67000579833984
108.25000762939453
110.56999969482422
111.08000946044922
109.96000671386719
110.68000793457031
111.25000762939453
111.27999877929688
111.59000396728516
109.47000122070313
111.55000305175781
110.6600112915039
111.7300033569336
109.68000793457031
109.27000427246094
109.45999908447266
109.35000610351563
108.94000244140625
110.16000366210938
108.3499984741211
109.58000183105469
110.10000610351563
110.70000457763672
108.94000244140625
109.71000671386719
110.6100082397461
110.86000061035156
110.94001007080078
111.3800048828125
110.82000732421875
112.54000854492188
111.74000549316406
110.58000183105469
111.13999938964844
110.18000793457031
109.95001220703125
111.9100112915039
109.92000579833984
112.85000610351563
112.29000091552734
111.02000427246094
110.62000274658203
109.80000305175781
109.47000122070313
109.1300048828125
110.14000701904297
109.44000244140625
108.69000244140625
109.18000030517578
109.1300048828125
111.54000091552734
111.05000305175781
110.49000549316406
110.83000183105469
110.23001098632813
111.18000793457031
109.86000061035156
109.60000610351563
108.27999877929688
107.34000396728516
109.0300064086914
109.29000854492188
109.94000244140625
109.21000671386719
110.99000549316406
110.02000427246094
110.1300048828125
108.72000885009766
107.34000396728516
106.8800048828125
106.94000244140625
107.47000885009766
109.09000396728516
109.08000946044922
107.77000427246094
108.18000793457031
108.87000274658203
108.13999938964844
107.31001281738281
108.84001159667969
109.37000274658203
109.37000274658203
110.56000518798828
110.85000610351563
108.62000274658203
111.37000274658203
110.89000701904297
112.08000183105469
111.72000885009766
111.19000244140625
109.96000671386719
109.66000366210938
111.72000885009766
110.16000366210938
109.44000244140625
108.29000854492188
109.84000396728516
110.65000915527344
109.02000427246094
108.27000427246094
108.87000274658203
108.37001037597656
109.1300048828125
107.54000854492188
108.33000183105469
109.2300033569336
109.49000549316406
107.760009765625
108.0
108.18000793457031
108.63999938964844
108.60000610351563
106.8800048828125
107.02999877929688
108.96000671386719
107.27000427246094
108.4800033569336
106.17000579833984
107.9800033569336
108.66000366210938
110.36000061035156
109.50000762939453
109.79000091552734
109.87000274658203
110.82000732421875
111.98001098632813
112.2800064086914
111.55999755859375
109.92000579833984
110.72000122070313
111.84001159667969
110.54000854492188
110.25000762939453
109.31999969482422
110.37001037597656
109.02000427246094
108.62000274658203
109.71000671386719
109.19999694824219
110.9000015258789
111.21000671386719
112.11000061035156
111.04000091552734
110.80001068115234
111.7300033569336
110.07000732421875
110.19000244140625
109.16000366210938
110.65000915527344
110.99000549316406
110.43000030517578
108.99000549316406
110.95000457763672
110.41000366210938
110.73001098632813
113.12000274658203
113.4000015258789
111.54000091552734
112.33000946044922
112.6100082397461
112.33000946044922
111.88999938964844
112.94999694824219
111.99000549316406
112.6500015258789
112.71000671386719
111.93000793457031
112.12001037597656
110.93000793457031
111.05000305175781
108.57000732421875
110.70999908447266
110.24000549316406
110.16999816894531
108.82000732421875
109.79000091552734
109.34001159667969
111.06001281738281
108.69000244140625
109.94000244140625
107.58000183105469
108.05000305175781
109.43000793457031
109.47000122070313
108.62000274658203
107.4800033569336
107.6300048828125
109.31000518798828
110.08000183105469
110.49000549316406
110.87001037597656
110.87001037597656
110.47000885009766
111.09000396728516
109.88999938964844
108.3499984741211
107.04000854492188
107.24000549316406
105.4800033569336
105.95000457763672
107.66000366210938
107.84000396728516
110.25000762939453
108.1100082397461
109.31999969482422
107.00000762939453
108.84001159667969
108.32000732421875
109.0300064086914
105.25000762939453
106.57000732421875
108.47000122070313
107.64000701904297
104.9800033569336
107.18000793457031
107.82000732421875
107.73001098632813
109.87000274658203
107.45001220703125
107.66999816894531
107.82000732421875
106.32000732421875
107.66000366210938
106.19000244140625
107.35000610351563
108.34000396728516
107.09000396728516
106.98001098632813
108.0300064086914
107.07000732421875
107.21000671386719
107.6300048828125
107.79000091552734
107.64000701904297
107.60000610351563
108.80000305175781
107.37000274658203
108.22000122070313
107.54000854492188
108.55000305175781
108.76000213623047
107.49000549316406
106.85000610351563
106.50000762939453
107.47000885009766
107.11000061035156
106.66000366210938
105.77000427246094
105.97000122070313
104.80000305175781
104.55001068115234
105.65000915527344
107.36000061035156
108.1300048828125
106.31000518798828
104.95001220703125
105.20000457763672
105.02999877929688
104.86000061035156
106.29000854492188
105.63999938964844
107.91000366210938
107.80000305175781
107.87001037597656
108.60000610351563
108.96000671386719
108.95000457763672
106.09000396728516
108.8800048828125
108.96000671386719
109.2800064086914
110.08000183105469
110.52001190185547
111.88999938964844
111.49000549316406
111.49000549316406
110.79000854492188
109.94000244140625
108.44001007080078
108.47000122070313
107.75000762939453
108.20999908447266
108.69000244140625
109.71000671386719
108.36000061035156
109.00000762939453
106.99000549316406
106.94000244140625
108.4800033569336
108.57000732421875
108.66000366210938
110.00000762939453
104.68000793457031
106.02000427246094
107.1500015258789
107.21000671386719
106.510009765625
108.3499984741211
109.3800048828125
107.62000274658203
108.55000305175781
110.16999816894531
108.59000396728516
110.62000274658203
109.14000701904297
109.12001037597656
108.71000671386719
108.68000793457031
108.0300064086914
110.9000015258789
110.29000091552734
109.40000915527344
111.15000915527344
111.510009765625
110.42000579833984
112.00000762939453
110.97000122070313
112.10000610351563
112.69001007080078
111.22000885009766
111.77001190185547
109.3800048828125
109.25
107.91000366210938
109.21000671386719
108.13999938964844
108.68000793457031
108.1600112915039
108.15000915527344
110.46000671386719
110.83000183105469
110.89000701904297
112.21000671386719
108.77999877929688
109.55001068115234
108.60000610351563
109.67001342773438
109.2800064086914
109.760009765625
107.06000518798828
110.08000183105469
108.77000427246094
109.760009765625
108.24000549316406
109.42000579833984
108.39000701904297
106.88999938964844
108.510009765625
106.69000244140625
108.45000457763672
108.43000793457031
108.1300048828125
108.15000915527344
110.70000457763672
109.19999694824219
108.54000091552734
108.15000915527344
107.91000366210938
108.25000762939453
107.1300048828125
107.4800033569336
107.58000183105469
106.71000671386719
106.52000427246094
106.27000427246094
107.18000793457031
107.8800048828125
108.81000518798828
106.90000915527344
108.68000793457031
108.47000122070313
108.95000457763672
110.5
109.60000610351563
109.3600082397461
109.04000091552734
108.87000274658203
108.71000671386719
108.75000762939453
108.91999816894531
107.18000793457031
108.27000427246094
108.63999938964844
107.70000457763672
108.61000061035156
108.27000427246094
108.6300048828125
107.96000671386719
106.8600082397461
107.33000946044922
106.8800048828125
107.24000549316406
107.45001220703125
107.84000396728516
108.57000732421875
107.80000305175781
107.9800033569336
107.1300048828125
107.06000518798828
109.05000305175781
109.260009765625
107.60000610351563
107.21000671386719
107.09000396728516
107.73001098632813
108.94000244140625
107.1300048828125
106.60000610351563
108.09001159667969
107.4800033569336
108.94000244140625
108.05000305175781
107.37000274658203
106.69999694824219
106.81000518798828
107.02999877929688
108.41000366210938
108.5300064086914
109.10000610351563
108.4800033569336
108.27999877929688
107.94999694824219
107.12001037597656
105.68000793457031
105.41000366210938
106.72000885009766
106.61000061035156
104.67001342773438
108.08000183105469
109.05999755859375
107.80000305175781
107.45001220703125
107.36000061035156
107.6300048828125
107.94999694824219
108.0
107.32000732421875
107.86000061035156
106.15000915527344
109.08000946044922
108.510009765625
108.1100082397461
108.29000854492188
109.010009765625
108.6300048828125
109.05000305175781
108.0
109.07000732421875
108.76000213623047
109.05999755859375
107.51000213623047
108.66000366210938
107.46000671386719
107.32000732421875
107.20000457763672
105.82000732421875
106.61000061035156
107.22000122070313
107.21000671386719
104.9800033569336
104.16000366210938
105.46000671386719
105.70999908447266
107.00000762939453
104.5999984741211
108.010009765625
102.37000274658203
105.14000701904297
105.79000854492188
104.35000610351563
104.47000122070313
104.66000366210938
107.36000061035156
106.99000549316406
107.38999938964844
108.41000366210938
105.22000122070313
105.1100082397461
106.3600082397461
104.66000366210938
104.74000549316406
105.80001068115234
107.14000701904297
105.2800064086914
104.49000549316406
107.59001159667969
107.58000183105469
107.99000549316406
108.5
107.89000701904297
108.41000366210938
106.16000366210938
106.7300033569336
106.9100112915039
108.3499984741211
106.10000610351563
105.62000274658203
107.6100082397461
106.88999938964844
106.010009765625
106.27999877929688
108.89000701904297
107.66999816894531
107.94000244140625
108.44001007080078
109.52000427246094
107.30000305175781
108.23001098632813
108.18000793457031
109.3600082397461
110.510009765625
108.06999969482422
108.87000274658203
108.3499984741211
109.010009765625
111.37000274658203
109.4100112915039
109.6300048828125
110.05000305175781
108.99000549316406
110.07000732421875
108.82000732421875
107.9800033569336
109.38999938964844
107.74000549316406
107.96000671386719
107.66999816894531
107.260009765625
107.6300048828125
107.1500015258789
108.12000274658203
108.0
108.23001098632813
109.38999938964844
109.15000915527344
108.89000701904297
107.94999694824219
109.68000793457031
109.51000213623047
109.79000091552734
110.40000915527344
109.91000366210938
108.33000183105469
110.39000701904297
107.93000030517578
108.44001007080078
107.50000762939453
109.22000885009766
108.63999938964844
110.02999877929688
109.75
109.35000610351563
108.20000457763672
109.95001220703125
108.85000610351563
110.75000762939453
110.5
110.49000549316406
109.4100112915039
110.30000305175781
109.44000244140625
109.4100112915039
109.88999938964844
108.4000015258789
107.8800048828125
107.87001037597656
106.49000549316406
109.14000701904297
108.20000457763672
109.29000854492188
110.05000305175781
109.45999908447266
109.49000549316406
109.42000579833984
108.24000549316406
109.12001037597656
109.4100112915039
108.25000762939453
108.77000427246094
109.29000854492188
110.94001007080078
109.0300064086914
108.93000793457031
108.81000518798828
111.50000762939453
107.77000427246094
109.22000885009766
109.33000183105469
109.64000701904297
110.30000305175781
107.86000061035156
110.62000274658203
110.41000366210938
110.58000183105469
109.84000396728516
110.54000854492188
110.37001037597656
110.55000305175781
110.77000427246094
111.16000366210938
111.09000396728516
110.69000244140625
110.02000427246094
108.81000518798828
108.8600082397461
108.89000701904297
108.43000793457031
109.22000885009766
108.4800033569336
108.98001098632813
109.59000396728516
109.6500015258789
108.87000274658203
109.4100112915039
110.59001159667969
109.47000122070313
108.24000549316406
108.69000244140625
108.57000732421875
108.63999938964844
108.47000122070313
109.27000427246094
108.31000518798828
108.74000549316406
109.4100112915039
110.80001068115234
107.90000915527344
107.12001037597656
107.83000946044922
109.83000946044922
110.6100082397461
107.82000732421875
108.84001159667969
107.49000549316406
106.64000701904297
108.70001220703125
108.10000610351563
108.45000457763672
107.62000274658203
107.260009765625
107.22000122070313
108.1300048828125
107.04000854492188
107.96000671386719
108.31000518798828
106.69000244140625
107.71000671386719
110.05000305175781
108.20000457763672
108.80000305175781
107.260009765625
108.77999877929688
109.71000671386719
105.76000213623047
109.34001159667969
106.50000762939453
108.27000427246094
108.5300064086914
107.77000427246094
108.44001007080078
107.94999694824219
107.90000915527344
108.44001007080078
108.19000244140625
108.06000518798828
109.10000610351563
108.10000610351563
108.62000274658203
110.12000274658203
110.93000793457031
108.9000015258789
109.42000579833984
109.45000457763672
109.07000732421875
108.39000701904297
108.45000457763672
109.84000396728516
106.26000213623047
108.77000427246094
108.60000610351563
108.12000274658203
108.30001068115234
109.04000091552734
107.93000030517578
108.61000061035156
109.56000518798828
108.84001159667969
109.08000946044922
107.87001037597656
106.83000183105469
109.43000793457031
109.19999694824219
108.82000732421875
109.29000854492188
108.85000610351563
109.38999938964844
109.4100112915039
108.54000091552734
108.91999816894531
108.9000015258789
107.07000732421875
108.56001281738281
109.45000457763672
108.05000305175781
109.40000915527344
108.57000732421875
108.24000549316406
108.27000427246094
109.57000732421875
106.98001098632813
107.260009765625
107.97000885009766
107.90000915527344
107.75000762939453
106.69000244140625
108.5300064086914
107.68000793457031
107.94999694824219
107.9800033569336
106.27000427246094
106.33000183105469
106.35000610351563
106.72000885009766
107.90000915527344
106.85000610351563
109.52000427246094
107.87001037597656
109.260009765625
108.8600082397461
108.52000427246094
108.94000244140625
108.54000091552734
108.71000671386719
109.3600082397461
109.24000549316406
108.42001342773438
110.6600112915039
109.0300064086914
110.83000183105469
109.45999908447266
108.55000305175781
109.010009765625
109.0300064086914
107.40000915527344
106.83000183105469
106.77000427246094
107.05001068115234
107.80000305175781
106.65000915527344
107.72000122070313
106.62001037597656
107.38999938964844
107.68000793457031
107.80999755859375
105.46000671386719
105.6300048828125
107.0999984741211
108.54000091552734
107.18000793457031
106.67000579833984
107.58000183105469
107.04000854492188
106.80000305175781
107.20000457763672
107.31001281738281
107.97000885009766
107.760009765625
107.56000518798828
107.52999877929688
106.93000793457031
106.64000701904297
107.00000762939453
106.84001159667969
108.84001159667969
108.61000061035156
107.47000885009766
107.55000305175781
108.3800048828125
108.20999908447266
109.02000427246094
106.27000427246094
106.17000579833984
106.85000610351563
108.56001281738281
108.15000915527344
108.75000762939453
109.87000274658203
108.72000885009766
107.80999755859375
107.760009765625
107.30000305175781
106.37000274658203
108.25000762939453
107.21000671386719
107.24000549316406
107.75000762939453
106.17000579833984
105.80001068115234
108.05000305175781
107.18000793457031
106.18000030517578
107.09000396728516
106.93000793457031
107.46000671386719
108.4800033569336
107.69000244140625
106.59000396728516
106.55000305175781
108.0
107.6500015258789
106.79000854492188
109.80000305175781
107.38999938964844
107.87001037597656
109.07000732421875
109.0300064086914
108.10000610351563
110.27000427246094
108.91000366210938
109.37000274658203
109.260009765625
109.35000610351563
110.10000610351563
110.75000762939453
110.49000549316406
111.50000762939453
108.58000946044922
111.69000244140625
111.68000030517578
110.77000427246094
112.68000793457031
110.1300048828125
110.67000579833984
111.52000427246094
109.85000610351563
110.20000457763672
109.7300033569336
108.77000427246094
107.80000305175781
108.70001220703125
105.9000015258789
108.80000305175781
106.99000549316406
105.37001037597656
106.80000305175781
107.57000732421875
108.20999908447266
107.96000671386719
107.99000549316406
108.04000854492188
109.88999938964844
109.75
105.6300048828125
106.11000061035156
108.06999969482422
108.13999938964844
106.760009765625
110.21000671386719
108.66000366210938
108.70001220703125
107.66000366210938
108.42001342773438
110.08000183105469
109.86000061035156
108.71000671386719
108.12000274658203
107.87001037597656
108.61000061035156
110.46000671386719
109.43000793457031
109.51000213623047
108.93000793457031
108.25000762939453
107.97000885009766
108.54000091552734
109.08000946044922
109.47000122070313
109.21000671386719
109.24000549316406
108.7300033569336
109.14000701904297
109.33000183105469
110.5300064086914
108.27000427246094
108.52000427246094
108.81000518798828
111.13999938964844
109.010009765625
106.75
108.8600082397461
108.44001007080078
108.17000579833984
107.66000366210938
109.44000244140625
109.37000274658203
108.5300064086914
109.1300048828125
109.8800048828125
108.06000518798828
107.49000549316406
108.98001098632813
108.33000183105469
109.09000396728516
107.66999816894531
107.18000793457031
107.3800048828125
107.9800033569336
107.44000244140625
109.57000732421875
108.43000793457031
107.50000762939453
107.6100082397461
106.11000061035156
106.010009765625
108.18000793457031
106.68000030517578
106.67000579833984
105.04000854492188
106.87000274658203
105.25000762939453
105.99000549316406
106.60000610351563
106.54000091552734
107.84000396728516
107.85000610351563
110.10000610351563
109.77000427246094
108.9000015258789
110.12000274658203
110.30000305175781
107.89000701904297
108.61000061035156
107.83000946044922
106.7300033569336
106.66000366210938
105.96000671386719
106.41000366210938
107.1500015258789
106.58000946044922
106.55999755859375
107.01000213623047
107.4800033569336
108.8600082397461
108.52000427246094
107.1500015258789
106.68000030517578
105.41000366210938
106.81000518798828
106.55999755859375
107.60000610351563
106.45000457763672
108.1300048828125
108.60000610351563
107.08000183105469
107.68000793457031
107.22000122070313
106.99000549316406
108.24000549316406
106.98001098632813
108.30001068115234
107.17001342773438
106.3600082397461
105.83000183105469
106.66000366210938
108.29000854492188
106.20001220703125
106.79000854492188
105.75000762939453
108.010009765625
107.760009765625
107.56000518798828
108.44001007080078
109.55001068115234
108.20000457763672
106.45000457763672
105.81000518798828
107.80000305175781
107.52000427246094
108.0300064086914
107.6500015258789
108.0300064086914
107.43000793457031
106.39000701904297
106.27000427246094
105.8800048828125
109.16000366210938
108.20000457763672
107.52999877929688
106.64000701904297
106.69999694824219
107.37000274658203
107.2800064086914
105.35000610351563
108.4800033569336
108.36000061035156
107.77000427246094
109.29000854492188
108.7300033569336
109.67001342773438
108.36000061035156
108.8800048828125
109.35000610351563
109.68000793457031
107.19001007080078
108.94000244140625
108.02000427246094
110.09001159667969
109.21000671386719
107.06000518798828
107.43000793457031
108.18000793457031
107.82000732421875
107.04000854492188
108.32000732421875
108.27000427246094
107.94999694824219
108.02000427246094
105.96000671386719
107.7800064086914
109.54000854492188
108.63999938964844
108.09001159667969
105.33000946044922
107.85000610351563
108.87000274658203
106.05000305175781
107.33000946044922
107.99000549316406
108.55000305175781
108.3800048828125
107.87001037597656
106.97000122070313
106.57000732421875
106.81000518798828
107.51000213623047
106.95000457763672
109.83000946044922
108.54000091552734
109.7800064086914
108.0300064086914
106.95999908447266
109.010009765625
108.3800048828125
108.49000549316406
107.6100082397461
108.42001342773438
109.31000518798828
107.43000793457031
107.6300048828125
108.23001098632813
107.97000885009766
108.17000579833984
108.55000305175781
107.47000885009766
106.32000732421875
108.7300033569336
107.44000244140625
107.51000213623047
106.7300033569336
107.06000518798828
107.06000518798828
107.11000061035156
107.64000701904297
107.40000915527344
108.49000549316406
107.16000366210938
108.15000915527344
109.59000396728516
109.2800064086914
109.95001220703125
109.14000701904297
108.84001159667969
110.19000244140625
109.54000854492188
107.99000549316406
106.32000732421875
107.72000122070313
108.0300064086914
108.69000244140625
109.31999969482422
109.02000427246094
109.19999694824219
109.60000610351563
109.3600082397461
110.52001190185547
110.44999694824219
108.9000015258789
109.16000366210938
110.6600112915039
110.2800064086914
110.05000305175781
111.55999755859375
110.83000183105469
110.01000213623047
109.94000244140625
110.70000457763672
109.2300033569336
109.260009765625
108.57000732421875
109.55001068115234
107.73001098632813
108.3499984741211
108.81000518798828
108.08000183105469
108.97000122070313
109.58000183105469
108.09001159667969
109.66000366210938
110.42000579833984
109.82000732421875
110.43000030517578
110.1300048828125
109.52999877929688
109.08000946044922
109.7800064086914
108.67000579833984
109.68000793457031
108.97000122070313
108.85000610351563
108.510009765625
109.35000610351563
109.33000183105469
108.98001098632813
110.18000793457031
109.09000396728516
108.99000549316406
107.80999755859375
106.2300033569336
106.8800048828125
105.8800048828125
108.1300048828125
107.19001007080078
106.10000610351563
106.24000549316406
106.0
107.90000915527344
108.22000122070313
109.97000885009766
109.52999877929688
110.02000427246094
109.94000244140625
109.97000885009766
109.66000366210938
108.06000518798828
110.34000396728516
109.15000915527344
109.79000091552734
109.86000061035156
109.70000457763672
108.79000854492188
109.05999755859375
108.82000732421875
109.75
108.61000061035156
108.76000213623047
108.46000671386719
108.26000213623047
109.34001159667969
107.70000457763672
107.68000793457031
108.22000122070313
109.05999755859375
108.05000305175781
109.74000549316406
109.66000366210938
108.13999938964844
109.30000305175781
108.60000610351563
110.4800033569336
108.10000610351563
109.33000183105469
110.84000396728516
111.71000671386719
110.6100082397461
110.16000366210938
110.39000701904297
110.44999694824219
110.01000213623047
108.79000854492188
108.75000762939453
109.74000549316406
108.87000274658203
107.94999694824219
109.04000091552734
108.69000244140625
108.91999816894531
109.55001068115234
109.2800064086914
109.67001342773438
108.95000457763672
108.26000213623047
108.54000091552734
110.18000793457031
109.18000030517578
109.43000793457031
110.1500015258789
110.04000854492188
109.79000091552734
110.08000183105469
109.24000549316406
110.41000366210938
110.1300048828125
109.05000305175781
109.77000427246094
109.4100112915039
111.30000305175781
111.46000671386719
110.89000701904297
110.510009765625
112.1300048828125
110.32000732421875
109.7300033569336
109.69001007080078
110.02999877929688
109.10000610351563
109.14000701904297
109.7800064086914
110.5
109.35000610351563
109.37000274658203
109.3800048828125
110.55000305175781
111.67000579833984
108.46000671386719
110.00000762939453
111.21000671386719
109.85000610351563
110.87001037597656
109.7800064086914
112.21000671386719
110.18000793457031
110.56000518798828
110.09001159667969
109.59000396728516
111.11000061035156
110.25000762939453
109.27000427246094
109.19000244140625
109.40000915527344
110.30999755859375
110.02999877929688
110.01000213623047
109.55001068115234
109.3800048828125
109.25
107.91000366210938
107.21000671386719
107.77000427246094
108.6300048828125
108.77999877929688
108.36000061035156
108.54000091552734
109.57000732421875
108.91999816894531
109.96000671386719
108.87000274658203
109.50000762939453
109.59000396728516
108.69000244140625
110.68000793457031
110.32000732421875
108.93000793457031
108.34000396728516
109.55001068115234
109.7300033569336
108.18000793457031
109.94000244140625
109.02000427246094
109.52000427246094
108.5
110.24000549316406
108.5300064086914
109.31999969482422
107.20000457763672
109.60000610351563
109.15000915527344
108.9000015258789
107.8800048828125
108.39000701904297
110.6600112915039
109.50000762939453
110.56999969482422
109.82000732421875
109.56000518798828
109.0300064086914
111.19000244140625
111.10000610351563
111.50000762939453
110.29000091552734
111.26000213623047
109.92000579833984
109.86000061035156
110.70999908447266
109.02000427246094
108.13999938964844
108.97000122070313
109.04000091552734
110.72000122070313
109.97000885009766
109.31999969482422
109.87000274658203
111.010009765625
110.16999816894531
110.3800048828125
109.45000457763672
110.2800064086914
108.18000793457031
109.7800064086914
111.55000305175781
110.36000061035156
110.6100082397461
111.29000854492188
110.65000915527344
111.33000183105469
112.52999877929688
112.12001037597656
112.06000518798828
110.70999908447266
110.84000396728516
109.51000213623047
111.0
111.69999694824219
109.66000366210938
109.61000061035156
109.91000366210938
109.86000061035156
109.48001098632813
109.38999938964844
109.44000244140625
109.88999938964844
111.81000518798828
111.41000366210938
109.93000793457031
110.56999969482422
110.69000244140625
109.81001281738281
109.51000213623047
109.96000671386719
111.12000274658203
111.25000762939453
112.94999694824219
110.47000885009766
109.05999755859375
109.14000701904297
109.95001220703125
108.6300048828125
108.76000213623047
110.6600112915039
110.84000396728516
107.9800033569336
108.22000122070313
107.77000427246094
108.80000305175781
108.65000915527344
108.83000183105469
110.76000213623047
109.70000457763672
110.09001159667969
110.89000701904297
110.89000701904297
108.06000518798828
109.14000701904297
108.3800048828125
109.40000915527344
108.79000854492188
109.52999877929688
109.05000305175781
108.17000579833984
107.50000762939453
111.24000549316406
108.93000793457031
109.7800064086914
109.14000701904297
108.27999877929688
109.05000305175781
108.91999816894531
109.14000701904297
108.39000701904297
108.08000183105469
108.63999938964844
108.22000122070313
108.84001159667969
108.08000183105469
107.83000946044922
107.77000427246094
107.91000366210938
106.55999755859375
107.46000671386719
107.73001098632813
106.34001159667969
108.69000244140625
109.09000396728516
108.63999938964844
107.31001281738281
108.68000793457031
108.77999877929688
109.25
109.58000183105469
108.20999908447266
108.7300033569336
109.56000518798828
109.07000732421875
107.75000762939453
106.84001159667969
108.79000854492188
108.81000518798828
108.80000305175781
107.11000061035156
109.22000885009766
108.81000518798828
107.68000793457031
107.74000549316406
108.29000854492188
107.74000549316406
108.80000305175781
108.12000274658203
107.760009765625
107.92000579833984
109.19000244140625
108.63999938964844
108.06000518798828
109.66000366210938
109.40000915527344
108.4800033569336
109.3800048828125
107.89000701904297
109.24000549316406
109.2300033569336
110.22000122070313
110.06000518798828
110.6300048828125
110.86000061035156
109.260009765625
111.43000793457031
110.02999877929688
109.48001098632813
108.6300048828125
109.85000610351563
107.38999938964844
108.22000122070313
109.010009765625
111.04000091552734
111.16000366210938
110.74000549316406
111.54000091552734
110.00000762939453
110.33000946044922
110.02999877929688
109.49000549316406
108.83000183105469
108.89000701904297
108.09001159667969
108.81000518798828
108.59000396728516
108.42001342773438
108.1100082397461
108.05000305175781
110.59001159667969
110.08000183105469
107.62000274658203
108.05000305175781
108.5
109.90000915527344
111.10000610351563
110.97000122070313
110.85000610351563
110.39000701904297
111.52000427246094
110.85000610351563
111.99000549316406
111.24000549316406
108.6300048828125
111.8800048828125
113.1600112915039
111.87000274658203
110.5
112.83000946044922
111.69000244140625
110.83000183105469
111.25000762939453
111.07000732421875
110.46000671386719
110.33000946044922
110.37001037597656
108.74000549316406
110.80001068115234
110.39000701904297
110.25000762939453
111.27999877929688
109.93000793457031
109.62001037597656
110.37001037597656
109.47000122070313
111.15000915527344
110.04000854492188
110.5300064086914
110.73001098632813
110.34000396728516
109.96000671386719
108.29000854492188
110.49000549316406
109.760009765625
109.15000915527344
110.44000244140625
109.62001037597656
109.38999938964844
109.95001220703125
110.2800064086914
111.43000793457031
110.52001190185547
110.65000915527344
109.16000366210938
109.81001281738281
109.12001037597656
110.32000732421875
109.05999755859375
109.38999938964844
108.43000793457031
109.19999694824219
108.43000793457031
109.05999755859375
111.44000244140625
112.02000427246094
111.46000671386719
109.84000396728516
110.44000244140625
110.05000305175781
112.16000366210938
111.60000610351563
109.94000244140625
110.56999969482422
111.22000885009766
109.64000701904297
109.99000549316406
111.3600082397461
110.9800033569336
110.72000122070313
109.4100112915039
109.7800064086914
110.86000061035156
110.25000762939453
109.57000732421875
110.77000427246094
110.12000274658203
110.16000366210938
109.00000762939453
110.510009765625
110.1500015258789
111.77001190185547
109.24000549316406
110.84000396728516
109.66000366210938
109.94000244140625
110.59001159667969
109.92000579833984
108.87000274658203
109.18000030517578
108.91000366210938
109.40000915527344
110.02000427246094
110.23001098632813
110.94001007080078
110.69000244140625
110.260009765625
110.70000457763672
110.91000366210938
110.22000122070313
110.67000579833984
111.04000091552734
109.51000213623047
109.29000854492188
109.86000061035156
110.5300064086914
109.19999694824219
109.37000274658203
110.87001037597656
110.82000732421875
110.33000946044922
110.260009765625
110.70000457763672
110.12000274658203
112.02000427246094
108.85000610351563
108.99000549316406
109.55001068115234
109.84000396728516
110.21000671386719
108.84001159667969
109.90000915527344
110.49000549316406
109.35000610351563
110.4800033569336
109.45000457763672
109.66000366210938
109.6300048828125
108.4800033569336
111.010009765625
109.51000213623047
108.98001098632813
108.9000015258789
109.49000549316406
109.81001281738281
107.6300048828125
108.06000518798828
109.24000549316406
108.010009765625
111.06001281738281
110.30000305175781
108.6300048828125
107.94000244140625
107.70000457763672
107.49000549316406
107.87001037597656
107.99000549316406
108.37001037597656
109.6300048828125
109.45999908447266
109.10000610351563
108.08000183105469
108.47000122070313
109.05000305175781
108.68000793457031
106.67000579833984
107.6100082397461
107.1300048828125
107.59001159667969
106.54000091552734
107.3800048828125
108.8600082397461
108.5
108.3800048828125
108.0
107.40000915527344
108.41000366210938
106.44000244140625
108.46000671386719
107.24000549316406
107.85000610351563
107.64000701904297
107.47000885009766
109.62001037597656
108.54000091552734
109.12001037597656
107.72000122070313
108.24000549316406
107.62000274658203
109.52000427246094
110.34000396728516
109.2800064086914
108.77999877929688
108.41000366210938
107.3800048828125
106.46000671386719
107.66000366210938
108.46000671386719
109.760009765625
109.88999938964844
109.17000579833984
109.260009765625
108.94000244140625
110.63999938964844
109.31999969482422
108.97000122070313
110.46000671386719
109.59000396728516
110.84000396728516
110.44000244140625
110.82000732421875
111.2300033569336
111.32000732421875
110.59001159667969
110.10000610351563
109.91000366210938
110.01000213623047
110.02000427246094
110.3800048828125
110.93000793457031
110.22000122070313
111.18000793457031
111.2300033569336
112.04000854492188
110.56999969482422
110.1100082397461
109.87000274658203
108.76000213623047
108.7300033569336
109.90000915527344
109.12001037597656
111.0300064086914
109.7800064086914
109.51000213623047
