0 11.067906214806255
2 11.33046242156703
4 11.348950144607757
6 10.348455505125242
8 10.053265858668476
10 11.036316662719068
12 11.287696192459158
14 10.505418092961401
16 10.350870986341134
18 10.716974609829801
20 11.26782678645424
22 10.77758954504296
24 11.668010074835253
26 10.879398856385913
28 10.30143799930863
30 10.515492891599877
32 12.060084042485988
34 10.643374793545338
36 11.31146609489989
38 10.002425586565375
40 10.302407327162813
42 10.90874809628284
44 11.689812467586759
46 10.921598306023567
48 12.272562000823797
50 12.367233570720508
52 11.794497675660903
54 12.328966944625275
56 12.28810263928044
58 11.281281689003265
60 10.463919979242426
62 10.708007696438097
64 11.622744811023567
66 11.251430704926452
68 11.449551929752815
70 10.474681009685465
72 10.31142791421014
74 11.111951467838677
76 10.81114254061683
78 11.907643229674582
80 11.06309073861074
82 10.996059244229423
84 11.02004864857041
86 11.935381496617149
88 10.84830453956919
90 10.441786592868052
92 9.887898897983249
94 10.146376693067447
96 11.195984751716685
98 10.914086346837134
100 10.910023334873918
102 12.714177765298082
104 11.967508096880351
106 11.030519484104095
108 11.111837279878095
110 12.911313396280566
112 11.433689380792956
114 10.97366097048947
116 13.111258949338701
118 11.806906681246918
120 10.44798620739275
122 10.756431180042421
124 10.64971716391575
126 10.570800775751803
128 10.52679754960804
130 10.658455766832883
132 10.216344354406077
134 11.804328726296726
136 11.316178570648246
138 10.557146236449585
140 10.380051715708012
142 10.638212547174971
144 11.560566246133318
146 11.355379046992743
148 11.379058171403802
150 11.471675463748781
152 11.593901684700322
154 11.82085919815823
156 11.275801875458454
158 11.6716287310874
160 11.002965871586234
162 11.381208086038697
164 11.715385508428653
166 11.32284923969309
168 11.156528844775119
170 11.178597434957306
172 11.883612308205828
174 11.960129296871225
176 11.420885333269897
178 10.826207652612778
180 10.785144060686742
182 11.166579066818164
184 10.075421042004805
186 10.658567694940917
188 9.640342077940241
190 10.934904319789457
192 10.501930976242043
194 11.178618252557033
196 10.581536677200218
198 10.423755602147535
200 11.665820219045576
202 10.614263884456166
204 10.822077652735558
206 11.24892727226473
208 10.939299654959466
210 10.68610114372344
212 10.76816186972108
214 10.234196488486845
216 11.040386725577871
218 10.769670117782114
220 10.723517345609597
222 10.040549338463038
224 10.627515486924692
226 10.38944007723443
228 10.119567180926735
230 10.789747083527464
232 11.032764389567754
234 10.079988871069698
236 11.206233361389495
238 10.994847631440976
240 10.618644683047043
242 11.095886513297614
244 10.60338348169194
246 10.644762137406897
248 11.076976020558858
250 9.156470960432742
252 10.239805967758008
254 10.136446166858246
256 10.13596290595194
258 11.062520824489972
260 10.489892239231306
262 11.184854303468164
264 10.587584693404875
266 11.27600404533051
268 10.367123580662826
270 11.100636082477598
272 11.25987090557472
274 10.375285112917455
276 10.105228811597346
278 10.074049376064398
280 9.74442182021493
282 10.878508654940854
284 10.759902170582025
286 10.230424518450215
288 10.024654024237709
290 9.313642845868582
292 11.159392183773537
294 11.107362087717323
296 11.060881099546165
298 11.145925491402954
300 10.343760228530705
302 11.395241771379665
304 10.194684289795452
306 11.594569118535517
308 11.626550040258426
310 11.478240394392975
312 9.978395927118768
314 9.617861770639157
316 11.198870693496904
318 10.469812279652142
320 10.639589337341919
322 10.635917211528241
324 10.747906181219838
326 10.712815888243801
328 11.40781551275468
330 11.18283088725171
332 11.191092653766267
334 10.78581189604594
336 10.331565352209362
338 11.811136993795104
340 12.121401387145468
342 11.252679960199353
344 11.606206760868254
346 12.018722408397577
348 11.650821899240064
350 11.367430074464558
352 11.108288135242933
354 11.405622609030276
356 11.61375281874964
358 11.814607038643214
360 11.198024497060809
362 11.382996624445772
364 10.379182034057788
366 11.361382498366861
368 11.58458584680419
370 10.634771962523542
372 11.242994828284353
374 11.726967638791908
376 11.858858062681088
378 12.28145884021897
380 11.771069728626086
382 10.560950250931699
384 12.212047058515774
386 11.518607339656805
388 11.768239491014162
390 12.152021439045582
392 11.470650448170531
394 10.83167857792603
396 11.668396045128098
398 10.622814546036134
400 11.480043630752041
402 11.918552757837098
404 11.71316847443876
406 10.228839237591739
408 11.801442222781004
410 10.25724026720646
412 9.998148946722871
414 10.218560939335505
416 10.330733109021908
418 10.421151737108794
420 10.339288473534305
422 10.871060484367687
424 10.13401143609534
426 11.707990185068047
428 12.335418579027232
430 10.647032823312799
432 9.965459440505281
434 11.43178411007931
436 11.704449531292543
438 11.138427162568604
440 11.839670795813582
442 11.110434303623562
444 11.67873424230224
446 11.738186840826765
448 9.912876651037491
450 11.476502308227047
452 12.24444498096444
454 10.757426733735079
456 10.306380167734947
458 10.931122876954564
460 10.256594205435263
462 9.521824785584693
464 9.32019498465818
466 9.10053825111682
468 9.566660025602596
470 10.163318342642487
472 9.676707170197467
474 9.16354957670781
476 9.467872593684712
478 9.931097083517306
480 9.897903511402905
482 9.631561062772883
484 9.961447494303526
486 9.858187811724928
488 9.057184506933368
490 9.058363229132922
492 9.349350675670417
494 9.278544351594
496 9.82041520991292
498 10.883261468047575
500 10.330548121930793
502 9.703820003291424
504 10.445228482278875
506 9.943410242824237
508 10.018451438525835
510 9.694565977759344
512 9.916758593156963
514 10.652602985764828
516 10.47017088800772
518 9.871205347550099
520 10.26808810704555
522 10.505967367625768
524 10.388723249958565
526 11.129117218959578
528 11.677433526502137
530 11.219883352618378
532 11.254661880768912
534 11.290179394631314
536 8.707803578636533
538 7.994454763404263
540 9.576021449972833
542 9.274846488899176
544 8.25135834913098
546 8.560515592860016
548 9.204098909568025
550 8.984582747604966
552 10.093582523586296
554 10.572722390491407
556 10.164624968226658
558 10.91785827789925
560 9.34368321465376
562 9.856492761350374
564 10.632785068963313
566 10.337751202300902
568 11.339124456449476
570 10.809612862768873
572 10.350774999822626
574 9.67829958743462
576 9.833174792272148
578 10.363335436158945
580 10.282160432952113
582 10.234820732186405
584 9.772888198680386
586 9.469910369423829
588 9.910062274450402
590 11.182654883858177
592 10.535453661912646
594 10.066803704986519
596 11.159478890618907
598 10.33593193411069
600 11.102794167965241
602 9.954413477484692
604 11.435061230082553
606 9.777892217688994
608 11.222546318914535
610 11.437366067138798
612 11.043598243799378
614 10.681129959281899
616 11.848086016254221
618 10.735218996855163
620 11.889058791401107
622 10.967666943448286
624 10.109196805210882
626 9.525761947797282
628 11.000179499603275
630 10.342028520485313
632 10.892098353254942
634 10.54093080699799
636 10.275402863638442
638 10.926664264519331
640 10.31975673684665
642 10.293379767651096
644 9.715043820199076
646 9.766270421172404
648 10.685123310870745
650 10.09304114462724
652 9.45566576360518
654 9.489122793582363
656 9.94459591941821
658 10.287921094515813
660 9.175579175088117
662 10.747653645363902
664 9.994853430587009
666 9.914786839736667
668 9.427297164292659
670 10.486530859236032
672 11.12810129756845
674 10.282452874764061
676 10.490477442899476
678 10.855983508175708
680 10.545939405551733
682 11.045737263227824
684 10.879154707104746
686 10.416609168825618
688 9.809343550849627
690 11.204290519699029
692 11.398215248004695
694 10.122892527282296
696 11.683227022726799
698 10.365162853944408
700 10.67734469205754
702 10.945546558826997
704 11.378918377203568
706 11.105539742673546
708 11.126728442256674
710 11.944860575627494
712 11.084801962964113
714 11.171494448833702
716 12.056910245244621
718 10.842569760836115
720 10.80866703507595
722 11.372304009315677
724 11.09070628581155
726 11.254171026911532
728 10.807819629459622
730 10.32044063218875
732 11.137779924397629
734 11.437240055319815
736 10.771218410987451
738 11.829180608963142
740 11.237181255910698
742 10.990757823365785
744 11.40054193273277
746 11.442261335783233
748 11.310336498380284
750 10.73156106676991
752 10.53675572217093
754 10.439013030072765
756 10.46398109779779
758 10.409074939152
760 10.091460703893551
762 9.191114781027805
764 9.125290019070828
766 10.554879084933763
768 10.31965516276018
770 9.997802729793051
772 9.069249918922058
774 9.731502380744478
776 10.61621998989331
778 9.837528618700413
780 10.06576227476939
782 10.765438818807999
784 10.661227710733518
786 10.309820595928826
788 10.563608234555263
790 10.712667578014067
792 10.610218821442757
794 10.44813188273148
796 10.078518177895766
798 10.286587240527982
800 10.290985385881253
802 11.046107226958709
804 10.993364884529804
806 10.73353459967831
808 10.14856094998102
810 9.883183383914632
812 9.524418616787575
814 10.648756472491064
816 11.767612358872984
818 11.017823542241274
820 11.425817046420152
822 11.27337332010557
824 10.95374456889587
826 11.292638565305136
828 10.468603766183078
830 11.161640884745644
832 11.581378985114267
834 10.870622773496287
836 11.194415991724416
838 10.782120954121206
840 11.264644735926936
842 11.403479179187405
844 10.876434548380752
846 10.33949619504826
848 9.899536760385145
850 10.357919448436586
852 10.671362625249017
854 10.382764853932315
856 10.273161057952553
858 10.830698431289367
860 10.467896100904868
862 10.63915314940424
864 10.182359167113617
866 10.542168208714347
868 9.878395018472075
870 10.406935569162858
872 10.54957677374324
874 10.271465237850688
876 10.05278028118938
878 10.380732410445432
880 10.390615833823945
882 9.95891558830795
884 9.45405395487403
886 11.066357082160263
888 9.522603561798288
890 10.623275834085247
892 10.842916937113575
894 10.917378188134657
896 10.508402251692399
898 10.272998701716219
900 9.897541213368715
902 9.703991224168
904 9.834877351774724
906 11.252811961943236
908 10.742399348765527
910 10.203353099126046
912 10.550216728412567
914 10.301195578509823
916 10.42547141054534
918 9.69949575690861
920 10.166419836166035
922 9.79377342626223
924 9.536254091731925
926 10.721926297730667
928 9.675191037839278
930 9.823060995089026
932 9.847656394726272
934 11.813648034493792
936 10.203384034327774
938 10.810777214687741
940 9.408216703530266
942 9.360719333298611
944 10.98936307413489
946 10.373546706739967
948 10.837876408184577
950 9.604421458577214
952 10.421680346877102
954 9.66750084537367
956 10.468194176886238
958 10.214990020765384
960 10.372788735375728
962 10.035761271721332
964 9.864774244679976
966 9.830098258659792
968 10.581496840455063
970 10.035942370193379
972 10.490341738945542
974 9.93593585340796
976 10.08133723577623
978 10.956931823861703
980 10.251324519331815
982 10.350080209618056
984 10.558534756069115
986 10.300905169667487
988 10.47904943567045
990 10.10084030251558
992 9.857801453338231
994 10.197851722827851
996 10.578629879420681
998 9.747649231149747
1000 10.53693610232058
1002 9.910993512318328
1004 10.939472823197315
1006 10.067454802054941
1008 10.954418092471176
1010 10.161460118842921
1012 10.31916364548826
1014 10.799571854196952
1016 10.06224176141683
1018 10.733527105854641
1020 11.145120487513182
1022 10.631010574435978
1024 10.703829290811234
1026 10.60832529152295
1028 10.444207501329522
1030 10.66289893721035
1032 10.004038942040314
1034 10.60940353112335
1036 10.817273890524923
1038 10.256506642892198
1040 9.880745817755534
1042 10.65572230525802
1044 10.535694096046075
1046 10.085013755145837
1048 10.46423776532945
1050 10.534987357285727
1052 10.094927331628236
1054 9.832720192144768
1056 10.322303953041535
1058 10.247182120882044
1060 10.548279244480232
1062 10.077394123822618
1064 10.62993594562317
1066 9.738647152988756
1068 9.857764839804869
1070 10.815925537237566
1072 9.382759525121262
1074 9.979652051350854
1076 9.604909882971027
1078 10.152942245011936
1080 9.904071978142037
1082 10.284926412762136
1084 9.957958739051435
1086 10.596031061173145
1088 10.251965827711118
1090 10.444547072219196
1092 10.744656621631895
1094 10.640570941321789
1096 10.03865356991819
1098 10.30669811074943
1100 10.759676538876164
1102 10.970240749616636
1104 10.008639620815527
1106 9.629968672378347
1108 9.260907283358186
1110 10.3280828065066
1112 11.194387670608705
1114 10.525140477058514
1116 10.902793538623111
1118 10.594874948342083
1120 10.683875186540424
1122 10.892403505196548
1124 9.861849228348715
1126 10.541897858037096
1128 11.077841141739887
1130 10.30223751793783
1132 10.79929188929052
1134 10.001784372357532
1136 9.863448482496715
1138 10.52637097952481
1140 9.721085149529767
1142 10.48651588232974
1144 10.21397594993371
1146 9.572132228784294
1148 10.864639465277383
1150 10.178161867342899
1152 10.485591913998663
1154 9.472812637563313
1156 9.754042552926038
1158 9.711486505876058
1160 10.932854903418301
1162 9.743639893683348
1164 10.87665583658515
1166 10.12134868968345
1168 10.441173493363967
1170 11.25115375892583
1172 9.659953030306072
1174 9.933488168863889
1176 10.937034530277161
1178 10.379713361308312
1180 9.561488476678994
1182 9.875381046722033
1184 9.828626544113995
1186 10.343371699916915
1188 10.659203685340525
1190 9.891280018484654
1192 10.34140456645278
1194 10.155851121374653
1196 10.576183651316468
1198 9.391636155396007
1200 10.076586793952476
1202 10.525256593889505
1204 10.154535165030405
1206 9.868272658439029
1208 9.391293412283535
1210 9.651164786926403
1212 10.200525401031499
1214 10.502299142292584
1216 10.492382667294715
1218 11.163589506252908
1220 10.822423350350634
1222 9.767720497054876
1224 11.648642215050817
1226 11.810831849394601
1228 9.387661709104533
1230 11.007038551241443
1232 11.557356810613255
1234 10.875709460739888
1236 10.379602170167496
1238 11.4255733733799
1240 9.98038662545815
1242 10.16336071180791
1244 10.42357647192544
1246 10.793795200275257
1248 10.762107297322094
1250 10.530445625752156
1252 10.290874604925069
1254 10.734443717943556
1256 10.077827406277594
1258 10.184837323980322
1260 10.070722171837888
1262 10.593526352729064
1264 10.175396781068772
1266 10.895989648935444
1268 10.99330762716477
1270 11.192373725908373
1272 11.211480233489906
1274 10.835752810815514
1276 10.18260079128197
1278 9.48646660968408
1280 10.369365452158418
1282 10.689464950092674
1284 11.05684646762461
1286 9.874307197009
1288 9.354581710625327
1290 10.525186871752785
1292 11.331044004578574
1294 10.29791216502348
1296 10.029987227644815
1298 10.017844639358904
1300 10.284152019378343
1302 10.823481994902894
1304 10.068810340895471
1306 9.967829957915711
1308 10.991740690331719
1310 9.091355041966553
1312 10.735664751201755
1314 10.727486381940755
1316 9.444408587331981
1318 11.523981326151974
1320 11.281371275157346
1322 11.56160825689416
1324 11.762521022798532
1326 10.413141573013242
1328 11.146306215723786
1330 10.293020161462099
1332 11.086297170878124
1334 10.130412306082121
1336 10.505862983074968
1338 10.359870208163116
1340 10.63784153549409
1342 10.976494337812387
1344 10.71201848603843
1346 10.138020592886718
1348 9.787253932470175
1350 10.95505421557859
1352 11.553816575740647
1354 11.60886042769681
1356 10.918674309998497
1358 11.227674461068567
1360 11.006054023625074
1362 10.380032862800103
1364 11.41593430119865
1366 10.10307711630583
1368 10.154702006730806
1370 10.062457999844169
1372 10.252653932460218
1374 10.121509139429694
1376 10.001804128334635
1378 8.910402351657936
1380 9.712644895915506
1382 8.786630708373073
1384 10.974558569029885
1386 10.2033106444906
1388 10.288829016908524
1390 10.33530917166607
1392 9.958847455366008
1394 10.516722116976881
1396 10.246815850045516
1398 10.190921208876366
1400 10.326402482589886
1402 10.083301971271704
1404 9.675918983048433
1406 8.252179771296706
1408 10.376478126489756
1410 9.598888158315653
1412 8.875085432307406
1414 9.82533719186663
1416 9.85305626902729
1418 10.420800676098734
1420 8.779978594226383
1422 9.946532284782425
1424 8.698645290792959
1426 10.08680650788127
1428 9.942396607414942
1430 9.19571673721859
1432 11.00448112100229
1434 10.172445007916355
1436 10.98523904907754
1438 8.818056220912355
1440 9.61047670545874
1442 10.3834472832647
1444 10.418957557300294
1446 9.786402389466664
1448 10.766659367834885
1450 10.803790271691318
1452 10.769330521572678
1454 11.194799883319838
1456 11.387422233581924
1458 12.591079817589584
1460 11.733360359972066
1462 11.041617600621773
1464 11.444556695129162
1466 11.446233049318828
1468 11.072130953447644
1470 11.047104883736438
1472 11.24321601038543
1474 10.43740164273513
1476 11.071931809446106
1478 9.665167619778858
1480 10.485848280139455
1482 10.539402524747274
1484 10.995572557032277
1486 10.20550467380276
1488 10.185829225175084
1490 10.592194254836544
1492 10.813074693452418
1494 11.016554910055515
1496 11.269515251291073
1498 10.854990577080137
1500 11.094929056517538
1502 10.076926503350498
1504 10.36898406832563
1506 9.933045965591552
1508 10.147989931913045
1510 10.181595782387806
1512 10.432880894548624
1514 10.378956436299749
1516 9.942278814239069
1518 10.02731969283586
1520 9.676132790346964
1522 9.540043307034342
1524 10.000529830935566
1526 10.033245353777989
1528 9.959449466366324
1530 10.17298247619625
1532 10.271797402949714
1534 10.861768732925015
1536 11.57086179143969
1538 11.318292167619248
1540 9.396385451115183
1542 9.643054751997177
1544 10.24358388740064
1546 11.184040551131066
1548 11.116388675019572
1550 10.779142834729047
1552 10.478406228752526
1554 10.083213168083926
1556 10.453257013779394
1558 11.614208475801945
1560 11.300577943591275
1562 12.110979766903581
1564 11.2444230005167
1566 10.423469661958425
1568 10.222380978814261
1570 10.673527409138815
1572 11.790219965756023
1574 10.362721830161476
1576 11.380687561987315
1578 11.134496392389638
1580 10.752080130384583
1582 9.920412361436787
1584 8.99899490813948
1586 9.556503924274766
1588 10.751456316013533
1590 6.266812793630493
1592 5.790116624467268
1594 10.146051986399506
1596 10.353149354492292
1598 9.36001128236805
1600 9.654282541905168
1602 9.867438872184598
1604 9.416307044085483
1606 9.792728772744658
1608 10.0612425168412
1610 8.096255655905416
1612 9.241225886094098
1614 9.3790999905167
1616 8.35847460870989
1618 9.198420060547415
1620 9.539711768318151
1622 9.029130263582731
1624 8.371060138329575
1626 8.741002477075158
1628 8.501358562735433
1630 8.474108985721468
1632 8.514885188266943
1634 8.941048972702616
1636 8.646458971202552
1638 9.119805528350346
1640 9.21235277739932
1642 9.562525537396994
1644 9.410730004695608
1646 8.981210485830301
1648 8.445680545289262
1650 8.991658172276157
1652 8.78824759903045
1654 8.759652791222186
1656 9.272950349530799
1658 9.565169887439964
1660 10.53286938240636
1662 9.37360394716282
1664 9.181031769260283
1666 9.30664226193854
1668 9.171669696322429
1670 8.460746605943184
1672 9.503413934155052
1674 9.775818312011888
1676 9.893760895797547
1678 9.557675020666775
1680 9.934807479676456
1682 10.349384622903722
1684 10.560095546754395
1686 10.027011592428927
1688 9.850810100262809
1690 9.661491752422695
1692 9.408794108683825
1694 9.544742894334451
1696 9.966997263687382
1698 9.351501130881893
1700 9.466987387841373
1702 9.58181487762416
1704 10.471777750127702
1706 10.829865882448564
1708 9.463751339536106
1710 10.12393443768919
1712 10.466945170041512
1714 9.98943175509106
1716 9.447013318746167
1718 9.82781175847459
1720 9.559313342602533
1722 8.826261855386214
1724 9.263747604386637
1726 10.850874757165126
1728 10.49142498741906
1730 10.72684437391681
1732 10.347290369619525
1734 10.29266734616158
1736 10.592787783554032
1738 10.006462866097745
1740 11.200883118291301
1742 11.301945564160333
1744 9.872865599849156
1746 10.295290754162163
1748 11.153140874537877
1750 10.207695211978043
1752 11.042068134597379
1754 12.086559782179982
1756 11.043775998529627
1758 11.977655020906527
1760 12.235035053884264
1762 11.627505715073536
1764 11.736304023109561
1766 11.573031870730668
1768 12.046296155081862
1770 8.978988841334374
1772 8.932339322527108
1774 10.393590244191556
1776 10.770053815080725
1778 9.538181501730422
1780 9.348528409484697
1782 9.850374396477012
1784 9.287117219046285
1786 9.988659881428507
1788 9.468728192660299
1790 9.619824391941648
1792 9.06821006466519
1794 10.628567697493002
1796 10.651880022338032
1798 10.927256827145888
1800 9.879036248342056
1802 9.507634044972711
1804 10.272762801043214
1806 10.186339317214024
1808 10.431944314296397
1810 10.119467565834437
1812 10.959437824230774
1814 10.482502951465834
1816 9.108165163418196
1818 9.282051315831179
1820 8.943878582878522
1822 9.161050165938073
1824 8.966095745568952
1826 8.957990040479999
1828 9.948550329985103
1830 8.804854483853411
1832 9.452263529962908
1834 8.705062826726301
1836 10.047135876705438
1838 10.661025411445925
1840 9.079408913421592
1842 9.97296888770202
1844 9.094316491296352
1846 9.087096704993144
1848 9.551071478852744
1850 10.055864667404025
1852 11.149475813926077
1854 10.584640022539311
1856 11.430772651997199
1858 10.777317955130144
1860 10.509280017470628
1862 9.76212030830683
1864 11.036668507000494
1866 10.230973104100777
1868 10.71440994098211
1870 9.945874245849762
1872 9.73646125818117
1874 11.077616337831083
1876 10.621600298815295
1878 10.936774652012652
1880 10.358903586505164
1882 10.330173130416915
1884 11.14235074401206
1886 9.914584670919496
1888 10.176955083150235
1890 9.974864226913976
1892 10.399585140466716
1894 9.790758531935127
1896 10.073886108319394
1898 10.205892912151315
1900 9.915649916317967
1902 10.52654826887891
1904 11.362150606296922
1906 10.489983005570798
1908 9.600545093322706
1910 9.376142482474128
1912 9.238214062587302
1914 8.931531164934981
1916 9.280288406366846
1918 9.498726082608467
1920 8.741542978158432
1922 9.335871031409958
1924 10.722128055354599
1926 10.022597423151897
1928 9.729311239367293
1930 10.210125263880022
1932 9.96587138101552
1934 9.582440745558287
1936 8.89191656610289
1938 7.8854862285304765
1940 8.465251452462171
1942 8.353270719905982
1944 10.526934146139203
1946 10.48040119452103
1948 10.272974672918988
1950 9.389808685014703
1952 10.007779321520847
1954 9.49603148793265
1956 9.952840363993163
1958 9.097508111852637
1960 9.33793591157299
1962 8.658518853157837
1964 9.632480065424891
1966 8.486702921104195
1968 8.638437717620807
1970 9.353410408357615
1972 9.238317699453718
1974 9.181918478903638
1976 9.02706130968162
1978 9.028600824898433
1980 8.917064394442184
1982 9.232623931113029
1984 9.518255695216574
1986 9.127502195996692
1988 8.465252456100153
1990 9.708307977848937
1992 9.051769588894983
1994 10.236187102219688
1996 8.319534146036606
1998 9.578982633274515
2000 9.65876862506788
2002 9.641087459155067
2004 8.7271760051848
2006 9.151160925757468
2008 10.186577203701926
2010 9.896485111691385
2012 9.670638830472267
2014 9.664645964038703
2016 10.188598798227261
2018 9.681831330079582
2020 9.815232174927958
2022 10.41272966697266
2024 9.366673071520196
2026 9.688474237182604
2028 10.040984517495238
2030 9.765885814021102
2032 9.329775027460393
2034 9.596397500894154
2036 10.109448675111567
2038 8.638853661819637
2040 8.87032518033853
2042 10.410732070734529
2044 9.655487021714588
2046 10.296963300434545
2048 9.587158123507438
2050 9.85864904036102
2052 10.067708795061824
2054 9.032216782299853
2056 8.813173953343625
2058 9.287039433884948
2060 9.215738382879882
2062 8.628268413082473
2064 8.533846500628146
2066 8.179199731386936
2068 9.052090166871743
2070 9.772050437395869
2072 8.344544717245387
2074 9.00499192173523
2076 9.581197935002184
2078 8.683142579237133
2080 9.899428827321536
2082 9.02812260981023
2084 9.150361889631968
2086 10.179893952365521
2088 9.809412826095265
2090 9.47588121649941
2092 9.278765208210844
2094 8.275347103162177
2096 10.671379128082833
2098 9.717328465677278
2100 9.481371642729936
