0 11.189763521454156
2 10.425784331971709
4 9.699314464769156
6 9.699802404855829
8 10.24980542760955
10 10.053443818772559
12 7.663812461681964
14 5.687487484428279
16 5.898859259555403
18 5.6664770710094805
20 5.906117238203846
22 5.9130504423254635
24 7.652317006001034
26 9.868605819606591
28 6.479972675421167
30 6.0104347907055224
32 5.897216197551562
34 6.494531742925662
36 7.458482627470187
38 9.604151978040504
40 5.767670845112963
42 5.331805834294524
44 5.224262394440625
46 4.134026999907654
48 4.070679239123238
50 4.293491765372226
52 6.079803321067177
54 5.672318353885087
56 6.237416819906773
58 5.9543720089190835
60 5.793978614357192
62 5.851877335802697
64 5.8881808133822195
66 6.0017180696551415
68 6.702703342564635
70 5.855524178359343
72 5.380652171040232
74 4.823049983684147
76 4.210610411708601
78 4.421163499381518
80 5.601020174566581
82 4.101956417845671
84 8.18461156707777
86 9.458091664010269
88 9.777245909420733
90 8.863720875920121
92 10.689704384498647
94 9.685148313037418
96 10.427534654333842
98 9.769828830814443
100 9.634619381112069
102 9.192750486729157
104 10.525709580086724
106 8.871923547651676
108 10.499946640025769
110 9.666891661597322
112 9.478317126180626
114 10.364504624715106
116 10.552992524432277
118 8.426951423299515
120 8.717852666148332
122 9.119424392550755
124 9.581218977370156
126 9.226154097331527
128 10.713876049996928
130 10.879296776545008
132 10.331507946934952
134 11.032377725145901
136 9.294375776538677
138 10.523964212010862
140 9.508253179945712
142 10.089076455293124
144 10.906709692984219
146 9.870261534035736
148 10.381265323969659
150 10.990999491595256
152 8.810110793356541
154 9.949597483101517
156 10.104563908140053
158 9.943369778159315
160 9.847463264798835
162 9.785648772847773
164 9.901415643453287
166 9.96465815775832
168 9.13034423781602
170 9.495161108950347
172 9.091115213103604
174 9.37316740454492
176 9.449201215946283
178 8.715829496933134
180 9.64909947597055
182 7.859753841990933
184 10.433628989554894
186 7.762406081564195
188 8.245230955797721
190 9.764436296721037
192 9.920933467262147
194 9.99428255927647
196 7.818496978791059
198 9.125368076384486
200 10.744019911894961
202 8.475855324768945
204 10.333243150515786
206 11.577655156100246
208 11.133040084298178
210 8.635001897498224
212 10.614423245808016
214 8.901777684672403
216 7.518256235658143
218 10.177402882427378
220 10.272706181198298
222 9.637505889460021
224 9.905322334325552
226 10.450201164974327
228 9.80592135133839
230 9.752034132138915
232 8.265913581923737
234 7.1784682826427035
236 8.48473279992019
238 8.89184772148687
240 9.642586995831936
242 9.48723554505945
244 8.099709106876908
246 7.730487309705292
248 10.080108127925149
250 9.406252971546644
252 10.416528649119254
254 10.436561537972056
256 9.957934912040823
258 9.946799560802791
260 9.903710864398471
262 9.758806579670845
264 10.495887060094265
266 10.8078675329763
268 8.881268513781357
270 8.458025470576084
272 7.360274533666919
274 9.002877453772642
276 9.260287261200576
278 7.346539497638376
280 6.219232066551316
282 4.77151674929449
284 6.297062363937277
286 5.551889908980674
288 6.212259605752848
290 6.177102046857389
292 5.669116683053846
294 6.097946884590695
296 6.122493246508047
298 5.887251578822754
300 6.636422307979952
302 6.300708451901073
304 6.326666376553077
306 6.2329078082514675
308 6.298102252275805
310 6.005799344725192
312 5.923050314189757
314 6.296685853244448
316 6.074882410491625
318 6.885351170139349
320 7.221838007585765
322 6.204287104819071
324 6.303658492350684
326 5.97950663340755
328 6.230845609195488
330 6.132971058862236
332 6.039979766915649
334 6.460668712763453
336 6.181347485645698
338 6.513760286134906
340 6.495144531899953
342 6.089844026125488
344 6.18755462462185
346 5.890080420784682
348 6.231476962411272
350 5.850983287116354
352 6.23633090061483
354 5.367031171539141
356 6.477429903185679
358 6.188421281639828
360 6.174672628401079
362 6.076203138987912
364 6.183319168339341
366 4.827439443661438
368 5.448172819661057
370 6.703748096223194
372 6.561101423243348
374 6.300456541931095
376 5.935987425553837
378 5.8282542085239335
380 5.261437609648524
382 6.172805450534759
384 5.5284879590927245
386 6.285002745369282
388 6.161737592786899
390 6.041270784503664
392 6.30774665704315
394 6.101816827093932
396 5.8816320902438335
398 5.4559881267568064
400 5.714411613772939
402 5.594083485065493
404 5.913423112425469
406 5.855661926645167
408 6.901240779612699
410 5.94014119298513
412 6.518689141520955
414 5.305508205798053
416 6.014537511284775
418 6.018821932086593
420 5.983362729541697
422 6.359830289309405
424 6.625696474947363
426 6.339037499277011
428 6.448950933265477
430 5.842276224174558
432 6.206850856804871
434 5.307754645907942
436 5.259184073634576
438 6.23751272367983
440 6.133714366910726
442 6.3550116523810365
444 6.353690162940724
446 5.6945183699209245
448 5.376923871608127
450 6.402201649122467
452 6.330071203427531
454 6.581194325509905
456 6.416083392918662
458 6.25231897848418
460 6.5172766374702205
462 6.23687087855372
464 7.367360747826589
466 6.480867413993915
468 6.142586165045372
470 6.055974691305127
472 6.009666951078308
474 5.792010616988667
476 6.657688364254121
478 6.177587981892936
480 5.6169348648090125
482 5.601462077426041
484 6.629674549436798
486 5.218294735948886
488 6.164269721852136
490 5.972624375532007
492 5.891244616785457
494 6.188876369476889
496 6.233596825456978
498 5.931105132546887
500 6.514371547419008
502 6.020960610639331
504 6.258443935650776
506 6.436759387865107
508 6.853827238489637
510 7.220183855080747
512 6.1255186871834075
514 6.927876265025293
516 6.8840924108061605
518 6.69607184379613
520 6.662292626566884
522 6.346167882242987
524 5.597557129598141
526 6.528986182034289
528 6.932051667423947
530 5.8094846670978235
532 6.538863772001275
534 6.390275606474555
536 6.270068735723982
538 7.48423587749579
540 6.171719102068498
542 6.02532158844243
544 6.565697692852297
546 6.100605860933013
548 7.332762965870997
550 6.146981392265857
552 5.626677020516937
554 6.604642537777994
556 5.227820911899668
558 5.736043815310796
560 6.745415752427876
562 5.948044418941508
564 6.6612386950368325
566 6.531758216997126
568 5.944606814849561
570 6.95553034194462
572 6.636855860500171
574 7.169242125912319
576 7.079796826747282
578 8.172475774105681
580 6.179261737667918
582 6.103578845674202
584 5.368631766425342
586 6.855281596459937
588 5.260670909969432
590 6.117556497291959
592 6.774371595230335
594 6.194851314810977
596 5.676102126606285
598 5.4102649385643495
600 6.563792838621982
602 6.169553501793689
604 6.7248842091880405
606 6.151767729486386
608 5.632174961760558
610 6.514856113770835
612 5.044101392948613
614 6.61594349194793
616 6.331455941923057
618 5.845360799059306
620 7.194286646895144
622 5.776618255454735
624 5.1602458546419685
626 6.05939569564123
628 6.04537438483135
630 5.835551922100413
632 5.493723369443258
634 6.835228920422473
636 7.5477258133622085
638 6.375309828946568
640 6.347948474044649
642 6.892968486573711
644 6.872342917380731
646 6.047489666152315
648 5.669361398533696
650 6.799750640339127
652 6.812724920587302
654 6.877333543070087
656 6.441896213001632
658 6.011610739066574
660 6.886336957653449
662 6.2072942857492235
664 6.157052507580763
666 6.44302079286392
668 6.344459128028796
670 7.744841314456777
672 6.077270260941394
674 6.097375489016128
676 6.965444683660834
678 6.419875334007798
680 5.919644784839601
682 6.773377892708247
684 7.36587624241964
686 7.19598445262691
688 7.359689037968952
690 8.002558328887805
692 7.260250125917922
694 7.558999125112126
696 7.621445830941439
698 6.551314501069797
700 6.368159519374039
702 7.329637839412114
704 5.987042135240982
706 7.475248816391352
708 7.432874961966761
710 6.924115177410591
712 6.4484728274794225
714 6.874724328193715
716 7.322198542224725
718 7.06525047857782
720 6.899466021242413
722 7.0031532871478035
724 7.7116828239799275
726 6.60833748413684
728 6.172187543022936
730 6.997250109031786
732 6.0473629108204765
734 7.415373837700478
736 7.065077480963562
738 7.679819536477769
740 7.265279437351174
742 6.832994273986219
744 6.40484362897572
746 6.730909686571501
748 6.293858233617801
750 6.784938706399104
752 6.807302276851894
754 7.74143141135492
756 6.448593839926498
758 7.281167940625606
760 7.580046571777333
762 6.144164136962661
764 6.826022244874146
766 6.085797906386888
768 6.419726796270106
770 5.972888928698065
772 6.781864340696348
774 6.570186912632672
776 6.2729820935321445
778 6.530187174765469
780 7.31698532896184
782 7.410171177339054
784 7.8673223758017325
786 7.804882334207203
788 7.4696344676870945
790 7.248805200668871
792 6.888505225968432
794 7.13404074986741
796 7.713380013058028
798 7.71518701016427
800 7.351596021035809
802 7.675034162516785
804 7.653190356040675
806 7.247596661024
808 7.918694528436086
810 8.257274424070365
812 8.109538001510922
814 6.248883327988221
816 6.781715931218021
818 6.298239227806057
820 5.903842742212604
822 6.710146199442212
824 6.185388903594507
826 6.811671226109084
828 7.0234797616751985
830 7.1250973788967835
832 6.207950613853826
834 7.263265031714642
836 7.782373294849885
838 7.466605149334188
840 6.934015658383926
842 7.285567590183424
844 7.16450539670064
846 7.518756908994533
848 6.905252298639492
850 6.942461431918605
852 6.2232214138406405
854 5.84206782115894
856 5.928061502001168
858 6.433389675446763
860 7.462259817788818
862 7.101450874913546
864 6.75747283693227
866 6.9764006232119735
868 7.377608787393628
870 7.121926657784875
872 6.949619062571241
874 7.00834968851553
876 7.618225704089087
878 7.506000468279103
880 7.305429895434542
882 7.067135985331078
884 7.098716765158029
886 7.152725855103877
888 7.368609142563105
890 6.8077316638201895
892 7.035429820125663
894 7.485357755322828
896 7.271825795690025
898 7.956814138161822
900 7.258691742361842
902 7.4010006651818285
904 7.760070653380693
906 7.3449244086805425
908 8.158152976341709
910 6.787793324801883
912 6.888008084426976
914 7.198651959431105
916 6.848871812569318
918 7.981290987227836
920 7.4967163307411395
922 6.888585926332052
924 7.469037024186093
926 7.372963812033341
928 8.368190575089514
930 5.990444452434404
932 7.698647525270176
934 7.328207795376076
936 6.826590678772486
938 6.314807450720281
940 6.996954221059386
942 7.359791439673706
944 7.820174638607983
946 7.728888542148585
948 7.66384832460741
950 7.498876419747145
952 7.122825964838308
954 6.897696760026304
956 7.717487134171474
958 7.342273877165258
960 7.253837469392387
962 7.271184969830255
964 6.737517192193829
966 6.986926305378617
968 6.337473062615486
970 7.535822703323523
972 7.169421846928593
974 6.776558591949629
976 7.859607437469332
978 7.731570728606998
980 6.963826948359939
982 7.555224640374916
984 7.0530368721498515
986 8.077614733948772
988 7.001214524766311
990 7.233289315978439
992 7.173765114248326
994 6.757961473703231
996 6.04134951692183
998 6.147985918443019
1000 6.8620789427857956
1002 7.393309382180113
1004 6.8401913380831
1006 7.022407100792829
1008 7.3176626644946925
1010 7.535975003310297
1012 7.543741294268708
1014 7.120906006679501
1016 7.955390978305408
1018 7.811888294803279
1020 7.546974072527369
1022 7.703133027233218
1024 7.479475503577881
1026 7.170152196401941
1028 7.682842911015849
1030 7.565680552127586
1032 7.53673988672828
1034 7.452609461175483
1036 7.760381542938456
1038 7.403154060616662
1040 7.537063648962668
1042 7.020275653528075
1044 7.915172525576591
1046 7.196294119473894
1048 6.6168393295940495
1050 6.979800028305801
1052 6.24095533834427
1054 7.213914288571285
1056 6.829344856714701
1058 7.598507611364482
1060 7.302193376844426
1062 7.135749861114653
1064 7.133053658311269
1066 7.138936295978226
1068 7.664552632696034
1070 6.87075501181715
1072 7.376705198797523
1074 7.305759585015426
1076 7.667652736821104
1078 7.303422162301973
1080 7.336765907284957
1082 7.470805264418311
1084 7.516629706839825
1086 6.383531053689386
1088 7.493028951872687
1090 6.936809130331959
1092 7.785680480894519
1094 7.493014955286191
1096 7.5658780170263205
1098 6.740637729713209
1100 7.608746520590435
1102 7.2989833728014615
1104 6.415905670203822
1106 7.363462688417904
1108 7.42743717522903
1110 7.799414736188435
1112 7.9119002016632125
1114 6.98677684338319
1116 8.032069190043163
1118 7.235588679748844
1120 7.257165195841791
1122 7.094286081585416
1124 6.832429819259943
1126 7.626753675771984
1128 7.514339853255063
1130 7.728801256736707
1132 6.208448876430319
1134 7.042348168809644
1136 7.444052535128808
1138 6.51984649712099
1140 6.80126718854186
1142 7.482497351408455
1144 6.989568471621191
1146 7.672615069401069
1148 6.930403915904429
1150 7.081254333768289
1152 6.108796674305685
1154 7.169146314216269
1156 7.26375368038772
1158 6.448894531622746
1160 6.079639342307372
1162 7.237761880146252
1164 5.666958798298108
1166 6.751490836985091
1168 7.138356386669512
1170 5.959268789821639
1172 6.459641543152085
1174 6.675366191754179
1176 6.231124110325074
1178 6.804244208259855
1180 6.776202434080082
1182 7.4277875380230345
1184 6.911919307667338
1186 6.511271627667589
1188 6.086194265587702
1190 6.202521744322353
1192 7.231398774440155
1194 6.634913001106887
1196 6.958120556214919
1198 7.397537516627969
1200 6.2729325017660305
1202 7.46431978146074
1204 7.248952568636145
1206 6.646605835654679
1208 8.16749523376607
1210 7.31629319979251
1212 7.731519530109075
1214 8.099444775431541
1216 7.2063117840432325
1218 6.602672982600636
1220 7.196317120763607
1222 7.142931366028362
1224 7.639410549415108
1226 6.01626393674782
1228 6.954554629627578
1230 7.566597211798319
1232 7.318705776848071
1234 7.016019635427074
1236 8.02574437230441
1238 6.744793724714724
1240 6.674735559833354
1242 6.816004493896771
1244 7.0889928931601585
1246 7.074764396927538
1248 7.18828481576407
1250 7.272649644333533
1252 7.2420932344599604
1254 6.551832273043879
1256 5.69995050455926
1258 6.615464496299418
1260 6.708800218087816
1262 5.949027312460313
1264 6.8563106743540505
1266 6.30955924355904
1268 6.191118413071933
1270 6.570684534931147
1272 6.304775865343923
1274 7.6073420936154195
1276 7.6426550045745
1278 6.148504980967681
1280 7.149888095221656
1282 6.937855742921413
1284 5.982138973175973
1286 6.477515685382243
1288 6.4124266964853875
1290 6.344580452879428
1292 5.710456606484837
1294 6.647433310440181
1296 7.182151788229608
1298 6.499157937307508
1300 7.5979482824700115
1302 6.249582575417698
1304 7.10998069536422
1306 7.278178026440846
1308 6.243033428878823
1310 7.179096959955863
1312 6.622973015477649
1314 6.867685369289267
1316 6.548409059159056
1318 6.052445570820491
1320 6.768316897360672
1322 7.691411357691046
1324 7.1608444061194145
1326 5.9980476794006305
1328 6.7263579328009495
1330 7.073936551784079
1332 6.5114254236223
1334 7.096482457463987
1336 6.825957622264466
1338 10.868079893779823
1340 12.59654658509424
1342 9.23219535401764
1344 6.74574845852275
1346 9.179209807720358
1348 7.531287586222676
1350 7.272116042015891
1352 7.275949340547009
1354 5.795122104847158
1356 7.52726513524648
1358 6.55425442830215
1360 7.780017610356891
1362 7.858971409168766
1364 8.260520414351307
1366 7.100896303583025
1368 7.798588312589439
1370 6.510926021699259
1372 6.410324444114627
1374 6.809510280575002
1376 6.268406569684237
1378 6.740012541178301
1380 6.791459381627242
1382 7.1737878551013035
1384 7.489964593823049
1386 8.103787588834354
1388 8.181420854511725
1390 6.61479639456833
1392 7.58529351710087
1394 7.022354102954115
1396 7.346224211277743
1398 6.798331007842636
1400 7.636262174650632
1402 7.1533803752828495
1404 7.0487252759024805
1406 6.868463713272262
1408 6.465646811439959
1410 7.035937935480217
1412 6.6329324295426195
1414 7.525918139442404
1416 6.658028758446698
1418 6.930039445070639
1420 6.676373857826954
1422 7.325426943683607
1424 7.557043808708245
1426 6.870820597107126
1428 6.860403056859311
1430 6.120371536747534
1432 7.15160223405749
1434 6.52682214964177
1436 6.238504283351339
1438 7.5747637060604776
1440 6.641500346267268
1442 7.643543632315375
1444 7.564885052947387
1446 7.5392236636817405
1448 6.342409678877244
1450 6.082694095731212
1452 6.33682458125296
1454 6.528533557780796
1456 4.5748667072835945
1458 5.338271704178285
1460 5.222699420753606
1462 6.310818770741551
1464 7.133762004253155
1466 6.6316962510429915
1468 6.956549002015962
1470 7.6639080757437155
1472 4.630581548115691
1474 6.453637582266406
1476 5.974491174980252
1478 7.520814937109715
1480 6.6218247821941985
1482 7.841899775167524
1484 6.9762242193036235
1486 7.263172969978641
1488 6.954002385832768
1490 7.412736376645143
1492 6.898776444463332
1494 7.008860013510184
1496 6.210430442649298
1498 6.414635335264673
1500 7.06989834724896
1502 7.320789776498142
1504 6.83360033128692
1506 6.056822628070729
1508 8.100426454598798
1510 7.598587146138937
1512 7.949430997245237
1514 7.447165083412074
1516 7.443682870252168
1518 7.370525049274403
1520 7.4853819679961875
1522 6.843544096505797
1524 7.75686523791515
1526 7.3790293506527
1528 7.212660836952584
1530 7.39229872780594
1532 6.933061757322006
1534 6.3630589135916855
1536 6.630307706718745
1538 6.097376723263179
1540 6.65199379079983
1542 7.114775825025475
1544 5.9182015042950615
1546 6.0670601345972335
1548 7.319307791913926
1550 7.806304337812928
1552 7.452151985428339
1554 7.167001039072601
1556 6.705656244652459
1558 7.92158193876915
1560 6.8421409281378525
1562 7.793404910650948
1564 6.6378322799560765
1566 7.819766815306393
1568 7.431329960656741
1570 5.7354515465983695
1572 5.866561824267829
1574 6.071618323996059
1576 7.177433272172087
1578 5.9011652384876
1580 5.857162250940607
1582 6.603793743221645
1584 5.496792639467642
1586 7.46730416796385
1588 7.863011855408874
1590 5.672368695695995
1592 5.859726278012339
1594 8.215178113738277
1596 7.986093112603109
1598 5.5006661683750275
1600 7.275926622461709
1602 8.325024619313785
1604 10.050924035867816
1606 7.013908077428729
1608 5.653389941848626
1610 7.5386642843357095
1612 8.341972132177238
1614 7.9229074632311685
1616 7.869175902367836
1618 9.464394467069582
1620 8.670239325261837
1622 8.25699859473871
1624 7.286812953383271
1626 7.5509036809486805
1628 9.011771488794968
1630 7.251939278368685
1632 11.008084311763334
1634 9.889257975367016
1636 7.353380460663677
1638 8.606709241262694
1640 8.362987860484642
1642 9.812258861985772
1644 8.547501043263976
1646 6.1680569474975755
1648 8.311673970650583
1650 8.85085168635332
1652 4.759427980948597
1654 6.390187014146428
1656 7.769616118661789
1658 6.532911377083666
1660 7.991174827019123
1662 4.544335352411219
1664 6.7159498798087505
1666 8.081418849520485
1668 8.595962444611796
1670 8.26900982760711
1672 9.529209415276474
1674 5.572461012395113
1676 8.900039874043154
1678 9.324237563805093
1680 9.37616966174007
1682 9.343491842303814
1684 8.404230128063691
1686 8.676751514929894
1688 8.228453975931139
1690 8.058549265216069
1692 9.263652940172827
1694 5.623248978224034
1696 8.283692812986251
1698 9.403071513822313
1700 7.232887614967896
1702 8.54751352662254
1704 6.04491241871571
1706 7.947985225247362
1708 6.136519644387781
1710 8.78125012650741
1712 8.829375299668227
1714 8.286143321758107
1716 9.90714730508484
1718 10.971247729664253
1720 9.709528154412272
1722 7.591423325808897
1724 7.781167631424432
1726 8.273067016168321
1728 6.453279538114868
1730 7.3527897052077185
1732 8.846817099763193
1734 7.570190829618653
1736 9.00688328292243
1738 8.841512802283491
1740 8.599866504791365
1742 8.22763555071494
1744 8.405740380478216
1746 7.23188909773769
1748 7.578663858907662
1750 8.931591799906863
1752 5.524376329680792
1754 7.6423914157507395
1756 9.606839040378167
1758 8.92210611600652
1760 8.361380305261203
1762 8.816415793914588
1764 6.499426255950473
1766 9.077382075816104
1768 8.70347899092257
1770 9.22141884401964
1772 8.82448845350877
1774 8.417130391483706
1776 9.131004292968766
1778 9.823931682563819
1780 8.12554770915587
1782 8.271143106530946
1784 8.877635888902267
1786 7.718309388521344
1788 7.910414062543785
1790 6.709341628501735
1792 6.546488682386263
1794 7.922296148821732
1796 6.83603160605199
1798 7.550651687489306
1800 7.072302609260277
1802 7.440118561905517
1804 7.725178222186103
1806 7.46944000759978
1808 7.893142461963396
1810 7.4845862892654145
1812 6.935963136534214
1814 6.885418659188993
1816 6.910895154196612
1818 7.970317839027012
1820 7.181745279870455
1822 8.224106838354187
1824 7.828447403242199
1826 6.955745676693875
1828 6.693600522265461
1830 7.8009679465672095
1832 7.978617401820655
1834 7.1432999263579395
1836 7.401145363504588
1838 7.153749883544228
1840 8.161418590282109
1842 7.479061806332709
1844 7.083740638470445
1846 6.892730887465537
1848 7.751271682067159
1850 7.497512736986893
1852 7.715208972369652
1854 7.6241833406973365
1856 7.0282235934802
1858 6.400578476989921
1860 6.967221863352923
1862 7.0290338925246925
1864 7.966043950774106
1866 7.169069396084969
1868 6.695478811663658
1870 7.882216166123749
1872 8.084836974101067
1874 6.286198526369983
1876 6.958572704812295
1878 6.122473052263549
1880 7.14610551016675
1882 6.909673289023753
1884 6.825976782803191
1886 7.0303672410272755
1888 6.24499850711206
1890 6.831604018412147
1892 7.245480935597863
1894 6.6562478964961365
1896 7.538480871754444
1898 6.723279689009914
1900 7.112334193976303
1902 7.002977147057571
1904 7.776598049778884
1906 7.325423073070922
1908 6.717879319495096
1910 7.098631651213813
1912 7.344878667433423
1914 7.294254874967126
1916 7.48151051982559
1918 7.028985325837971
1920 8.329308780057834
1922 7.98921312756845
1924 7.571923054544745
1926 7.56843867216561
1928 8.002822447519263
1930 7.423427997065192
1932 7.10282343213687
1934 7.855820110015222
1936 8.618133607684268
1938 6.586236807410291
1940 6.588787114741454
1942 9.445033673968492
1944 9.039168493807693
1946 4.7669788714733405
1948 6.765238788957393
1950 6.743246935701859
1952 4.396211714126945
1954 5.661196732465571
1956 5.118146298539311
1958 6.7797584774332424
1960 9.888999412226404
1962 6.549645053713862
1964 7.124283552593089
1966 6.453340831366974
1968 6.751247128715917
1970 6.097630292532425
1972 8.351508673971262
1974 6.2054594341068885
1976 7.188200779781954
1978 7.023207526738523
1980 6.8387835548629665
1982 8.239925307154573
1984 8.879739032039085
1986 7.001969262111828
1988 7.806756497765345
1990 6.644371905242177
1992 7.905776458772378
1994 7.551591673562365
1996 6.118250653450646
1998 7.799513497076207
2000 6.302088085189722
2002 7.847764641955713
2004 7.879585514306669
2006 7.702282670180872
2008 5.971705981268431
2010 7.758474291626826
2012 5.789454454934064
2014 6.626760867482143
2016 5.774513930967636
2018 5.5382765800218285
2020 7.706053161534832
2022 7.88081300056281
2024 7.5602788205695095
2026 7.673108454817825
2028 6.751735082899885
2030 7.997438449465632
2032 7.502043126251694
2034 7.3551472032108665
2036 6.926249725961758
2038 6.817437325314674
2040 7.13850886314366
2042 8.565102913279874
2044 7.93917637548466
2046 6.283073742647462
2048 8.348157328786582
2050 8.962564655158204
2052 10.669003369767532
2054 9.381621980639034
2056 8.403170188320482
2058 8.801854940678927
2060 9.86680553775213
2062 9.275718089149192
2064 5.7589169035075125
2066 5.7470436178521656
2068 5.637529054290382
2070 5.620449821966206
2072 6.502930281035668
2074 6.553127833758435
2076 5.521132242495862
2078 6.128372287429921
2080 5.69651712495055
2082 5.837698598489242
2084 5.640259385875178
2086 5.920365367651167
2088 5.726742388266694
2090 5.700947060602703
2092 5.761476205700268
2094 8.132670235083078
2096 6.132094980426149
2098 6.059248921904126
2100 5.947117974363067
