0 10.883624807605145
2 8.881677629934066
4 8.70225487683843
6 9.0962606620658
8 9.038342059193237
10 8.92325672723466
12 6.173298780600328
14 5.608861562523941
16 6.465926994310532
18 5.92146264797482
20 6.089011654888436
22 5.4431249338426335
24 5.186621304653766
26 5.755908566765301
28 8.276290085833056
30 6.51812411979365
32 6.1731202926875826
34 6.056060972245941
36 5.806777305091863
38 5.758443169013082
40 5.310168003507584
42 9.025188760998219
44 7.754865172133099
46 8.159141916535061
48 7.639773760937795
50 5.988925959569513
52 7.313550680731013
54 7.27603108380878
56 7.310407018227615
58 11.06235893630317
60 5.720911054283347
62 9.103814611723301
64 6.656774361776601
66 6.825259821946547
68 8.430242918235628
70 9.234200527119453
72 8.601654553607167
74 8.492517418631753
76 8.385674657369412
78 8.539567884105601
80 8.227922533070318
82 10.691032669818561
84 11.302263851288325
86 11.44935412375289
88 12.05351813835844
90 8.490192070755928
92 10.656993633561363
94 10.427923556359005
96 10.351255592444566
98 9.31892753946731
100 9.945476200296584
102 10.844552928247673
104 9.321037656462668
106 7.543631154570492
108 8.175368136735804
110 10.063735626896726
112 7.599936621554016
114 10.036342986316974
116 9.518941722040609
118 10.005271308573663
120 10.362727381366863
122 9.65024394842925
124 9.346095906391218
126 10.519936100150364
128 10.083637457416346
130 9.401247602417985
132 9.523348262120034
134 9.81713023220883
136 9.18035214482389
138 9.655864862302252
140 8.92900169098029
142 9.309627326369009
144 9.581876570169667
146 10.160214729894978
148 9.270142017254283
150 9.307223077923513
152 9.869378235779555
154 9.621908723223402
156 9.496843052635802
158 10.672665701227983
160 10.15727481142916
162 8.745028727830073
164 10.297891653625213
166 9.306802485806326
168 9.869001148860336
170 9.238721303444645
172 9.54265428162491
174 10.307028190850225
176 9.280264220587032
178 9.220834805312677
180 9.258645771111608
182 9.534182773051798
184 10.269099192129056
186 10.359499418030083
188 10.232861827253172
190 9.933894114886858
192 8.768335151591373
194 9.721841943572224
196 10.014695114241903
198 9.962981574583925
200 9.843251783343463
202 10.598492882170595
204 9.89675600574539
206 9.658618492397174
208 9.732478579662928
210 9.951170047381186
212 9.226416608844957
214 9.071335143353686
216 9.607650927972559
218 9.476132677482777
220 10.066746363579464
222 9.100306949679881
224 9.604030432393229
226 9.99509206892679
228 9.622506280961606
230 8.543304616607521
232 10.470558194474894
234 8.78758475632756
236 9.155696903792993
238 9.650384730127783
240 10.080095685476245
242 8.500900266302803
244 9.044683025960131
246 9.149450333559441
248 11.280931845250624
250 9.628304252862707
252 9.318788600018186
254 8.904210725450682
256 9.34957857000393
258 10.562538651290952
260 9.2210450026672
262 10.036723304199443
264 9.838019955226997
266 9.0602076734485
268 9.66646642525881
270 10.516284108827954
272 9.88048807923439
274 10.0711663442941
276 9.21898755884356
278 9.338289343878158
280 9.250217757686034
282 8.863730392641909
284 9.163729441349078
286 10.227086738886818
288 10.38060292751343
290 9.478487102976981
292 9.63940936008467
294 9.068965812360984
296 9.610444298996951
298 8.99905384227599
300 9.148077452085728
302 8.239727480560049
304 7.648391590058094
306 8.77173031587454
308 9.249997740051892
310 10.228579546625424
312 9.763926351330667
314 9.45994175866931
316 10.136991901877835
318 10.374521999001802
320 10.104981706349145
322 10.88799093134458
324 10.13498390230487
326 9.75000252075631
328 9.18024935365331
330 9.900022013939905
332 9.141692085484612
334 8.365515885304585
336 8.913028622742035
338 8.16150538677444
340 8.5295870297518
342 9.494370514796511
344 9.2187029577065
346 9.052216959326344
348 8.230936407908342
350 8.930199257057962
352 8.812838578796764
354 7.9453464674027225
356 8.347327238010829
358 8.556412087869345
360 8.438299580171638
362 8.18780254838317
364 7.926137489302088
366 9.154115694881769
368 8.669551143270452
370 8.68528312437363
372 8.370602217040103
374 8.578563373575808
376 9.621022573199848
378 8.428940091547947
380 9.436952733545352
382 9.008224119228585
384 8.518032210294516
386 8.480509689060426
388 8.582045630395275
390 8.37577601276034
392 8.785781547857733
394 8.277426650201546
396 8.72597189260821
398 7.946905165855994
400 7.5412019114742135
402 8.618053580298124
404 8.40231213274623
406 10.030502025330154
408 11.285837900731456
410 11.586636098318504
412 7.07096543299663
414 8.170784658532664
416 9.638876297547817
418 8.783105190765395
420 11.741543531441605
422 11.637002687250247
424 12.951036791210862
426 11.412213942758452
428 9.08654491265595
430 8.598202225610809
432 11.327090114366806
434 9.04995280924898
436 8.115322255842841
438 8.65570187407766
440 9.502806416596425
442 9.781803089083308
444 9.033577930063306
446 8.59779543277096
448 9.263232741807515
450 10.104678468270826
452 8.369878416649692
454 10.907277972743127
456 10.831192145563962
458 10.920682049925492
460 10.532711901270735
462 10.990830687360226
464 13.247711529877037
466 11.393287534033828
468 9.510550844625303
470 9.302097732883698
472 10.080761035167352
474 9.50282540575126
476 10.253363236814131
478 10.379427839619098
480 10.384150824910831
482 10.297128961655321
484 11.182293257975115
486 10.02509766445151
488 10.30914428415972
490 9.879108198436649
492 10.068631591560248
494 9.691445448139977
496 8.884512653714248
498 9.671642869097864
500 12.002711186902841
502 8.791591413954116
504 8.674341132835929
506 9.616853914587477
508 8.86459812482324
510 9.681962102541869
512 12.44096540795925
514 9.782414882963769
516 8.685053521378839
518 9.317858923047053
520 9.96127806403886
522 10.16930011617875
524 10.22978878813855
526 12.609571635800965
528 11.896898505455654
530 9.860597383613834
532 10.912408070745732
534 9.14446716057812
536 8.788729373205836
538 9.11390645559613
540 9.240208758190404
542 5.793861933842758
544 7.107917980418885
546 8.066460350152106
548 8.166331259035989
550 6.51560863588693
552 6.70681887654348
554 9.759630414502176
556 9.003774539777943
558 7.63541757257719
560 7.9013535120897505
562 7.564760967550133
564 7.722760839778088
566 6.7660530632056055
568 8.038371289527035
570 7.811382598606714
572 7.920632934327837
574 9.553307177172549
576 9.184799938069897
578 10.782287908035514
580 8.991700408997872
582 9.67701348491313
584 6.819933219651143
586 8.043467225935432
588 8.03941692154933
590 8.204883033347627
592 8.376448524674654
594 8.497973811741986
596 8.746340802954876
598 8.62278467643881
600 7.744474074240921
602 8.631778860637809
604 7.662828437378662
606 7.963756304890792
608 10.752501205236655
610 8.865172565156099
612 8.528923425033561
614 8.812868408642503
616 9.983796577656054
618 7.699774048699769
620 8.155674340992453
622 8.168507829271698
624 8.55104507002329
626 8.817027783947587
628 8.733166638521945
630 8.013267149481466
632 8.778401418464377
634 9.35835607487228
636 10.455893394364944
638 9.14902160750807
640 10.572508182086171
642 9.297539196668136
644 7.881791124058731
646 7.490956860530525
648 9.362726374953361
650 8.393438453331367
652 8.6473026645131
654 8.788509397183152
656 7.980686911177414
658 12.076447115222651
660 11.441921787902947
662 11.557304155634087
664 11.639075204876358
666 11.964880846950042
668 10.574965916357138
670 9.494188784658338
672 10.301902052725428
674 9.908496920853896
676 10.317997531455559
678 9.120551139843966
680 10.174700374457684
682 8.652045628331292
684 9.178701788338628
686 9.795563926496333
688 8.456110940832959
690 9.485338159309489
692 8.634057365349559
694 8.417923596532374
696 11.849324893570815
698 11.260409745916386
700 12.082134362057463
702 13.256873271647637
704 11.835951030576128
706 12.512416740700008
708 11.365180313822242
710 13.539175583213149
712 11.798350506856531
714 10.984522241027408
716 12.942061383115618
718 12.14935666187218
720 10.88681532603241
722 12.738336935328604
724 12.231245646886247
726 11.130054832385747
728 11.8073891460437
730 12.0585816688401
732 12.351065140852638
734 11.775489813658767
736 10.26665943436272
738 12.771325688150887
740 10.228465584601604
742 10.75119299510334
744 11.370972020212246
746 11.763387179801091
748 12.51843581474371
750 11.934719990588315
752 10.491608872291968
754 8.186884972130194
756 10.379293526374019
758 12.26744999460505
760 11.051891796857296
762 11.751337410773564
764 11.360435448754377
766 11.564613417494586
768 10.018649572259303
770 11.908573391255254
772 11.745286260748694
774 12.442006653734245
776 12.904377317722414
778 10.07373873693444
780 10.733302929743212
782 9.397369123739578
784 7.47551311780821
786 10.427910460739552
788 8.714496829225416
790 11.902292233799553
792 10.966192298009735
794 11.844460797128576
796 11.331646278420658
798 12.79645554534485
800 10.654930485007693
802 9.690046798546671
804 10.678512061265014
806 8.121339521934889
808 7.7691384612371
810 9.364753951279964
812 10.512277809654455
814 12.514764535711828
816 9.965407028193018
818 10.80770500699936
820 11.579833337775613
822 11.57866470663041
824 10.736492657519731
826 11.414541465988968
828 11.040894458860276
830 10.475375350459148
832 9.947512403369727
834 7.69696668967369
836 8.79151596936442
838 6.621040696695335
840 7.223505197881683
842 8.291737552309986
844 8.783079052699044
846 11.22216228681514
848 7.41419307709367
850 8.944732705694978
852 8.92162113649149
854 9.493503841023504
856 11.403859431105593
858 11.974793453339128
860 12.225162258332626
862 11.870066945402854
864 11.315235688459168
866 11.601494544467702
868 11.88846509184475
870 12.100616595235993
872 11.097252430038859
874 10.154617141277626
876 11.355143543783445
878 11.136116350088384
880 10.369329663705605
882 10.563679569052207
884 9.647265949876592
886 10.58815359616604
888 8.154718141813342
890 8.432679491753932
892 8.169278363746704
894 9.398892916804229
896 11.562872543620468
898 11.347118102154885
900 10.936693671173364
902 8.426229943577871
904 8.715033755387728
906 9.284211571764871
908 9.11116333352299
910 7.982663983897875
912 11.13903746496187
914 8.733295842254268
916 10.816654813865883
918 10.819872523773197
920 12.468606449871332
922 11.1712570931074
924 11.407530659859397
926 11.411948624629336
928 9.939882805669882
930 10.358549140612386
932 8.464010909157194
934 7.39819570783756
936 8.626336430867358
938 10.951030771732082
940 11.646543009877767
942 11.232384109494214
944 11.07914694039838
946 10.419331674065823
948 10.128363822008069
950 10.814924143449202
952 11.501329962483657
954 11.79542189829749
956 13.199405430669842
958 11.28479376838611
960 12.72871674955343
962 9.862304230231764
964 8.729459353357178
966 7.396363382173859
968 6.584609674865789
970 9.678874584701141
972 7.24324352005419
974 7.189224119810621
976 9.25824522954262
978 8.819008198376379
980 8.568863713931403
982 11.313794616607204
984 10.502000634832605
986 11.490023329590729
988 10.818999042291464
990 11.717824093373233
992 11.179866194906394
994 9.673564148333385
996 7.254253432858622
998 8.19606652293928
1000 10.732774337081482
1002 10.025134208867607
1004 10.693179744783892
1006 11.251208370705772
1008 10.393380300073826
1010 10.62756045837527
1012 9.537229859054015
1014 9.076021392261419
1016 11.307147104280233
1018 8.249788594631292
1020 9.85621128111123
1022 11.762576098984042
1024 9.578244120610238
1026 10.35965514297661
1028 11.731639964658916
1030 11.572831800232752
1032 10.671737531572559
1034 11.414883466770851
1036 9.64083747898313
1038 10.489014649644735
1040 11.637387034984743
1042 10.340591704745105
1044 10.802531493729331
1046 11.146319548787286
1048 11.581093731952695
1050 11.469094044462231
1052 11.98345061165721
1054 11.010222166837965
1056 12.098414751358549
1058 9.272303725383225
1060 7.631007415941579
1062 9.430195250610447
1064 11.915627269427997
1066 9.00466478976731
1068 9.048254477083578
1070 8.588933363253638
1072 9.176132223427294
1074 11.090549342428272
1076 11.615454665446537
1078 9.880732681352585
1080 11.43447475146682
1082 11.254489548106164
1084 10.819773821486569
1086 11.060570355521929
1088 10.419119566992805
1090 10.13569353121767
1092 10.482172941371937
1094 11.187184723267313
1096 10.10493843343081
1098 13.762735039113926
1100 12.363981968196414
1102 11.739392185107057
1104 11.966330327173887
1106 9.2337963578492
1108 10.169279711938001
1110 10.573560263310563
1112 9.68578704409232
1114 11.768588123153057
1116 10.272389820036931
1118 9.772211526326126
1120 7.191675059904504
1122 9.068545611109116
1124 9.86808805056853
1126 9.639135259568173
1128 8.033821672259014
1130 9.374115650349811
1132 10.736327371468013
1134 9.512434201310855
1136 9.90112567305045
1138 7.137544261575845
1140 7.384400381697677
1142 6.602187539291099
1144 9.836224111567077
1146 7.266016815296584
1148 7.377391484451309
1150 5.959498692879144
1152 5.508991584788625
1154 5.8936917021511706
1156 5.844297908388663
1158 5.434458941050712
1160 7.970911237636626
1162 5.270981099198831
1164 5.228806395726487
1166 5.648648641850795
1168 8.264923949405778
1170 8.027436978817455
1172 6.399753651177355
1174 7.930331098615017
1176 8.817830102301318
1178 3.9173657102383763
1180 5.23224786186513
1182 5.5664552157950435
1184 5.270549450487074
1186 8.429219284743892
1188 9.39040049713467
1190 7.643228073806563
1192 10.337416883216825
1194 9.176395187869874
1196 10.95157929480325
1198 7.094521389521354
1200 7.752834718156106
1202 6.23930610515966
1204 7.904366482583157
1206 9.366271797991727
1208 11.086611710640325
1210 7.6958511042497095
1212 9.387753147986576
1214 8.907912414750776
1216 7.932787259760034
1218 4.866310198197064
1220 6.20206355351021
1222 4.270298449344856
1224 9.243917576014047
1226 7.331595528481208
1228 6.823309828303033
1230 9.634905307940693
1232 6.183758868415714
1234 8.457664142027888
1236 5.13749134696075
1238 7.294991676373916
1240 5.714022497384551
1242 5.776517004478238
1244 4.437460325257967
1246 6.9965568087320475
1248 3.897449356543751
1250 5.100718793307572
1252 7.949857039027264
1254 6.904804108844523
1256 9.153826818127813
1258 7.540864735000795
1260 9.562438623807827
1262 7.878418962298597
1264 8.923394187789162
1266 5.877589469697075
1268 6.6991152146721
1270 5.883102172698398
1272 8.216966591686532
1274 6.03898379992483
1276 7.650945460917138
1278 4.906618659641612
1280 6.387689660061734
1282 6.464439317742579
1284 9.226297074930205
1286 6.983026807059778
1288 8.468193384150526
1290 6.723895185628937
1292 7.572428209502465
1294 8.9781860755721
1296 8.29714952391559
1298 5.083166323330767
1300 7.043351016127927
1302 8.231304668782554
1304 6.0650958428131565
1306 7.046511715016474
1308 6.437250574472872
1310 7.00164613387869
1312 7.526185467895064
1314 7.364003373909119
1316 6.281399135356891
1318 8.913700656139747
1320 5.677021624940925
1322 5.546291121904218
1324 5.230422720238512
1326 6.458974445785872
1328 8.206228044426938
1330 8.259829226893611
1332 6.60711139369239
1334 6.393280120624181
1336 8.898448126091507
1338 5.123188108640753
1340 9.294502703173276
1342 6.0947967300143
1344 8.468212451954166
1346 6.083489282627412
1348 6.066304224340796
1350 8.418794251867661
1352 7.232020195021597
1354 8.63439693039399
1356 6.086224857586879
1358 6.808715609567007
1360 7.5087355035550365
1362 8.984218033791773
1364 6.830707665083329
1366 7.379610262042424
1368 5.718207394006399
1370 7.525426386824956
1372 7.921223127151327
1374 6.529577949055626
1376 6.51885107204644
1378 7.568746167135821
1380 5.416940552789487
1382 11.478956046278203
1384 10.947383048267396
1386 7.0489532806204105
1388 4.1650007752228015
1390 6.56934696709346
1392 4.1466138176121285
1394 8.035356309040871
1396 6.810879002786098
1398 8.495960083001131
1400 7.040290323691683
1402 7.65676453548687
1404 8.035187275099444
1406 5.819527397762696
1408 4.1318614461313015
1410 7.7310602757372635
1412 6.774840966195802
1414 5.7657757483232785
1416 6.464345163699073
1418 7.093443137639789
1420 6.925729799675401
1422 8.731142744887716
1424 8.53171918227822
1426 6.666828439861292
1428 6.815178796189232
1430 4.146329510186489
1432 6.8858418232465874
1434 8.265723431745398
1436 7.568054838229354
1438 5.916399084328493
1440 7.2628424817223305
1442 6.1877064837938995
1444 8.807304472236646
1446 6.887494778673394
1448 8.332205504655233
1450 8.742217311377546
1452 8.383912821688995
1454 8.557209118944648
1456 6.867030154315738
1458 8.112731256187129
1460 8.725255609393821
1462 8.322463099780883
1464 8.818419294857364
1466 9.373109748240681
1468 8.983320913031239
1470 9.002871877617043
1472 8.14962257793966
1474 7.229115609813626
1476 7.898413258420114
1478 8.635442691452301
1480 6.987082137114779
1482 6.546556984372402
1484 9.301350304806068
1486 7.5452381637941635
1488 6.8991654861703235
1490 7.655879564943635
1492 7.9808265284771736
1494 7.252920568637687
1496 7.987715301621987
1498 8.925853038899458
1500 7.931639612708024
1502 6.811601660734985
1504 7.546258501040117
1506 7.467658890170676
1508 8.84143327443103
1510 8.366197134251829
1512 8.81737497135663
1514 8.622444114343676
1516 9.265063001049803
1518 7.775537739401156
1520 8.373511333922874
1522 8.230639643420892
1524 12.140070931544694
1526 8.440518117614086
1528 8.478099276382487
1530 9.350371370010688
1532 7.67993262976702
1534 10.259022357315777
1536 8.577817216846483
1538 7.992201021227396
1540 7.6279124216684755
1542 7.869550985984692
1544 7.311395269951729
1546 7.594691572527043
1548 8.58867955816472
1550 8.38574111929821
1552 8.16701497562533
1554 7.236553047491303
1556 7.052774755842773
1558 10.163397759570847
1560 10.303675524403053
1562 8.72387148281706
1564 9.197496462981366
1566 7.778825218920645
1568 9.14027219371594
1570 8.19083383230582
1572 10.5757980344258
1574 8.361567789941326
1576 8.244511491084625
1578 8.18312088803989
1580 7.486099605176538
1582 10.756456439133542
1584 10.324445739207551
1586 8.663233182461854
1588 9.989984423192837
1590 8.016638705812733
1592 6.748399126574124
1594 7.568853508469473
1596 9.299390306730588
1598 9.84351951863196
1600 11.387052043661118
1602 5.395887176853065
1604 9.361127523836073
1606 8.533246039282197
1608 8.417820212220622
1610 8.09408227780915
1612 4.938451687728896
1614 7.63172948092947
1616 5.636737725197599
1618 8.718623589900298
1620 8.237235909339063
1622 9.286863044843816
1624 7.836902829920512
1626 9.89626200103213
1628 6.723665258299916
1630 8.64044386359414
1632 8.913255503091687
1634 10.896909546089391
1636 8.772456642494278
1638 13.106379143356408
1640 8.15432107219775
1642 10.522105726967107
1644 7.334752768919024
1646 8.786656680800851
1648 8.089075419967953
1650 9.548269785464552
1652 9.268085696059039
1654 7.608002669384682
1656 10.120099997803928
1658 10.494616990137589
1660 9.40686219100307
1662 11.192125683682129
1664 8.454498514727375
1666 9.449469770463017
1668 11.438726279303985
1670 7.253450576361617
1672 11.743679754075348
1674 11.445430112984488
1676 10.849379483672877
1678 8.7985515598888
1680 5.411988456675025
1682 6.219987160532408
1684 9.946689308730878
1686 7.383711573895204
1688 7.114191919416523
1690 7.727008385573033
1692 5.417226722354799
1694 6.177259407626946
1696 5.952868919045388
1698 5.834826639801618
1700 5.79311203412652
1702 7.6605131217478135
1704 10.320535988899167
1706 7.733082010379923
1708 7.438582582303224
1710 8.574947960520793
1712 6.9871371604896515
1714 8.666870432157145
1716 9.256807145608102
1718 6.91788524199298
1720 6.733482395353053
1722 7.4188637888171876
1724 7.969170985745153
1726 7.120751485708625
1728 10.912965888672117
1730 10.747545589006386
1732 10.356417345631305
1734 11.082804563038605
1736 10.48881680662601
1738 9.971879624212633
1740 9.197986810094504
1742 9.080277190831053
1744 9.964914407245159
1746 11.086222735717987
1748 7.971510757027732
1750 10.003325816889179
1752 10.92147520952052
1754 9.81844668174912
1756 9.781330598523155
1758 11.66740094921525
1760 8.078631800397309
1762 8.124646074963337
1764 6.16745723813689
1766 6.709533705677227
1768 8.682329863318953
1770 7.271958449663347
1772 7.545706504882369
1774 6.925214457472831
1776 7.28793405486953
1778 5.269746571190971
1780 7.509168129270994
1782 7.161964134745563
1784 7.586600020954353
1786 7.033249799603157
1788 7.105293184337402
1790 7.494187633829668
1792 7.191138313603276
1794 5.915692097151201
1796 7.044786362028635
1798 6.842691477785697
1800 8.446010121656867
1802 6.179125169974827
1804 7.769790726726707
1806 6.717000088251421
1808 7.338106301729327
1810 7.232734034504131
1812 7.272687499094495
1814 7.002883877516147
1816 5.510984552559567
1818 5.916160508609631
1820 8.059485980135895
1822 7.562815794159262
1824 8.82738461843436
1826 8.984903548993373
1828 9.109785864085344
1830 9.635250085698138
1832 10.082406672836013
1834 9.00715456642077
1836 7.387815003063115
1838 9.131968545268458
1840 7.687571994551257
1842 7.156604206232534
1844 7.725213955482008
1846 7.11283051925384
1848 8.123303259960787
1850 8.179546946546207
1852 8.562018797607646
1854 8.678211397927877
1856 10.164569202158726
1858 6.525356594821478
1860 4.3061527600700735
1862 6.917176511406632
1864 7.473045747906958
1866 6.698965238008131
1868 7.575623113511105
1870 6.104704526207419
1872 6.832425832842854
1874 6.938014814092158
1876 7.53958729108136
1878 6.360279213878259
1880 5.036208073875682
1882 7.541282428589431
1884 7.841007130224598
1886 7.566228156787617
1888 8.302954142075901
1890 6.38019581796603
1892 8.801466114158394
1894 8.446157167521077
1896 7.130045110660456
1898 7.619561561928101
1900 7.548642150449752
1902 7.242821583666509
1904 9.077846815942692
1906 8.959869249957867
1908 7.9124828127594435
1910 10.019286326199653
1912 7.704364065851701
1914 7.609165271993998
1916 7.833270384365155
1918 7.909925438378179
1920 9.178167377137166
1922 7.754056500635647
1924 8.525090511619064
1926 7.972611389629591
1928 7.7375021850413335
1930 7.026721920668087
1932 7.753320486773276
1934 7.438021651547466
1936 8.396241593012775
1938 8.302145254110517
1940 8.491996745646192
1942 9.5859666835033
1944 7.678648282154904
1946 5.973256907541838
1948 9.991870523407448
1950 9.34293736700856
1952 7.137630611050879
1954 6.629673778397612
1956 5.995424346033262
1958 5.510676754140165
1960 5.902229499743666
1962 5.759934842485772
1964 8.256299692914151
1966 6.774811619916889
1968 6.918726361326431
1970 8.637122816761428
1972 11.383443344310338
1974 9.128007591427492
1976 7.645704926349761
1978 7.298965645867164
1980 8.034172177649047
1982 8.253547663066321
1984 8.089414302724142
1986 8.266161764460312
1988 7.937796537858028
1990 7.741204865787617
1992 7.916887736085834
1994 6.7928921942574485
1996 7.486369323647624
1998 8.092891710653108
2000 7.5259234579739624
2002 9.530506241314669
2004 6.8031167461010185
2006 7.142393644648811
2008 7.788004539641365
2010 7.306030999445759
2012 8.355262675880969
2014 7.796369076852685
2016 7.143524853729171
2018 7.839294748315587
2020 9.675668769534152
2022 7.3947533488667325
2024 7.291112660927532
2026 5.068739605801025
2028 6.709042136306853
2030 4.6814578741221835
2032 7.404891056184289
2034 7.951980896803802
2036 7.846485422397335
2038 6.484070593384847
2040 6.3370340672235494
2042 8.407486172618182
2044 5.208928894241072
2046 6.932368248652205
2048 6.038525351829808
2050 8.513074171424497
2052 8.176385419105069
2054 9.122666320876537
2056 7.645662194185863
2058 9.857349730394276
2060 9.280804114201125
2062 7.730637751991465
2064 8.817959927630751
2066 8.88285368078376
2068 9.540563003913869
2070 8.193618020726856
2072 8.754214224072781
2074 8.229040591751033
2076 8.858320537034214
2078 7.2061508930477105
2080 9.595528735472417
2082 7.834088192333052
2084 8.678426504481752
2086 7.9986561317908835
2088 7.334885007742171
2090 8.529148271263812
2092 9.043758144541744
2094 6.812753640375903
2096 8.734521679855527
2098 6.972672507861661
2100 8.664004631305126
