0 10.283528550912703
2 8.730483381561259
4 8.87491725176089
6 8.724297762443488
8 10.69765386140595
10 11.073119054747519
12 11.48516252056636
14 10.888865924563344
16 11.399504467017987
18 9.231936481881782
20 11.077118736809352
22 11.916381982465559
24 10.176052760298608
26 10.993942402227677
28 10.768897484017927
30 11.67042677451551
32 11.755249267169177
34 12.169754823521401
36 11.362032285693731
38 10.721074125653896
40 10.83568909640788
42 8.533803298625736
44 6.661360304930536
46 8.118953846029948
48 8.915103180995645
50 9.58225581359314
52 8.475814304537797
54 10.262639613292185
56 9.670644711894587
58 8.870914313536536
60 9.11957708499501
62 9.311091898186858
64 7.419615419607731
66 8.631391681375273
68 9.37403195979295
70 8.807519549944349
72 8.660702925214013
74 8.041976491428418
76 5.7044787835734905
78 5.503537785976059
80 5.412884317829777
82 9.534033972578724
84 10.07525642966269
86 9.28914848868268
88 8.879571641094918
90 8.443492904262998
92 9.864238385491378
94 6.749005942164332
96 5.631380204572532
98 6.052605529649266
100 7.6186560944075445
102 6.107123160871361
104 7.471600276611597
106 8.04416696829191
108 8.009254222736796
110 8.473941133953284
112 6.713605804571253
114 11.315808289399126
116 8.49221938798727
118 10.018296598518514
120 8.513347367787048
122 7.311366682760892
124 6.127951279470125
126 9.457458570223832
128 8.019639797921803
130 8.146474443136901
132 8.103295932036811
134 8.067375458577887
136 8.8468359360382
138 8.100395655449555
140 8.242991205636917
142 9.82201914087257
144 7.671180742042242
146 8.170975607408803
148 9.428606852174106
150 8.562765492221713
152 8.264791352767833
154 8.185880777907514
156 9.528938611259383
158 10.520113341444414
160 8.964425723848418
162 7.295317490949029
164 11.49427882908992
166 9.811521945684083
168 5.853065023740171
170 10.275494626209126
172 9.77624535396352
174 9.304932890936065
176 7.934140720005989
178 9.771095203562355
180 8.899005906047826
182 9.053180078029499
184 12.699534619314496
186 8.578600923168443
188 11.435355248450197
190 10.50384311528322
192 9.05374362531032
194 8.012851236010821
196 9.706148676553193
198 9.474822978034737
200 9.309421655575226
202 8.66929047740542
204 10.478065262340396
206 9.075097662958433
208 11.065500149876216
210 7.9975359826156165
212 10.815568240155622
214 9.530678481363518
216 9.435241868195547
218 9.303734406215872
220 11.09681400702938
222 8.96563643384301
224 8.572191196419597
226 9.240485950260895
228 9.627032190535907
230 9.225346027285577
232 10.136295246456918
234 9.829006045471981
236 8.624355155392342
238 6.845743945366914
240 5.240969381002404
242 5.497211408549628
244 5.494778289074069
246 8.717322035631993
248 9.95660351072986
250 7.574429690606602
252 6.7014640966611125
254 8.521084566533732
256 9.904587499743544
258 9.208805327329177
260 9.892980733574149
262 10.09075472955235
264 9.27994479755189
266 9.012669010098914
268 8.597896525564943
270 8.39832671438935
272 9.559967292508897
274 6.916078498020855
276 9.72578377405065
278 10.061535301073533
280 8.49783374639915
282 10.47148692826516
284 9.700329502450286
286 10.480981556595792
288 10.482697665578351
290 10.823593475659193
292 5.99751240699419
294 5.785456986519121
296 10.679933784798497
298 9.514341139723875
300 8.10044898891892
302 6.09689381344044
304 6.470309061161931
306 10.734917916927108
308 10.261215430653026
310 8.36452187257395
312 5.861321076569005
314 11.022327860413172
316 10.25562119528045
318 10.083378021280271
320 8.892456150328051
322 9.32921116412627
324 8.489206468861386
326 6.3890068132470175
328 5.852193860925618
330 5.67029702298553
332 7.948003054883872
334 6.172101179601722
336 6.270327609567272
338 5.595794625397828
340 6.292513852809259
342 6.0187940333787555
344 5.91623030210968
346 5.76632658968569
348 5.8594713502502085
350 6.046637472625488
352 6.29627198861366
354 7.895397262387791
356 9.664051593284208
358 8.387513958575108
360 10.882067604095154
362 9.824135229830357
364 9.182585552522756
366 8.451573771357122
368 8.97234956247538
370 9.049068352225039
372 6.838775057952292
374 4.385167925590867
376 5.996174214148217
378 6.030871810014207
380 5.603115337310422
382 8.12601460800072
384 6.190092182127658
386 6.183997119712602
388 5.937547031069466
390 6.217795812480062
392 6.0377102701620915
394 8.71658441337394
396 8.519746372229259
398 5.293640995142121
400 5.6567413646756375
402 5.775441617657133
404 6.093884495713732
406 5.6681056959322484
408 9.324445086547044
410 5.998839101259038
412 6.416294305931527
414 5.978806891696255
416 8.873827629434343
418 9.260174450812698
420 5.490402792799163
422 5.9023825840993265
424 5.813612660750288
426 5.428174532635406
428 5.728426529852855
430 5.932492416515994
432 5.373694153754613
434 5.664757058174657
436 5.9073021740762375
438 5.897503408035136
440 6.089872283855127
442 5.575145936161385
444 5.890373077755832
446 5.748332208137289
448 5.910272325680369
450 5.7519953118238085
452 7.426739205380053
454 5.744964496982911
456 5.3735077024321365
458 5.800565226412587
460 7.5377565803469615
462 8.621035997486848
464 9.11053371922114
466 8.968353873687295
468 9.361489103496657
470 9.158738274447241
472 8.713254016536055
474 8.84159243675294
476 9.692756555216299
478 9.425108851931789
480 9.053539795616999
482 8.43049293208588
484 9.278072282253522
486 5.734017374060013
488 5.869687103830534
490 8.289934689180937
492 3.9234309297022247
494 5.492484292802061
496 6.054536784415072
498 6.224036023869066
500 5.8387545219071075
502 6.09288508135066
504 5.878980485934416
506 5.933705702741288
508 5.499028422048627
510 5.946400158710325
512 5.750773846642675
514 5.93354815290919
516 5.810836010664314
518 5.889394130670537
520 5.323652547504067
522 5.92683897171171
524 5.946209071541227
526 5.729060881724296
528 5.830476053738586
530 6.044135362558641
532 6.079959684794415
534 5.799469592345565
536 5.95362074298621
538 5.7309341665145315
540 5.032754690261593
542 5.394737144198173
544 5.133401146445461
546 6.461296652702528
548 6.527641336353182
550 6.11025508267576
552 6.197752421402466
554 6.115801792933123
556 5.924303216455231
558 6.475695403363337
560 6.835102840123525
562 5.412477268374757
564 7.000864089386149
566 5.899780312798197
568 5.563870766299649
570 5.836255331986451
572 6.069904018195459
574 6.066975817394857
576 6.261094368535907
578 6.513778367993433
580 6.051991968534465
582 6.385468172196001
584 6.370839523018547
586 6.278364978966977
588 6.194104619507397
590 5.883291071898139
592 6.903146930184583
594 6.139915597443536
596 5.869976701063657
598 8.510389602660538
600 8.254534686428059
602 7.192012538098132
604 11.861524005004028
606 4.930372339083332
608 5.995039875830448
610 5.852224424605685
612 6.418271487698752
614 5.85605509802223
616 6.376040934949478
618 5.9234210542638435
620 6.63392524046617
622 4.952357077700524
624 6.320345863349381
626 6.56361137236761
628 5.99259692518483
630 6.25083803220006
632 6.260580964841787
634 6.28952235120466
636 6.2238354069566935
638 5.892355226562796
640 5.844127208853749
642 6.31025368206377
644 7.574132771322976
646 6.72206200367289
648 6.477826336939644
650 7.050252242102454
652 6.30290173025112
654 5.993247907214677
656 5.754624233626113
658 6.448113522996451
660 6.243777477616267
662 6.499735038641981
664 6.0199716773917
666 7.288134268593183
668 5.941489482847039
670 6.120899675351779
672 6.473253224536103
674 6.430193327139126
676 5.881676714831892
678 5.761540886029877
680 6.195887408801595
682 6.005091135320504
684 6.021535815647716
686 6.224149158847243
688 6.0823253586876
690 5.730993247501997
692 6.066926763026057
694 6.056360288074648
696 5.913287943625972
698 6.232462374520081
700 6.103839918385784
702 6.229464318039287
704 6.317288396241572
706 6.345038780543446
708 6.270903360368706
710 6.664491884029495
712 6.800747983303084
714 6.262279234510816
716 7.09571297266323
718 6.050432448640851
720 6.72931446727926
722 6.310100967884028
724 6.340625570344122
726 6.57099605889399
728 6.060007651045005
730 6.437240706060208
732 5.812993573114928
734 5.945034689839443
736 6.203254418519172
738 9.663343996611207
740 9.024469129848919
742 6.843252265452126
744 8.99658087112194
746 6.852877722835704
748 9.586677240712984
750 9.995291240320553
752 10.318225218288234
754 9.574484784720285
756 8.628807008931062
758 9.377173937888463
760 11.019387560415014
762 10.226859474687247
764 11.466446429321886
766 9.966050541880934
768 11.445239372638225
770 10.035042653660906
772 9.348749478033595
774 9.599715184439782
776 11.298341680054095
778 10.704624232791407
780 8.976784315831459
782 7.767751989585656
784 6.461623804429985
786 6.131275272616395
788 6.150680724645833
790 5.702149622288932
792 6.138358194490417
794 6.75096914429566
796 6.386844698682493
798 6.223738556909954
800 6.110471268644896
802 6.172181306927298
804 6.150143324016008
806 6.053133199692121
808 8.237035215012183
810 5.960915370518826
812 6.277625020925335
814 6.0048796525624155
816 6.328635857087476
818 6.257738203026161
820 6.235132819801412
822 5.968829379178071
824 6.018216791513072
826 6.013498014299226
828 6.0326923793423095
830 6.460944146055242
832 7.3102957932642125
834 6.096933227327253
836 6.0747155529403525
838 6.637963904313106
840 7.470395301262396
842 6.021508504263501
844 6.544168739548678
846 6.28269044161686
848 6.2974600040381015
850 6.014961092123573
852 6.126411126717915
854 6.104466523431911
856 6.134731081273762
858 6.265853322241806
860 5.958742053774329
862 6.309748897247229
864 6.148998945447552
866 6.285055189962626
868 6.456264803937045
870 6.242153470561131
872 6.17514995439472
874 6.226441027676063
876 6.133749885568533
878 5.906139416959719
880 6.139680015855543
882 6.079624573014437
884 6.280838829439959
886 5.9914198553900055
888 6.332291742358107
890 6.204075737422749
892 6.080112656507287
894 6.178853420822889
896 5.785646827299789
898 6.035837192574174
900 6.234328413147423
902 5.974962814152503
904 6.129289873075873
906 5.532674000694724
908 6.41020494678711
910 6.280273033818934
912 6.474095785391467
914 6.244556110573763
916 6.646937175572109
918 6.082679555103869
920 6.088054356457468
922 6.0199219023771
924 5.898556861894384
926 6.235493595559398
928 5.643776605050114
930 5.834528516015072
932 6.326071074857286
934 6.004577662534767
936 5.720146553994303
938 6.10302158201105
940 6.0998610261217125
942 6.075883777032283
944 6.14069319549172
946 6.0004764238050825
948 5.996612898180366
950 6.35630516714456
952 5.998449080102768
954 6.089213849019425
956 6.153250466419988
958 6.239408674590552
960 5.655184718728091
962 6.381897502215858
964 6.323229195571545
966 5.868307615594977
968 5.736552292298769
970 5.882361669831644
972 6.495689765888748
974 6.10505552924294
976 6.236553748025701
978 6.1525663307977165
980 5.938602536928314
982 6.194381205127711
984 6.0419003383479595
986 4.937830089963336
988 6.183896875961663
990 6.194713920780001
992 6.081068963901227
994 6.475906560295178
996 5.710984398322772
998 5.867790693341488
1000 6.498722581904512
1002 6.095191477649509
1004 6.380414480310126
1006 6.131581756241872
1008 5.982253078243608
1010 6.4359168069900825
1012 6.207938168779423
1014 6.215107213738518
1016 6.102085220638584
1018 6.2981778225406595
1020 6.1688491344014675
1022 6.1685922539521165
1024 6.122978453067556
1026 6.136642088557689
1028 6.016325771892267
1030 6.320592755885274
1032 6.2653819992652435
1034 6.299127234905372
1036 6.151599038267517
1038 5.918586924717052
1040 5.85249735523199
1042 6.255285351143413
1044 7.101257899651221
1046 6.034911208619963
1048 6.022587635616002
1050 5.870433481254508
1052 6.010600208659652
1054 6.1980751209701195
1056 6.014163017867492
1058 6.048942966398933
1060 5.969760207286822
1062 6.151631594944685
1064 5.833917998973792
1066 6.320716168361097
1068 5.969743819633423
1070 6.21200468180428
1072 6.623569606234615
1074 5.778751803989815
1076 5.846890639337561
1078 5.875888176717017
1080 5.908516802624533
1082 5.979979436324655
1084 7.705207526644436
1086 7.086570365640438
1088 6.186653823243483
1090 3.9884474109925616
1092 6.2065210167298765
1094 6.302994567763143
1096 5.51121183829848
1098 6.012726575235215
1100 5.887050906150922
1102 5.918901757886652
1104 6.121159635400651
1106 6.094069018102996
1108 5.576927740480876
1110 5.91896455679473
1112 6.316747685191497
1114 6.026546808645575
1116 7.341045699302086
1118 6.270900209285548
1120 5.850886514908035
1122 6.102967096351899
1124 5.5479116345392185
1126 5.532460961360478
1128 5.924775821102598
1130 6.025749526390513
1132 6.123043800341872
1134 6.086737899681879
1136 6.036257635651108
1138 4.705998184097329
1140 5.8614164566167695
1142 6.216584301175028
1144 6.874422597383862
1146 6.562483493516173
1148 6.073048880763297
1150 7.111215921723897
1152 6.281633264322253
1154 6.574745454345707
1156 6.172997200200541
1158 6.215660814557929
1160 5.934615554508828
1162 6.254899308750002
1164 6.214296235366118
1166 6.0424236717360404
1168 5.692561236938956
1170 6.06816101849397
1172 5.6690375672178535
1174 5.999540696686952
1176 6.579220719501995
1178 6.028233051701653
1180 5.784472611109743
1182 5.961078962950505
1184 5.835465555981968
1186 6.141081595075831
1188 6.394759896361411
1190 5.990241038677031
1192 6.246587700337304
1194 6.186740349029341
1196 5.58891652425364
1198 5.618699993326627
1200 5.453243822021837
1202 5.758181557778513
1204 5.664352354657141
1206 6.00121746987101
1208 6.503522688582265
1210 5.919074193633396
1212 5.785965703154883
1214 6.028953693769325
1216 5.3534037799575
1218 5.70338197115141
1220 5.539113043010699
1222 6.047361459976504
1224 5.6749958840247485
1226 5.6826612159202465
1228 5.62568223836337
1230 5.804364276942929
1232 5.742077851050658
1234 5.836146723001347
1236 6.056226940889521
1238 5.9755813972101635
1240 5.725521097125337
1242 5.8338827930456825
1244 8.231277265109297
1246 8.761705444707857
1248 8.335954984204859
1250 8.253109380168272
1252 5.7668889845658935
1254 5.961424270806157
1256 6.020305742127637
1258 8.625969363911855
1260 8.562933969636942
1262 5.551845418312033
1264 5.900122230171155
1266 5.421922675180673
1268 6.208418659351906
1270 5.752191053548206
1272 5.992709422560049
1274 5.805521083319464
1276 5.811119755636496
1278 5.585201796777219
1280 6.251026013440873
1282 6.0904889391275345
1284 6.17547833648026
1286 6.313816214406765
1288 5.4801565256574465
1290 5.9500133756685925
1292 6.0818658623532285
1294 6.73250913758947
1296 7.8162014200436865
1298 8.910972599673025
1300 9.496833236200345
1302 8.723816662837661
1304 8.776512931106986
1306 10.527532675720765
1308 9.597527312679276
1310 9.336475938809606
1312 8.94161469490165
1314 8.819994244045299
1316 9.370788639391712
1318 9.357330034061716
1320 11.96015028014036
1322 11.345852155161909
1324 10.950113018968592
1326 9.510418127199326
1328 9.755330508376959
1330 8.680577447906728
1332 9.339221297485437
1334 10.683505567792258
1336 9.056018350717867
1338 10.97620895838679
1340 10.180240113850177
1342 8.610044535701245
1344 7.628712707361629
1346 8.755745473483346
1348 8.882863036495701
1350 9.243862356002623
1352 8.191225075675323
1354 7.47929014336526
1356 8.552263227419777
1358 8.615855310528982
1360 10.32474263149117
1362 10.548316699500122
1364 10.866689466288149
1366 9.451037353418126
1368 10.654658052141967
1370 10.850816986971076
1372 10.118548140891036
1374 9.409789768348306
1376 9.405517960711775
1378 9.431083524396511
1380 8.78651790039595
1382 9.541115960003069
1384 8.778658136177885
1386 9.359924381639313
1388 9.729306743897109
1390 9.031862567760381
1392 10.091089904719656
1394 9.526517065789992
1396 10.801541033121955
1398 9.863215827444604
1400 9.40107539839536
1402 9.049411189868271
1404 9.97389773473773
1406 9.010705793471216
1408 9.171756464510786
1410 9.379768998940186
1412 9.294000497385307
1414 10.01102170351293
1416 9.826831180985664
1418 10.628497087202192
1420 10.791724848161506
1422 9.126060570523743
1424 8.39386612324151
1426 7.9901725494541855
1428 6.137392132653354
1430 6.327903513680367
1432 5.947263179393517
1434 6.062360530925942
1436 8.223389972833022
1438 6.097421057689056
1440 6.0213309860283575
1442 5.828277848619158
1444 6.745146941556134
1446 7.194028521097138
1448 5.945260874655174
1450 6.531239421811283
1452 8.10623447907972
1454 6.1554964365235545
1456 6.741453171916903
1458 8.373469572154274
1460 9.562822565602112
1462 8.434201404009556
1464 8.085653687276297
1466 9.970536839030746
1468 9.366942512696008
1470 9.6224082657388
1472 9.085499024449422
1474 10.156429928845116
1476 10.27151932158141
1478 9.874722909176242
1480 9.486175456715596
1482 9.984598472750237
1484 9.555317344007483
1486 10.541810012250455
1488 9.890243553202806
1490 10.10005332555187
1492 9.087298505864567
1494 9.235849803578358
1496 9.434262973320275
1498 6.189929650422788
1500 5.886480298549195
1502 6.044857070283765
1504 6.830088715989977
1506 7.1757716410969845
1508 8.057407307460954
1510 7.4387940633360845
1512 7.618251816471484
1514 6.752083383001672
1516 7.614062499605684
1518 7.499435596444835
1520 6.886773912323674
1522 7.733756755991052
1524 7.316450229699338
1526 5.513200954030768
1528 6.315925834969599
1530 8.102905409813687
1532 7.329272490616982
1534 8.748331545036145
1536 7.768087163123002
1538 8.41554545638028
1540 7.169073248523603
1542 6.694272729123453
1544 8.41619571815197
1546 6.5469284319719
1548 6.895387163148283
1550 8.962087523094603
1552 6.393544766561151
1554 7.694478801214562
1556 6.022916931695965
1558 7.318700689682725
1560 8.19280268929988
1562 7.807808264255961
1564 6.3182525580272975
1566 6.082044342073638
1568 9.600934835060698
1570 6.198899312423519
1572 6.549879428369865
1574 7.511983309580607
1576 8.676252215239778
1578 8.276429781937276
1580 9.329246349581588
1582 8.854279077222705
1584 9.323103743360067
1586 9.831142475567383
1588 9.666338071443198
1590 9.09392444695697
1592 10.555142451221363
1594 10.126770219691087
1596 9.90629648734787
1598 10.387648504010917
1600 9.360638782517237
1602 10.649574359115395
1604 11.32759952606889
1606 10.11166023364464
1608 10.760954486248103
1610 9.943280673920318
1612 11.803855236474613
1614 10.386459981881476
1616 11.084566433234366
1618 10.322173092064986
1620 11.111514720925838
1622 11.161776394995858
1624 11.37087037793831
1626 10.617763276563622
1628 10.957435901898416
1630 11.675255908589692
1632 10.964916751265651
1634 9.424167232891486
1636 10.908254818870672
1638 10.21352485390923
1640 11.687801450643033
1642 11.205338256990968
1644 11.08464201766177
1646 11.000048204074
1648 11.089446294122627
1650 11.524779859844605
1652 11.260099072334539
1654 11.320548670112577
1656 10.887567044567067
1658 11.742507523553488
1660 11.12473727634886
1662 10.939700336294676
1664 11.415677839849135
1666 11.71648800461015
1668 10.554585237870398
1670 11.274065465662547
1672 11.520219224592891
1674 10.79200059899591
1676 11.399003475337132
1678 11.26009684654865
1680 10.59895714866685
1682 11.291893136687522
1684 11.21084834459622
1686 10.819182200671753
1688 10.205935463390698
1690 10.482792089550358
1692 10.106361005620167
1694 11.36431058216745
1696 12.093119207447502
1698 10.693480886866885
1700 10.770023071066639
1702 11.028714643689103
1704 11.27547580000993
1706 10.823395528739018
1708 10.750007555868832
1710 10.007442230050875
1712 9.341996877762568
1714 10.21628189088552
1716 9.741560875999616
1718 10.872290671401176
1720 10.598277508111877
1722 10.784459817842109
1724 10.630884865280285
1726 11.043419081840133
1728 10.83973215090003
1730 10.484554026102042
1732 10.336141979094267
1734 10.624143659196536
1736 9.654644309577415
1738 10.172604117139015
1740 10.37761443403997
1742 11.226653118246922
1744 11.29758898374948
1746 10.083980049148396
1748 10.853114670872484
1750 10.50227500814571
1752 10.435790601391885
1754 11.023167877146056
1756 11.316175662404262
1758 10.352279154732885
1760 10.670900516140872
1762 10.326805697254299
1764 11.041018363039264
1766 10.296863845547723
1768 10.969237107045732
1770 10.916713553746542
1772 11.022799521427908
1774 11.260628306610847
1776 11.462535420172527
1778 10.546746949894436
1780 10.640160511070558
1782 10.152412800216046
1784 9.166956775177606
1786 10.504978027615506
1788 11.058696369241705
1790 11.26422463123834
1792 10.021448871687758
1794 10.673952577333768
1796 9.922847635951593
1798 9.81837962764691
1800 11.544678636046633
1802 9.634557788723468
1804 9.215212713840902
1806 10.07624151443718
1808 9.379965646028557
1810 10.21531133908672
1812 9.475853760275585
1814 9.904029329550003
1816 9.87938533770724
1818 9.868860010791783
1820 9.84578786569745
1822 9.37547581344689
1824 9.385634266351405
1826 10.049219180167222
1828 9.241352051407993
1830 9.185390775841888
1832 10.18377987220473
1834 8.796844681067215
1836 8.198253994280575
1838 9.568019900785465
1840 9.76039022697999
1842 9.4163347585161
1844 9.64353853772794
1846 9.452135678799722
1848 9.14288162065167
1850 9.408637351797259
1852 9.000167935820633
1854 9.762702348281874
1856 9.340480432347132
1858 9.546822623662568
1860 9.25746144871107
1862 9.912430685372025
1864 9.191756874161255
1866 9.851724058202327
1868 9.656884459719684
1870 10.653381215238971
1872 11.317306080736094
1874 9.786627429950972
1876 9.54912871343863
1878 10.544567628978292
1880 11.255054072250555
1882 11.853827476231965
1884 10.682298411105021
1886 10.605987795915295
1888 8.96679122638379
1890 9.825262468011687
1892 10.875233739972133
1894 9.804596088967491
1896 8.767600463605522
1898 10.004803717129173
1900 9.972548608593197
1902 10.808788456245429
1904 10.194018971761952
1906 10.799029197860971
1908 11.433122746108642
1910 10.24475997219381
1912 10.451974338615855
1914 10.858919059955886
1916 11.372960175642312
1918 11.795681808840019
1920 10.652310979570123
1922 11.327899161407721
1924 11.40078218634582
1926 10.721985278276744
1928 11.115725583289322
1930 11.51466241206866
1932 11.368212417019812
1934 11.10414878416909
1936 11.169592019249986
1938 11.166691947826038
1940 11.012669601332297
1942 11.408568354933744
1944 11.65352038325812
1946 11.15828291177863
1948 10.85575872088212
1950 11.613875350990423
1952 12.205289848290423
1954 10.896543577318193
1956 10.624389032296596
1958 11.567333496163435
1960 11.554521754960955
1962 11.262439903853597
1964 11.60909498014187
1966 11.095549312713288
1968 11.328134470902407
1970 11.165297326086902
1972 11.029275440481433
1974 11.059922627599516
1976 11.110904478242226
1978 10.923232710788362
1980 11.08586984651865
1982 11.69843835930766
1984 11.435085156404126
1986 11.20547194325034
1988 11.93740394677239
1990 10.81019472396839
1992 11.3774374497253
1994 11.255538777865231
1996 11.367817908047899
1998 11.899024255838588
2000 11.041916712496215
2002 11.278107449604128
2004 11.90886132242962
2006 10.897770875674937
2008 11.229074908208036
2010 10.494047163214665
2012 11.218649590434094
2014 11.498859194223057
2016 11.102825854248449
2018 10.247797501195192
2020 10.645993461213475
2022 11.22308335040777
2024 10.761455973995545
2026 11.103020330588583
2028 10.815736173214372
2030 10.778000511066928
2032 11.658153509827468
2034 11.45904349178467
2036 10.20820597520759
2038 10.171855808055941
2040 11.211164187064744
2042 10.886826501140126
2044 10.848771992608292
2046 10.84425446624127
2048 11.28038034434043
2050 11.170427964362318
2052 11.481398981962526
2054 11.151967967895287
2056 11.274058373627351
2058 10.755118982427907
2060 10.38161755345339
2062 9.702328992487454
2064 9.542082633850102
2066 11.729729965106928
2068 11.30883221143303
2070 11.477583972823817
2072 10.977853864496256
2074 11.110443532146483
2076 11.600039280793792
2078 11.758395420169812
2080 11.400134328085144
2082 10.868961907366335
2084 11.18444630138781
2086 11.754141122977462
2088 10.930414554870223
2090 11.552264899460527
2092 11.38452402573291
2094 11.43083981396649
2096 11.172702909123808
2098 11.242483177792609
2100 11.32264826769652
