0 10.131073060813138
2 14.308214164535311
4 14.255504498880478
6 14.627740198230416
8 14.931817846194964
10 14.707184933006225
12 14.995228895149781
14 14.93229583422232
16 14.997838594483628
18 15.070751501229056
20 15.681390105539945
22 15.47087650708492
24 14.538811095481611
26 15.428323529014731
28 14.817026876794522
30 15.073172329416717
32 15.06356298602706
34 15.342598346747218
36 15.532335297924728
38 15.466668114322355
40 15.594435535525124
42 15.226351126517025
44 15.26698794913009
46 16.004705403985543
48 16.259823885595274
50 15.818634998546168
52 15.90921701812448
54 15.13364911778222
56 15.195869768862583
58 15.466174052604694
60 15.489471966763446
62 16.097478837214627
64 15.934437500358404
66 15.766786964740165
68 15.458528203356225
70 15.862736616290547
72 16.098784348746925
74 15.297920604147391
76 15.823268408655164
78 15.992113124216973
80 15.931526401569393
82 15.414681622651328
84 14.945724519365058
86 15.557040549436342
88 16.123009615153038
90 15.340645500339425
92 15.640542416157098
94 15.897352934540628
96 15.824464264059705
98 16.218676534487226
100 16.037388266362857
102 15.805231147871003
104 15.678127047141855
106 15.802272941604183
108 16.052074068292193
110 15.763593914944952
112 16.08963938572847
114 15.5505151517364
116 15.79053378767864
118 15.888592552814798
120 15.957274623489557
122 15.815596852747465
124 14.865278712181436
126 15.81971300040831
128 15.76004154819894
130 15.195925671877253
132 15.781121309231558
134 15.814005386478987
136 15.967192208026873
138 15.56917014260779
140 16.060730520240977
142 15.835119678369265
144 16.401640721755133
146 16.026219519239643
148 15.458706214925611
150 16.290889391709744
152 16.195339026677882
154 16.02901074817864
156 15.96894901025457
158 15.656390293198058
160 15.273725843469357
162 15.968745562088754
164 15.804184084103792
166 15.587564280509538
168 16.669643262540962
170 16.310049824035314
172 15.828799685041732
174 15.709239494036215
176 15.99814427200041
178 15.207712134774287
180 16.030288599645388
182 15.992277857776509
184 15.48722804998346
186 15.646423587182412
188 15.950145372644831
190 16.17235088558827
192 15.310356352665774
194 16.046469713079848
196 15.705929315444784
198 15.879574429361679
200 15.66625144579378
202 16.164082311416564
204 15.364713647708957
206 15.588533737596725
208 15.913072407033216
210 16.045404333606037
212 15.839495873569149
214 16.13156289075009
216 15.688778178658394
218 16.40658465581449
220 16.048900924560357
222 16.19144463656982
224 15.344355612135907
226 15.864439638516288
228 15.955170613582187
230 16.093579751356746
232 16.59175898125338
234 16.26102034104393
236 15.644361638833113
238 15.997162818179119
240 15.453385348087636
242 16.56883334024731
244 16.426453049765684
246 15.711539502779196
248 16.130060293010626
250 15.971258855521029
252 15.534080996703175
254 15.696983003398588
256 16.08181886463863
258 16.238431627431343
260 16.204204494274435
262 15.839751576104087
264 16.028000038644006
266 16.345385868516402
268 15.737222550744836
270 16.083083495756647
272 15.292743117948175
274 15.416875968963181
276 15.65664024101312
278 15.691444038381178
280 16.32739483649044
282 15.796398423744812
284 16.28358005178923
286 16.653473433819862
288 16.413379459571537
290 16.389466740127634
292 15.240040761739573
294 15.51740143602314
296 16.390652361695054
298 16.044543859288808
300 15.76800745653149
302 16.477415624584452
304 16.05806962066249
306 16.067118458697852
308 16.084533693375363
310 16.28003240343173
312 15.483181200434696
314 15.747452261308768
316 16.436804480443964
318 15.984129527532367
320 15.763755861040332
322 15.834299393613282
324 15.906977548901118
326 15.407692706680473
328 15.715895985314434
330 15.794435781732949
332 15.485786044675198
334 15.768942696996724
336 16.20775756866645
338 16.243932228772174
340 15.847461597972051
342 16.31067129749994
344 16.079446840405485
346 15.933384988636021
348 16.128224773215162
350 16.0500553017497
352 16.385925186573925
354 16.323585934115936
356 16.44436832058065
358 16.50645494170531
360 16.627484466634122
362 16.2616341555872
364 16.025821821401102
366 16.422923113036383
368 16.033000448874173
370 16.300923657793653
372 16.649541286441334
374 16.76943287481555
376 16.29587681844308
378 16.011677867074333
380 15.996092104513263
382 16.567723717250733
384 16.611493430799193
386 15.803303900912358
388 16.04424363495397
390 16.127829785729443
392 15.577918881655272
394 16.119403656562444
396 16.909730471514884
398 15.743631971570597
400 15.644156465354511
402 15.817858549553787
404 16.304325013939806
406 16.23967902106154
408 16.87954169279748
410 16.16945468924467
412 16.841875185370938
414 16.41530576934272
416 16.557234625898726
418 16.027204999555842
420 16.374402508036248
422 16.34421784124456
424 16.54935050865546
426 16.797181431435927
428 15.863071065619508
430 15.738942671943832
432 16.280481465505922
434 16.033428181855125
436 16.06053873643102
438 16.078265826718855
440 15.39302601453328
442 16.70165911865517
444 16.1908200693057
446 15.859349239415447
448 15.636032758029668
450 16.52202556089226
452 16.781866379654883
454 16.252293020309956
456 16.41096063827832
458 15.835937695217064
460 16.260146825298854
462 16.171212937652015
464 15.974259455415918
466 16.565147625202464
468 15.821465680964856
470 16.00859045377394
472 16.195968054977005
474 15.991421137980687
476 15.171591340641234
478 15.596652476196725
480 15.442389487732527
482 16.193845643480188
484 15.941410659728485
486 15.802449475247382
488 15.731635491676672
490 15.753527343455563
492 16.667828976429842
494 16.153243788974283
496 15.86557146208828
498 16.351970596599514
500 15.54286102018008
502 15.982887169957964
504 15.800843120244283
506 15.701398570754792
508 16.63581129155099
510 16.16016154463528
512 16.21613024211873
514 16.361133768023286
516 15.84111815272831
518 16.83137152139716
520 15.555530257964916
522 16.615081612968954
524 16.646035015899454
526 16.38979317852257
528 16.52882538191765
530 15.51428362191696
532 16.403477965036018
534 15.969484893192675
536 16.746543776026986
538 16.995763847961378
540 16.073529063652416
542 16.373105393624076
544 16.257270826439875
546 16.558108504445514
548 16.26550660304592
550 16.51018606338754
552 16.601170153085622
554 16.221379549226935
556 16.267503920057226
558 15.611415561223174
560 16.477734079228462
562 16.32501256538693
564 16.477402495334267
566 16.547288971378553
568 16.264578432051934
570 16.103878394564653
572 16.023976942521024
574 16.370783241657854
576 16.22155165996395
578 16.298632757779565
580 16.112422909337017
582 16.539494935780976
584 15.975338001096645
586 16.27858588148353
588 16.303992551898578
590 16.48950086182014
592 16.429676094600854
594 15.891692047202762
596 16.06099024492908
598 16.616118244718884
600 16.018591050234676
602 16.527790762984374
604 16.268461083502984
606 16.76192054651753
608 16.493052617315616
610 16.76840087509086
612 15.890487108781329
614 16.314760726966906
616 16.147406233041636
618 15.893727075630077
620 16.865418990467543
622 17.38622862658689
624 16.137150395159455
626 16.584854907924466
628 17.072284632040198
630 16.564321079131318
632 15.955333179236925
634 16.18674340654773
636 16.40864054272802
638 16.451475479140296
640 16.727045101194513
642 15.905597575719273
644 16.394261452207115
646 16.383081709385884
648 16.226596827758687
650 16.95341221936012
652 16.560921082247045
654 15.853376925713999
656 16.616759492719392
658 16.429360138130868
660 16.09105832808121
662 16.344987694943953
664 16.492558195443156
666 16.113562305883786
668 17.695211177966698
670 16.728214210926776
672 16.787897608932276
674 16.424158397927343
676 16.63770382315955
678 16.762176781642804
680 15.957160044234453
682 16.08210222840839
684 16.509157113292453
686 16.513634282926358
688 15.866225893091489
690 16.617941782327982
692 16.54917639176197
694 16.534365664975557
696 16.273835496723795
698 16.168247892238192
700 16.034757164074882
702 16.12615622255412
704 16.58188646552475
706 15.901881776502524
708 16.173599246852966
710 16.244570230546277
712 16.474683632576237
714 15.789677232437619
716 16.609908464928267
718 15.983849475206812
720 16.077701852938624
722 16.313186647426132
724 16.679448678402302
726 16.405983201143126
728 16.000722101703808
730 16.10339709771174
732 16.06916473553967
734 16.425221043881276
736 16.718460000224855
738 16.411427877582266
740 15.996188135692925
742 16.083795456163664
744 16.220164660501737
746 16.55067441717624
748 16.51163561255717
750 16.175475063796302
752 16.23663049582009
754 16.148146243634613
756 16.22061120129773
758 16.283905180924442
760 15.861222297743298
762 16.392685669346232
764 16.40124603469238
766 15.66554100195992
768 16.553616297211576
770 16.35762160736348
772 16.056840034189932
774 16.180167823554
776 16.65082538380606
778 16.410353709611105
780 16.373748924583634
782 16.557454531468167
784 16.536354877157766
786 16.802905264191427
788 16.051062433368557
790 17.364121936816975
792 16.02060633013659
794 16.430559139570313
796 16.508348670971277
798 16.228807127830486
800 16.320598870865542
802 16.879898438175402
804 16.80231192730064
806 16.634827609005658
808 16.089508634836907
810 16.081025485653324
812 16.69846654738857
814 16.11702968900209
816 16.13829208451368
818 15.902777562269964
820 16.266096539267682
822 16.469949064844396
824 16.66762847910979
826 16.385422510190605
828 16.68782409636796
830 16.656357628751117
832 17.001569292947146
834 16.036105995017213
836 16.611289764524575
838 16.272889441459057
840 16.56591701780229
842 16.58639795934401
844 17.17099217547029
846 16.236463477761806
848 16.61821221395732
850 16.482507979100028
852 16.99996931903824
854 16.05633690660931
856 15.958591542443845
858 16.13832590527771
860 16.152433503947282
862 16.31939392871974
864 16.02998438443673
866 16.2388444827699
868 16.095085784978874
870 16.558409500960778
872 16.12003030324664
874 15.938520486249312
876 16.46247894809635
878 16.003823353193024
880 16.83864613380327
882 16.655987131673413
884 16.66954532984992
886 17.061189418622288
888 16.700643990535397
890 16.613202919997565
892 16.323001130112374
894 16.804605445126747
896 16.30031593475537
898 16.930626632532906
900 16.286360367903676
902 16.57269589333677
904 17.003969291717112
906 16.567481913617666
908 16.327644558947355
910 16.560123341237794
912 16.481077011805766
914 16.664808038751726
916 16.463927564778462
918 16.87203587917906
920 16.374094138212875
922 16.587282052926195
924 16.259811764387088
926 16.488546384610682
928 16.484027054053303
930 16.53831008747124
932 16.662488303042263
934 16.385999112438903
936 15.850866757737128
938 16.392885119680084
940 15.94797181975128
942 16.45662780722151
944 16.287388766679552
946 16.23912995699767
948 16.300088634414596
950 16.630502747208837
952 16.168355540947367
954 15.981851935373351
956 16.032192282596625
958 16.149699633188263
960 16.936546506006046
962 16.516159009188218
964 16.055213495414307
966 16.400723374766574
968 16.210751535078973
970 16.571379719710595
972 16.280164201925633
974 16.77518967318044
976 16.846551858332727
978 16.263369389675724
980 16.231194026554714
982 16.289248229233365
984 15.796655613857416
986 16.39858426640874
988 15.989227617038484
990 16.25862540371492
992 15.911217945795267
994 16.189952711827203
996 15.961350936890167
998 16.149940009700785
1000 16.674857192496148
1002 16.650666948954086
1004 16.429517992580184
1006 17.132985862434733
1008 16.893342100492706
1010 16.529388044584906
1012 16.644172206843308
1014 16.750940332241562
1016 16.40257473622195
1018 16.665796936557864
1020 16.681485662192017
1022 16.066493921662907
1024 16.751851138637097
1026 15.872041787117224
1028 16.444636594726507
1030 17.11045194732403
1032 16.605961142559565
1034 16.185878004525033
1036 16.194622317060976
1038 16.533276988727465
1040 16.43071962588248
1042 16.209049862427722
1044 16.761195140826498
1046 16.56876589648544
1048 16.40277232840166
1050 16.37562042412188
1052 16.515996027129898
1054 16.426876060051693
1056 16.314009761613598
1058 16.200027930907712
1060 16.335519049334085
1062 16.780060930290055
1064 16.359861618427093
1066 16.39765757193585
1068 16.663236470458582
1070 16.849128552098435
1072 16.527960631288632
1074 15.959514593904428
1076 16.33172025890149
1078 16.634148042886913
1080 16.057566930047166
1082 16.695323526059422
1084 16.055698904426
1086 16.310566374901974
1088 17.14942907405143
1090 16.30421445393714
1092 16.274729777964346
1094 16.61848063954999
1096 15.97899562596696
1098 15.821804453956625
1100 16.78268536000936
1102 15.995070262396792
1104 16.485549806701233
1106 16.448978141051782
1108 17.034344855709545
1110 17.015552328171324
1112 16.273508221166907
1114 16.487753184101127
1116 16.274248993924115
1118 16.225541532113407
1120 15.870097370199444
1122 16.397051002345457
1124 15.762141747152393
1126 16.42714177053583
1128 16.2704007109364
1130 16.52747859336683
1132 16.676670870180516
1134 16.45319684795341
1136 16.120762744781164
1138 15.839680816442472
1140 16.22638213679039
1142 16.48263109249668
1144 16.21381890535075
1146 16.401492160742677
1148 17.251955694378033
1150 16.576652922777775
1152 16.22897161792433
1154 16.62023848159543
1156 16.425602613850216
1158 16.871194324378695
1160 16.970506718207574
1162 16.288558255460842
1164 16.271490639065263
1166 16.749357327377936
1168 16.399520990401342
1170 16.57245229086173
1172 16.33223360819403
1174 17.118560536556714
1176 16.77901924259037
1178 16.610291154435334
1180 16.47417559909845
1182 16.08836876812427
1184 16.476243876575893
1186 16.371817452614163
1188 16.439642693380257
1190 16.597920012907842
1192 16.384002561690416
1194 16.854592909603284
1196 16.391173420413825
1198 16.687283604600314
1200 17.027097984075574
1202 16.782310190410733
1204 16.67538665387578
1206 16.474318608322797
1208 16.45165621319167
1210 16.755421225166337
1212 16.419213156586384
1214 16.307082276516855
1216 17.23075571423557
1218 16.638672583710335
1220 16.768214717823437
1222 16.070739021899893
1224 16.54322278333981
1226 15.888366745881253
1228 16.182107797458386
1230 16.313529428651442
1232 16.33014826897619
1234 16.28116376583701
1236 16.572366220967936
1238 16.771043312045112
1240 16.322211755215008
1242 17.060981768124
1244 16.74043562054575
1246 16.903012500493773
1248 16.389876256433062
1250 16.530609704122078
1252 17.23058091683913
1254 15.982947612376357
1256 16.175927529488245
1258 16.39729724254535
1260 16.43766661427448
1262 16.17824539667516
1264 16.47799158635591
1266 16.039937812799607
1268 16.80053752112213
1270 17.123684005628597
1272 16.226019322427746
1274 16.34863000796121
1276 16.437611617374497
1278 16.608631880591318
1280 16.369244968943686
1282 16.472675148200448
1284 15.707208388356339
1286 15.759659655040512
1288 16.144738304498336
1290 16.03238959955891
1292 15.924832639383776
1294 16.661463014771112
1296 16.430916340979206
1298 15.964289348399902
1300 16.05666145493428
1302 15.972899000051537
1304 16.789441462685502
1306 16.016504068102183
1308 15.809413548306157
1310 16.13636075386635
1312 15.867887779199323
1314 16.382306188529565
1316 15.956264712506396
1318 16.600224547924444
1320 15.864867864493721
1322 16.38629237582272
1324 15.865706158158925
1326 16.248828550023656
1328 16.23036300996314
1330 16.73959741416013
1332 16.48403049551213
1334 17.05232380551074
1336 16.197935878037633
1338 16.477160934227214
1340 16.356507968500377
1342 17.359601437086724
1344 16.362527455170614
1346 16.300556710876062
1348 16.243156624302337
1350 17.26843687474924
1352 15.84526232092331
1354 16.667113564160523
1356 16.71417145232366
1358 15.96835421313911
1360 16.62951269797388
1362 16.795391310199307
1364 16.72488288106276
1366 16.510151857709946
1368 16.70627889734738
1370 16.283160046835274
1372 17.06343058789004
1374 16.25809778645815
1376 16.413535825496016
1378 16.376748367834328
1380 15.871191816666745
1382 16.048763657342317
1384 16.65667781545315
1386 16.618320000270952
1388 16.405521556745423
1390 15.983135635624194
1392 16.500449847753536
1394 16.01533028863933
1396 16.37200026831539
1398 16.038757434388188
1400 16.5866208975152
1402 16.12620589812503
1404 15.664881824448466
1406 16.950190047828016
1408 16.230030009302904
1410 16.389890138400332
1412 16.36941588388043
1414 16.529667197752918
1416 16.379486098096088
1418 16.100939572801973
1420 16.37469112453266
1422 16.069229248215343
1424 16.094159653654796
1426 16.584998911230713
1428 16.567395263639035
1430 16.81051525672359
1432 16.147186072418645
1434 16.09959104106397
1436 15.282518948943387
1438 16.005680005954268
1440 16.49301918756549
1442 16.459977675991055
1444 16.61971758220772
1446 16.352103336937244
1448 16.282389783049375
1450 16.490058379709293
1452 17.008515570457938
1454 16.359429012864627
1456 16.649954058152016
1458 16.120761420014684
1460 16.24697575167355
1462 16.555573273151314
1464 16.038030532781963
1466 16.554649755704194
1468 16.540975646059938
1470 16.842279421471062
1472 16.298415600868964
1474 16.34781481292746
1476 16.158531802117245
1478 16.046573979156666
1480 16.363540441110583
1482 16.544866949466144
1484 16.81590826970474
1486 16.14716273788335
1488 16.403041502763948
1490 16.547825400586678
1492 16.178978997496507
1494 16.394790085836785
1496 16.364312456506156
1498 16.278802879428337
1500 16.52443274263654
1502 17.33024894768943
1504 16.47398682730198
1506 16.77435729295297
1508 17.357561271611136
1510 16.882194015959087
1512 16.68947570489477
1514 16.90052333387441
1516 16.80843873570509
1518 16.68238142179871
1520 16.541242595526626
1522 16.633611364443794
1524 16.1832829318998
1526 15.981764212418899
1528 15.663010516228663
1530 15.918814622560614
1532 16.22921089985496
1534 16.59410596241028
1536 16.14575200347075
1538 16.06792465738643
1540 16.018257174326507
1542 16.355220772988957
1544 16.349816997661
1546 16.096318279224082
1548 16.793945148908698
1550 17.06754041404141
1552 16.291090383366424
1554 16.65315847101189
1556 16.811244091358464
1558 16.911390003395557
1560 16.202908319582587
1562 16.970520234730074
1564 16.740905048694344
1566 16.521812499884174
1568 15.993474371925027
1570 16.41727433213725
1572 16.828395766595158
1574 16.357545881807027
1576 16.586092256145662
1578 16.126626987063293
1580 16.485705727445655
1582 16.088115912135763
1584 17.031456087933943
1586 16.453459596961203
1588 16.778513992765514
1590 16.970025257459056
1592 16.7025217824394
1594 16.745650751153402
1596 16.64410473832572
1598 16.794269117266293
1600 16.544055081289535
1602 16.715700156439514
1604 16.69341884971026
1606 16.687273005832463
1608 15.978606081195204
1610 17.006593345107266
1612 16.352065991824023
1614 17.081695056755276
1616 16.426481682452767
1618 15.91604694687355
1620 16.720058907221677
1622 16.151876458440213
1624 15.731741718305717
1626 16.117330346461795
1628 15.99647649458415
1630 15.907827674360622
1632 16.472087326684328
1634 17.114256069588674
1636 16.724803343388512
1638 16.77594578631012
1640 16.074189560651927
1642 15.966364977530375
1644 16.669245087683016
1646 16.21296426656345
1648 16.33034648950533
1650 16.733893165150402
1652 16.35023920090863
1654 16.679346265448075
1656 16.489955041013513
1658 16.441292290307207
1660 16.475893829875968
1662 16.185158130249874
1664 16.50083420298941
1666 15.819793960832202
1668 16.013579125425967
1670 16.696550261300363
1672 16.111544847351272
1674 16.315684148045797
1676 16.29627540272161
1678 16.208099902912576
1680 16.487770802481368
1682 16.073957592995843
1684 16.528362534152482
1686 15.52366028558173
1688 16.231210178237607
1690 15.555081166934297
1692 16.45270569628135
1694 16.008926440623263
1696 15.863998129468492
1698 15.847406006068388
1700 16.010162110996465
1702 16.362912944948807
1704 16.018894151679405
1706 16.45282479100654
1708 15.93328739861001
1710 16.325154179405207
1712 16.158236745252015
1714 16.523032447754463
1716 16.186346398778156
1718 16.213112683509877
1720 16.08812068455359
1722 16.222592037163793
1724 15.735438537595973
1726 15.957320556302344
1728 15.720230605979816
1730 15.742862453931929
1732 16.02760076072159
1734 15.884418608847168
1736 15.850537732940497
1738 15.915008428718744
1740 15.381407972756937
1742 16.09619629447382
1744 15.416618810061903
1746 16.032520763554718
1748 16.08606482949192
1750 16.309315191849084
1752 15.860926425041228
1754 16.163084468606556
1756 16.22616702620605
1758 16.363215037950702
1760 15.802592135685732
1762 16.22587016542232
1764 16.048021362987637
1766 16.31986058961066
1768 16.770971104547836
1770 16.84821593577717
1772 16.168210786104787
1774 16.86409639997828
1776 16.263916179150574
1778 16.76079046984946
1780 16.395301907091703
1782 16.293222379125805
1784 16.157755096230776
1786 16.103834081152836
1788 16.080676724158643
1790 16.150198681723197
1792 16.39604340086224
1794 16.43187653164841
1796 16.473994408165137
1798 16.32995028823128
1800 16.04728362753604
1802 16.731242219783397
1804 16.22583709673834
1806 16.105678906964652
1808 16.43712423543552
1810 16.490799198992327
1812 16.191240670897756
1814 15.825565898311526
1816 16.213918357157763
1818 16.92110435615467
1820 16.975725214842868
1822 16.968995065780735
1824 16.166044113181666
1826 16.373312453673943
1828 15.898957088984904
1830 16.45890898693744
1832 16.248402068934478
1834 16.511537736136926
1836 16.14647551560429
1838 15.99554220021901
1840 16.137503720544686
1842 16.253478343829848
1844 15.88219112836694
1846 15.999312073988696
1848 16.04920842086499
1850 16.192627743619617
1852 16.020947961850705
1854 15.702978450226752
1856 16.628873130989888
1858 16.10335988990204
1860 15.92155195952961
1862 15.779985812610057
1864 16.498441144791677
1866 15.877371133706719
1868 16.091384481040002
1870 16.264235114691715
1872 17.13249849037829
1874 15.612876909092222
1876 15.768281014369165
1878 15.99352570942223
1880 15.91999686543171
1882 15.831780602083652
1884 15.707155785828029
1886 16.374080010535685
1888 16.122520022435094
1890 15.914551339737905
1892 16.166993306546562
1894 16.425069452008863
1896 16.142253958387297
1898 15.7049145315061
1900 16.6432382794346
1902 16.071481614524956
1904 16.649405577717744
1906 16.118404527374363
1908 16.039443605433405
1910 15.88965822499333
1912 15.63537843066681
1914 16.310028873233573
1916 16.391031596857225
1918 16.261751532441046
1920 15.774540480801113
1922 15.774462067394579
1924 15.817060906201988
1926 16.12106382622361
1928 15.97109490183275
1930 16.1483823540357
1932 16.1143007310078
1934 15.789828041885745
1936 15.65872562333798
1938 16.12199541847295
1940 15.50396924639736
1942 16.21118209228316
1944 15.427308137748334
1946 15.94324295176783
1948 15.757005396568735
1950 15.65944514084727
1952 15.4416935995947
1954 16.00104847457885
1956 16.45668407408194
1958 16.06182044860002
1960 16.117973723647093
1962 16.42485971627358
1964 16.1437434255018
1966 15.562570240178845
1968 15.990864915293193
1970 15.396096533553143
1972 15.224091286688024
1974 16.170825218796384
1976 15.637203442830351
1978 15.754732027625675
1980 16.197603611911777
1982 15.926241954722489
1984 15.82566384204277
1986 16.3863988358971
1988 15.728909603675646
1990 15.878988249520175
1992 15.517194104456662
1994 15.96902652494641
1996 16.28649758733134
1998 15.915422037170668
2000 15.5142983070228
2002 15.88886781551831
2004 15.43390730252117
2006 15.58675722458769
2008 15.947773060858388
2010 15.767883320702607
2012 16.444441100913775
2014 16.139831872038858
2016 15.991272399739184
2018 16.309674336583008
2020 16.06328307973153
2022 16.279840189082062
2024 15.784224923034868
2026 15.661636739776538
2028 15.373678962041236
2030 15.99476819332274
2032 16.03292701122848
2034 16.531107320836266
2036 16.359007693372508
2038 15.510062728648606
2040 16.199527377734952
2042 15.4605656264522
2044 16.170307517445885
2046 16.2201444879575
2048 15.83316630060428
2050 16.28061973367336
2052 15.95435087513527
2054 15.039809062842222
2056 16.43046141335989
2058 15.558751698707106
2060 15.667674556458296
2062 15.756326704905122
2064 15.615411606542114
2066 15.381710811257006
2068 15.675372484958512
2070 15.264417991202588
2072 15.317476701131868
2074 15.46613777718721
2076 15.756986388682089
2078 15.430387109141302
2080 15.889777759033278
2082 15.51526610618054
2084 15.758590642391448
2086 16.08990168795827
2088 15.523419229866366
2090 15.557781832457955
2092 15.878024232308421
2094 16.50696421411362
2096 16.028222406912658
2098 15.851300147996461
2100 15.748615254689172
