0 4.627409692809877
2 4.1110640458703465
4 6.316244574598606
6 6.589119694775244
8 6.826363915846293
10 7.84296833248857
12 7.619662303501496
14 7.772751368118416
16 7.863843887446701
18 7.811094415751465
20 8.856043763040182
22 7.864610971002149
24 7.2122798939361905
26 8.059053055110375
28 8.124245474284605
30 8.202554557549073
32 9.047420746372293
34 7.918215009894849
36 8.65801845477861
38 8.000422595497728
40 8.571009695252114
42 7.455194390553906
44 8.104330197151494
46 8.10814426324497
48 9.284173210939295
50 8.914455843509685
52 8.473408831915233
54 8.421531982956978
56 7.2812826896247875
58 7.43085567142736
60 8.378362017583434
62 8.992985884416242
64 7.687787231438847
66 9.528973923932899
68 7.32366371230464
70 6.9121853666601245
72 7.0115934986278035
74 7.06770075812669
76 7.614266906040468
78 6.889644670557233
80 7.400401633009327
82 7.144699755822618
84 7.365607702767568
86 6.484998761421251
88 6.468287558960956
90 5.745519207766162
92 5.742018485506383
94 6.299999544178747
96 5.984469293892695
98 6.246766918170975
100 7.212450570457003
102 6.441274113641532
104 6.255595981130906
106 6.103912086127489
108 5.882194699577724
110 6.153225582641452
112 5.856375344677291
114 6.408233931562078
116 5.735906586168813
118 6.490149217488924
120 6.313898733592729
122 6.545112619859352
124 6.427607289939796
126 6.042340999438655
128 6.33609251603194
130 6.2492963554103715
132 8.287953991915323
134 7.903496105503624
136 8.451709681080475
138 8.775019073554352
140 6.938997400073693
142 6.661830556600798
144 8.471292844653739
146 8.01652232543335
148 6.499749365579702
150 6.6948678167864974
152 6.605381804760751
154 6.111420932503706
156 6.284338885057574
158 5.986639560123121
160 6.6261722627949124
162 8.47625189487273
164 7.989875494954175
166 6.045618171740515
168 6.085614963575866
170 6.337389341216927
172 6.394056866676408
174 6.671742641766292
176 6.225515551688101
178 6.352386745993408
180 6.828803729051515
182 6.056376420702801
184 6.1241574815279005
186 6.0503622550031855
188 6.345039205709036
190 6.636008508388247
192 6.168333509245569
194 11.574841965324044
196 11.139027513013932
198 12.705064463866925
200 11.970123408679473
202 11.850875786590723
204 12.910265807734838
206 9.61792612447501
208 7.078060322382088
210 12.259734553195567
212 10.219886086980992
214 8.517004874234559
216 7.532773219034803
218 12.580090491088416
220 9.114232944977829
222 9.929913837107724
224 9.99264326377173
226 8.653165246697796
228 6.731742517219246
230 6.163073448755913
232 6.250158251909321
234 5.967460276662568
236 6.827515910247177
238 6.037933412912592
240 6.546464815520054
242 6.011889649947132
244 5.860999500852194
246 5.957598400257324
248 6.017068283135023
250 8.679285403603712
252 9.197382376423302
254 9.82695037353115
256 6.595560156326706
258 5.479542065721909
260 4.04366177032464
262 5.236914718528735
264 8.862079315062028
266 9.078341440652503
268 8.629101854890855
270 8.000052176496792
272 7.1851342811885175
274 7.652935377449642
276 8.035977452567254
278 7.507358889790467
280 6.629574418485299
282 6.08943205191592
284 6.4746015412862565
286 6.1233513206844625
288 5.923893014509675
290 6.366650210757562
292 6.018461209447008
294 6.353275584833333
296 5.799085639177477
298 6.20823454943035
300 6.351262381923935
302 5.898732393304062
304 5.818667699132085
306 5.945180831230611
308 5.427746958203691
310 5.599165175762068
312 6.376101654492148
314 6.03791811098311
316 7.026962362851392
318 6.577538320041692
320 6.038496139968091
322 5.799695573908791
324 6.235615864239234
326 6.195886866998275
328 4.777123866822867
330 4.733576405550518
332 4.88459777551396
334 4.8465760329655465
336 6.927410185456441
338 6.08608768771088
340 4.879111776975769
342 4.269388279573985
344 4.459444995105893
346 6.213546595268534
348 6.160724180194704
350 6.578976829782016
352 7.035334546265254
354 6.225626404901888
356 6.1149789331173485
358 6.442520098703757
360 6.795177071058022
362 5.4977144343356255
364 5.383664456007443
366 5.497723477397179
368 6.505182135553362
370 6.353714585826134
372 6.1938999660662155
374 5.5663450501030685
376 5.352170963359886
378 5.798286798480482
380 6.232631132887887
382 5.972825732350237
384 6.2221102882591675
386 5.599028056686322
388 5.881247335472446
390 5.639117457827024
392 6.0843697013824105
394 5.664252942383882
396 6.332570293894463
398 5.632104831590973
400 4.636814282670128
402 7.175385804973496
404 5.923194400779251
406 5.907752426519218
408 6.039436193768037
410 5.838445188930594
412 6.440753218401665
414 5.962780730544536
416 5.88158695112004
418 5.90932424332738
420 6.184639671889374
422 6.1927271777039135
424 5.8697326464216575
426 5.4931655918225175
428 6.03118562850277
430 5.400781750079972
432 6.096763630325893
434 5.8696763591896595
436 5.705429228981979
438 6.492010513909423
440 5.882869133099433
442 6.487315385668038
444 5.580266523120348
446 5.570411308080879
448 6.217370355761624
450 5.537176944037195
452 6.1099327680574
454 5.566784982183276
456 5.056893673664119
458 7.0468476648612315
460 6.071137759127849
462 7.229584272788631
464 6.544167455503006
466 6.467628805311318
468 6.960893420176921
470 5.940431486451782
472 6.8860174473681655
474 5.417135600260028
476 4.426470513970008
478 4.806005524252359
480 4.839155336559225
482 6.428595901892173
484 6.933439419940382
486 6.4198624365088595
488 6.056820335532347
490 6.768294252334838
492 7.557821644192926
494 4.851543194541447
496 4.357299118627047
498 4.724180694439448
500 4.356114496712905
502 4.717841626022494
504 4.590010094729023
506 4.366144366143182
508 4.696105362163827
510 4.889772613177199
512 4.310540080571524
514 4.511379113311176
516 4.832123950077819
518 4.896743078780021
520 4.78627479593664
522 5.832132407137606
524 4.824501780669598
526 4.519701405358925
528 4.4969057497434175
530 4.787085798477908
532 6.316377131101046
534 4.66079144220698
536 4.80589254197831
538 4.806716301849604
540 7.002069177914434
542 5.919126730769671
544 4.75352762076347
546 5.508083030262649
548 5.067669610465226
550 6.26747279342513
552 4.773232038983475
554 6.435724833941984
556 6.561046350353818
558 5.988871085599151
560 6.514042986524712
562 5.362095224041222
564 4.853664922252905
566 4.685519523680408
568 4.615351097510488
570 4.675476044109468
572 4.600553307478785
574 4.846385188552347
576 4.968713192056725
578 4.312600758139871
580 6.694097495414865
582 6.143239227147825
584 6.661182368719239
586 8.23913322889958
588 7.688626044552245
590 6.198220982939964
592 6.289992259502111
594 6.966405710743048
596 7.024635099781461
598 6.917498964147102
600 7.252590822949011
602 7.594027607130742
604 7.057510124527256
606 9.386618606419734
608 9.44825218354172
610 8.82379129595275
612 6.510245000448075
614 6.97697524106616
616 6.734583852439364
618 6.989808153143613
620 6.508511661503904
622 6.673719103498757
624 7.33019485901686
626 6.549344075922583
628 6.901486479375429
630 6.602989499985708
632 7.016008170913367
634 7.598300726207442
636 7.413321935982758
638 6.493984367482327
640 8.230346908583195
642 7.221005851023838
644 6.968349144161106
646 7.529401167814117
648 6.564708723831561
650 6.1523889199795585
652 6.532301827316985
654 4.716041445077385
656 5.01695351735643
658 4.456334146569867
660 4.549967924237105
662 6.627949526297138
664 4.501402414127227
666 4.873948609587749
668 4.673398709003671
670 4.364660848800408
672 4.175674122386818
674 4.515594754170096
676 4.13256500765379
678 4.523273083692319
680 4.633585330256158
682 4.7716043188737425
684 4.682540453790772
686 4.415662162441664
688 4.218289235556065
690 4.4354080222449985
692 5.044345001863306
694 4.26466906642385
696 4.547146056812424
698 4.611081557104829
700 4.4591597719438765
702 3.66017653493269
704 4.292191687095692
706 4.2569557782054295
708 4.422673011458465
710 6.289856211568348
712 6.323308382502494
714 6.14326079821571
716 4.212790543405508
718 4.70038306180844
720 4.642562098337785
722 4.671846367368403
724 6.806404352521363
726 4.9194142044125435
728 6.259971225186287
730 4.666263149444915
732 4.7148050621181925
734 5.566648276540572
736 4.1180855808662225
738 4.047892298690452
740 3.809194270781264
742 4.847656875134291
744 4.41621092558118
746 4.315261902201051
748 4.154736043588728
750 3.977094752732802
752 4.03249370275136
754 4.045206764326361
756 4.000021710911111
758 4.400842557523629
760 4.0812963565477896
762 4.315396061804526
764 4.341034525972519
766 4.046108389938845
768 4.147550739444105
770 4.760430729080125
772 6.6304752912525755
774 6.063417262097079
776 4.543191461921534
778 4.075401070373823
780 4.162136683102873
782 4.291674434531135
784 4.658700795611983
786 4.196624505337381
788 4.7838255962403835
790 4.396883739081251
792 4.325852065638528
794 4.441004046079869
796 4.500958540490688
798 3.9195536846063934
800 3.8281323030977505
802 4.264567437731018
804 4.68629494536754
806 4.144079296164481
808 4.85617644304924
810 6.300869881783639
812 8.791256801087538
814 6.962823826824229
816 11.33065260513708
818 7.306163523171572
820 7.889167366139932
822 7.063859287840536
824 12.097145799441863
826 11.770690709467003
828 12.067985774938847
830 10.332903300865663
832 12.745599127988363
834 13.0323592528517
836 13.009108222116646
838 13.500553566215434
840 12.880385476501601
842 13.283279198847156
844 13.34666941772086
846 12.952027751984948
848 12.468288191442694
850 12.59272436915288
852 13.036667732690386
854 13.176185172065665
856 12.971947575498811
858 13.35034660363781
860 12.97510597470996
862 13.124822542053566
864 12.965057156135066
866 12.691105401944462
868 13.047892472022022
870 12.568854369623942
872 13.20550357966439
874 13.077988799508523
876 13.030267773190264
878 13.345465927715134
880 12.892941292369429
882 13.271675183745225
884 12.828513750204467
886 12.064312645898541
888 13.655703574863216
890 12.981015085932091
892 13.352530848262063
894 13.199707406243535
896 13.380448625739072
898 13.113256339109924
900 12.801001828331238
902 13.127374958584396
904 13.803089751952644
906 13.451019987891634
908 12.586241600925739
910 13.230870423580951
912 13.552967003569162
914 13.404599053129825
916 13.144494261185214
918 13.001585968229556
920 12.807273477632743
922 12.872250323140367
924 13.643875662840376
926 13.852988036709432
928 13.143348529630055
930 13.376436372385674
932 13.07410494283435
934 12.766512644849378
936 13.16479492190374
938 12.98117885226764
940 12.401692855953053
942 13.222204538076095
944 12.579561385865027
946 13.188361307178207
948 13.226823071535021
950 12.799514507149087
952 13.256257661018996
954 12.571050700096638
956 13.183863682425054
958 13.076841259241117
960 12.813192835689357
962 12.836679094999234
964 12.976266486364192
966 13.00309060716675
968 13.551438911641869
970 13.326320180457063
972 13.13645586383322
974 12.508994538346382
976 13.263252233691473
978 12.967457102112089
980 12.918579656049186
982 13.536173718521937
984 13.62589463403121
986 13.60072294490364
988 13.696616967391186
990 13.283628463959694
992 13.023213450383144
994 9.45963351324431
996 8.684111943681382
998 10.737269567431754
1000 9.253815207052021
1002 10.579494987221578
1004 11.565959825747303
1006 8.83643432960325
1008 8.732157142739906
1010 9.288691133701477
1012 9.788750286822369
1014 8.822015232296685
1016 10.633132077538466
1018 10.036544710415889
1020 10.584822043980187
1022 9.930331986981095
1024 10.8790848125494
1026 10.804856743806067
1028 11.379861685347302
1030 12.646410303115246
1032 13.409183680461483
1034 13.363042163440648
1036 13.743311191578686
1038 13.496404283920354
1040 8.659383396466989
1042 7.597764121988472
1044 4.738629860197835
1046 3.742300500643183
1048 4.080808844332065
1050 4.004629332579728
1052 4.81321705101736
1054 3.9688417512261647
1056 3.919833582257123
1058 4.5558929687004275
1060 4.315340491329591
1062 4.1778727156891415
1064 4.343514354698682
1066 6.116485219710144
1068 6.115405337863542
1070 6.937787965151413
1072 8.388054029561578
1074 7.478718262888887
1076 8.848284531019477
1078 7.601414179891005
1080 8.428178923313267
1082 7.933413568087156
1084 6.99461025851362
1086 6.561853366586865
1088 8.17756202051674
1090 7.396174802083848
1092 7.228395672052736
1094 8.139708585654919
1096 6.987682472872527
1098 7.354871183995153
1100 7.654843523559353
1102 6.657903099908726
1104 7.321844512685255
1106 6.811904410168735
1108 7.641924422595424
1110 7.313910959981707
1112 7.340063779801801
1114 7.384483474931011
1116 7.1594014153084995
1118 7.340420751757735
1120 7.5738099526311595
1122 6.505696195141846
1124 7.66392252596283
1126 7.55342049064185
1128 7.185624639855204
1130 7.00803831027384
1132 7.673059493994475
1134 7.156506494451179
1136 6.938086819302197
1138 7.314398366373937
1140 7.463279898987104
1142 6.765404106536027
1144 7.450923410016632
1146 6.819810795998674
1148 6.9372238406676345
1150 6.595290712511298
1152 7.1178401019824
1154 7.199578357230178
1156 7.766235987345351
1158 6.955328747947728
1160 6.569789715659118
1162 7.285386343553804
1164 4.85279142044461
1166 7.250715912929009
1168 6.972100650136066
1170 6.717582101443657
1172 7.1942475698148804
1174 7.474426153605396
1176 7.078666608877061
1178 7.628617940906329
1180 6.719834585885772
1182 7.171641727556962
1184 6.827150781477192
1186 7.441664363144405
1188 8.650751851306614
1190 8.021549770331545
1192 8.283712632439881
1194 7.210377139151126
1196 7.568638850889421
1198 6.68007299828999
1200 7.034382707514826
1202 7.127442706792442
1204 6.821568126561935
1206 6.3905844188083885
1208 7.140883329662778
1210 6.879830139639936
1212 7.184361640762119
1214 7.219343363735997
1216 7.523383391553763
1218 8.240019571972288
1220 7.510670902443913
1222 6.913493833877584
1224 7.187528481606004
1226 6.919626755116631
1228 7.616499872814473
1230 7.18822452870387
1232 7.4336852587322495
1234 6.522978201463097
1236 8.210227885841041
1238 6.821150400010866
1240 8.524675108147648
1242 8.457512581571304
1244 8.419293714611005
1246 8.412027408111612
1248 6.73014902162956
1250 7.381613932967961
1252 7.164863892019782
1254 8.205168945138153
1256 7.456563132750414
1258 7.257240969159337
1260 6.906380849742294
1262 7.258231419560835
1264 7.7130255420804525
1266 7.384095078738175
1268 7.418935696758955
1270 7.758606032407209
1272 6.842725660897163
1274 6.8076758740179075
1276 7.703022759768264
1278 6.834176563373554
1280 6.50168456941526
1282 6.695002445055336
1284 6.732240036453926
1286 7.004951311990824
1288 6.597284670294769
1290 7.277541617853898
1292 7.356423984965027
1294 6.479140895362079
1296 7.060416779157993
1298 6.98788629971676
1300 6.884329366068026
1302 7.5462283338671625
1304 7.259934307885249
1306 7.314802060690064
1308 7.239674786593888
1310 6.928065128578471
1312 7.1604788013831655
1314 6.744486068025205
1316 6.993918227671187
1318 7.272342920798462
1320 7.632065369337204
1322 6.895367458146449
1324 6.3965256582676915
1326 6.646813793997073
1328 7.399111721855294
1330 6.7698012816732875
1332 7.274632939993406
1334 7.265759568232428
1336 6.462955824226841
1338 6.831025652303095
1340 7.015435285055932
1342 7.570339062053656
1344 7.497498311209891
1346 6.717172211192603
1348 8.026797770365414
1350 6.398545266282502
1352 4.261605845349412
1354 4.829112253060335
1356 4.611305429320669
1358 4.47475775821183
1360 4.501307683536377
1362 4.658590916776613
1364 4.854743798965727
1366 5.471557448470568
1368 6.218443511321634
1370 6.79868188806306
1372 5.064919424534503
1374 5.648469556026903
1376 6.644985874183851
1378 5.724522621749683
1380 6.8134084785258135
1382 5.082255509440672
1384 4.536134853506296
1386 4.64332737105545
1388 4.4107691904220925
1390 5.483692487246516
1392 5.666119607050508
1394 4.612652181793387
1396 6.735175185842361
1398 6.106078810294407
1400 6.164374643061422
1402 4.834301618379536
1404 6.248537432884321
1406 4.509607244681818
1408 8.165116966147611
1410 4.265953616009009
1412 4.333972787568926
1414 4.58120680656124
1416 4.7024448967122
1418 5.004844445738624
1420 5.86311086684317
1422 7.522038665146474
1424 7.299371757755545
1426 7.5024908555046315
1428 6.854053192978186
1430 8.613068166300668
1432 11.28312689032441
1434 11.317746316175759
1436 12.48959152006051
1438 12.581057776054731
1440 12.873890248887202
1442 12.709598472371846
1444 12.281419295764547
1446 12.920779920015097
1448 12.954771596944076
1450 14.27677699905722
1452 13.018138013328592
1454 13.461718886361687
1456 12.960935809178423
1458 13.124718360306334
1460 12.248883366979042
1462 13.031017981557657
1464 12.441476242449717
1466 13.097737785173866
1468 13.117362888290335
1470 12.972349168068021
1472 12.236758630946843
1474 12.977973278033252
1476 13.657304072281585
1478 14.641344797881898
1480 13.464095155252158
1482 13.878296918356288
1484 13.00591645575422
1486 13.069573770359204
1488 13.1118856656588
1490 13.211065924798364
1492 11.273360928174673
1494 8.11201878944716
1496 6.596492282337612
1498 6.702205338285877
1500 7.518231008936261
1502 8.545854924421748
1504 10.898853300202132
1506 9.837859912848256
1508 8.341043442329536
1510 10.639390105500754
1512 9.222264254032982
1514 8.681737125097621
1516 8.87614187196729
1518 9.159244906359985
1520 9.74597711948124
1522 12.51511602405185
1524 11.458317427227353
1526 10.97304897670846
1528 11.578593037574056
1530 11.259102692977333
1532 12.128233821442803
1534 10.968989897331722
1536 12.285848889955835
1538 11.897750427727354
1540 11.323605835109143
1542 11.581111884099528
1544 12.72739083208374
1546 11.590672715868733
1548 9.899049128946558
1550 9.323621406492286
1552 8.967368559906452
1554 11.953785809451073
1556 12.260356954138732
1558 11.539308203947598
1560 10.36029027378233
1562 10.537812581392014
1564 12.61108189950578
1566 12.14280438807245
1568 12.172462981226639
1570 13.157221810350393
1572 12.703690370743098
1574 11.989571495004391
1576 12.175044068809898
1578 12.411947497720362
1580 12.309424541791776
1582 12.287012745014326
1584 12.431591952723355
1586 12.038157286195228
1588 11.999519985517253
1590 12.114595340487893
1592 13.09092480801595
1594 13.404347478004325
1596 12.834348123941558
1598 12.854592904137151
1600 13.465834875110371
1602 13.530565387110986
1604 12.114069848717024
1606 12.863712021618962
1608 11.714080589514321
1610 12.443039328655741
1612 12.717739912094949
1614 12.66425163289987
1616 13.06277000272335
1618 12.732285055210935
1620 13.30667803826151
1622 12.83888455748011
1624 12.660902286817786
1626 11.823264767329722
1628 13.016929579219214
1630 11.933771486249388
1632 13.167604816890364
1634 13.102819693149003
1636 13.245129507723368
1638 12.814420570852155
1640 12.940002085527642
1642 12.632186749880349
1644 13.156406902969275
1646 12.396300878486787
1648 13.190016743243199
1650 13.027926922859388
1652 11.722273665423812
1654 12.649038158175184
1656 12.506137224340925
1658 12.7410391937384
1660 13.596437972619325
1662 12.958163547151862
1664 12.845893206222444
1666 12.974537900135157
1668 11.659812209121245
1670 12.86280686782025
1672 13.733860545795652
1674 12.46006840939707
1676 12.734848753411141
1678 12.374278797446282
1680 13.19927480266266
1682 13.186304194988772
1684 12.601398190991405
1686 12.53905176207242
1688 12.90008327132624
1690 12.808687310004897
1692 12.534049949721762
1694 13.248498411377712
1696 12.843553518875922
1698 12.880295828750636
1700 12.761377284182657
1702 12.16097686206878
1704 12.556556343049454
1706 12.459361454018985
1708 12.887634515813138
1710 12.97898977971502
1712 13.181483141825499
1714 11.760971130186626
1716 13.821411624366956
1718 12.912614992562025
1720 12.600315436396182
1722 12.51089081225055
1724 12.319692655671126
1726 12.089842926598877
1728 12.924429472562162
1730 12.836140545176265
1732 12.388808097255623
1734 12.413423486449686
1736 12.118098569977164
1738 11.869594910417916
1740 11.992781351342549
1742 12.13914816794972
1744 11.839422328109212
1746 11.49321525613876
1748 11.453663075698508
1750 11.72508767843368
1752 11.391524686640311
1754 12.273301575922371
1756 11.575500847086415
1758 11.641889383409191
1760 12.371071618676321
1762 11.439508127167937
1764 11.295547077361137
1766 12.105708199122486
1768 11.711921727847146
1770 12.03005284248053
1772 11.593318190246517
1774 11.54393314420359
1776 11.44717274744994
1778 11.540795749886964
1780 10.906966403430154
1782 11.605163994865359
1784 11.378065862699488
1786 11.385759037872445
1788 11.3212391935983
1790 10.821177490248905
1792 11.610249892646525
1794 11.391101043778013
1796 11.55126839732052
1798 11.462857624499174
1800 11.431403836925023
1802 11.459351053557914
1804 11.286022137083837
1806 11.678875657933418
1808 12.704804104704047
1810 11.671270481443544
1812 12.064947598442258
1814 11.852925325147636
1816 11.86941674333592
1818 12.29731692841132
1820 11.689735961756282
1822 11.326252028894995
1824 11.590382700970677
1826 11.630574839354134
1828 12.456534449128647
1830 11.77540520711556
1832 12.002477537364454
1834 12.092865886663025
1836 12.027277037819639
1838 11.319242892073888
1840 11.182320252000352
1842 12.097643419785474
1844 11.962609220160632
1846 12.148754011654987
1848 12.277846969591897
1850 11.432448006694226
1852 12.243123345896604
1854 11.044440837781881
1856 11.891731113091806
1858 11.900371013857356
1860 11.983277420305052
1862 11.232639827109896
1864 11.684461785764249
1866 11.880279796150749
1868 11.620503374714003
1870 11.904493359745256
1872 11.79858947729565
1874 11.519465566002015
1876 11.736373551574388
1878 11.22090863443703
1880 11.784641515944344
1882 11.3251003677621
1884 12.089786926616105
1886 11.63196798636724
1888 11.043355233168366
1890 11.389028353896947
1892 11.322142599761298
1894 11.397392156703884
1896 11.91239080869508
1898 11.830302054650215
1900 11.59278420211092
1902 11.948156675279542
1904 11.476529957889676
1906 11.80960405427499
1908 11.37713535235806
1910 12.062942416449015
1912 11.71649551022168
1914 11.86142398796364
1916 11.623579675290822
1918 10.935467488047692
1920 11.196441729297469
1922 11.375147732563324
1924 11.511701778017436
1926 11.269058980032778
1928 12.034727865837368
1930 12.059817162897103
1932 10.654393052385785
1934 9.931842686924735
1936 10.945209820075764
1938 10.16172507802456
1940 9.438690110190178
1942 9.960626919485264
1944 11.151408744191702
1946 11.529297718322894
1948 11.708279708523103
1950 11.120050268273577
1952 11.098684303459098
1954 11.362476811185688
1956 11.278163512871098
1958 10.740474348908204
1960 11.20199369287995
1962 11.533144949581885
1964 11.361476652322933
1966 11.267319991573137
1968 11.663201952780028
1970 11.703869836121264
1972 11.01877733679511
1974 11.007381182224613
1976 11.857875151680235
1978 12.111036527899401
1980 11.270542216898159
1982 11.332476555097339
1984 11.479476922377778
1986 11.586799017622505
1988 12.2238793119635
1990 12.082766078784287
1992 11.49889113969941
1994 11.895025827670045
1996 11.048548512130012
1998 11.084647331220093
2000 11.301618577478875
2002 11.304535939453736
2004 11.240862240831788
2006 11.622375765945657
2008 10.938726057678783
2010 11.825389332345829
2012 11.718571761146713
2014 11.426103697910175
2016 11.76614030661099
2018 11.409563248456557
2020 11.475629792660914
2022 10.91076479573387
2024 10.47668097405965
2026 11.265212673412806
2028 11.0548347298664
2030 9.730443071281368
2032 9.63500804258619
2034 9.6095725281412
2036 9.856188800552705
2038 9.598305022972102
2040 9.929738610584636
2042 9.444323114603728
2044 9.783846773659851
2046 10.13290222077535
2048 9.186140290542859
2050 9.635281759442424
2052 10.4718077169329
2054 10.140831109174176
2056 11.048602024220006
2058 11.063738772178668
2060 9.553826179366698
2062 10.34685231399694
2064 11.19569032995021
2066 11.0913734071318
2068 10.99519750622042
2070 10.99957012959628
2072 11.699508459478135
2074 11.588722972016942
2076 11.486502148614434
2078 10.509610669219017
2080 11.706202820156042
2082 10.710194468441344
2084 10.938027420602827
2086 12.016366765349629
2088 11.314295741881914
2090 11.415679735490196
2092 11.509948599905501
2094 11.20424801292672
2096 11.547558025405758
2098 11.294830664678166
2100 11.01449900412236
