0 4.141212580659707
2 4.292049774402287
4 8.780595443799426
6 7.489616634000599
8 7.118297014063281
10 8.397080226448356
12 8.599882522849496
14 10.327482784266452
16 10.88200701630796
18 10.874554470156978
20 11.038908732017
22 10.66562770536474
24 9.196630451298542
26 9.87705901354832
28 11.886598063594947
30 11.558741434351802
32 11.406469463060848
34 11.638153452753677
36 12.149865704082675
38 12.009664321518361
40 12.334599914129223
42 12.088554544304356
44 12.476502439733858
46 12.778210439982205
48 11.933903220977907
50 12.392814364628228
52 10.591291534947931
54 12.491027263006137
56 12.303144135106125
58 12.144300386044442
60 13.11398962215165
62 11.586213458135271
64 12.304932650832686
66 7.829217711210498
68 6.952492635395872
70 8.771415335272794
72 7.030263271046574
74 7.369702832304187
76 7.54483499699608
78 7.756612651512413
80 8.150791111656067
82 9.126559877110036
84 7.138807899269978
86 7.220484252923362
88 8.660064250555399
90 7.943586032622033
92 8.697955141586858
94 6.7733338826639855
96 7.025433686365442
98 7.019547979688703
100 7.452823328625635
102 9.283363521986358
104 7.054087290187284
106 8.507462271117914
108 6.846339292839758
110 6.8121782473154235
112 6.746509622300341
114 6.913236925025474
116 7.292879891583732
118 7.297922607816008
120 7.680634344051643
122 6.758493479066228
124 6.76102251254378
126 6.114933595093484
128 7.573227157568636
130 6.688338562717069
132 6.9867543822661045
134 7.346187704204382
136 6.966613887511276
138 6.615201837370009
140 7.6754506131122575
142 12.143112509860286
144 7.082726918311845
146 6.619758181117925
148 6.754818320164676
150 6.89282288680278
152 6.716642033056759
154 6.88312266921454
156 6.787784296035138
158 6.8802673079520105
160 7.271352797716928
162 6.542234832441279
164 6.445517911505132
166 7.19810086359696
168 6.769099304153216
170 6.653507184119952
172 5.947609496422602
174 7.010860291730582
176 6.561940866252177
178 7.358481554050496
180 6.261236240088041
182 5.794330046984959
184 5.969015926874011
186 6.721864816236858
188 7.013649800249792
190 7.440568414120322
192 7.182266617573363
194 6.85202646038379
196 6.349317262490828
198 6.698847271051231
200 6.9640759286599305
202 7.205652560797572
204 7.162028015884163
206 7.419105498908624
208 6.75062234635042
210 6.8991111797805305
212 6.8413319822305985
214 6.649605562603123
216 6.815934470604078
218 6.8601740489763054
220 7.163952461343204
222 6.540492416652036
224 7.234959192806686
226 6.681578848193815
228 6.770380494376015
230 7.070000000867263
232 7.010545198189658
234 6.548147913349991
236 7.154840219608678
238 6.824967048538196
240 6.629868056896788
242 6.561256415846207
244 6.208462102527325
246 6.786378651761743
248 6.777722886108071
250 6.547925919721113
252 6.993375546769829
254 6.129498230664819
256 6.145592349187195
258 6.307468071979042
260 7.02336476560526
262 7.578295052862632
264 6.83460002005418
266 6.761615735262678
268 6.57798055206573
270 6.520261920278892
272 6.938386837147941
274 6.900653991671592
276 4.257163184449102
278 6.709658412749085
280 7.083059972519134
282 6.534470637514758
284 6.576714630394862
286 7.126525241507491
288 6.588576094180766
290 6.399314959105383
292 6.633925947752241
294 5.745384347690049
296 5.975059238543782
298 6.598087057619046
300 6.602983287845585
302 6.819397022969358
304 7.319709870892435
306 7.471394666523235
308 6.191567330815595
310 6.535108835940767
312 6.988762239786222
314 6.314880989028368
316 6.62398111592729
318 6.8560165713365775
320 6.477626006811053
322 6.755300204081208
324 6.153311296938504
326 6.428574046406395
328 6.709043398586896
330 6.484776829609569
332 4.7729068636661305
334 6.046119936308199
336 6.712403759268028
338 6.538546974153891
340 5.5341108498075124
342 6.708779874068885
344 6.485622512253814
346 7.2136665318534625
348 7.481262722226058
350 7.109720929086281
352 7.5517009964305215
354 8.075752501204127
356 6.49538891480317
358 6.759278470873179
360 6.722582605551389
362 6.273410969553725
364 6.7121397569786065
366 6.657355630923311
368 6.634806387406986
370 6.567725853611195
372 6.952732548619879
374 6.657061467102066
376 6.649875555038588
378 6.3517370272281415
380 6.803588850932174
382 6.280556844342028
384 5.720783019462367
386 6.136342361949583
388 5.925317582391504
390 7.41213012308473
392 6.466191846793636
394 6.142585357711412
396 6.826689566834768
398 7.065263486845403
400 6.494768348898614
402 7.231974778164489
404 6.6036888915517125
406 7.503051616324561
408 5.9641923606807685
410 6.06407626647532
412 6.318495508100827
414 6.848560933005046
416 7.000847165972462
418 7.070259258695652
420 6.728723004339911
422 6.689756751331125
424 7.200763002453979
426 7.429579618542845
428 6.8854767332287174
430 6.782687266241175
432 6.952242230657623
434 6.841105265867624
436 4.975311402665995
438 6.824073758834954
440 6.947902980676197
442 6.011031703150994
444 6.33306777836741
446 6.9607697585215345
448 6.487512429523432
450 6.545519387642061
452 6.702761690696177
454 6.956422814324875
456 6.76049182841863
458 6.236016705062183
460 6.9398204439457265
462 7.188357413200143
464 6.722152281288818
466 7.176196447488451
468 6.812504281198816
470 5.738001815231839
472 6.170731939743264
474 6.6355929394840185
476 6.628505547333072
478 6.392036281182725
480 6.641415962563278
482 6.436311854675097
484 6.1131414041590375
486 6.7033391387616925
488 6.503326744089677
490 6.876892970928693
492 6.128730440838718
494 6.762770173892735
496 8.490848055523719
498 6.838382379763524
500 4.584295601522031
502 4.608008674619602
504 4.858871118498494
506 4.345275153787927
508 4.933864461471769
510 4.1014902538297395
512 4.1759500740672495
514 4.143058732740223
516 4.217809833762118
518 4.296084574322036
520 4.486477015788293
522 4.69197467804504
524 4.7704659768230195
526 4.272042172522324
528 4.27383477429827
530 4.803600319075398
532 4.504502179654417
534 5.010287393649356
536 4.758957734961651
538 4.534542829712658
540 4.65133095610054
542 6.173650233727745
544 7.079868223618142
546 6.648564185234855
548 7.108037475925219
550 6.4010515393477245
552 6.254303075813755
554 6.681921944903659
556 7.144683254688391
558 6.687204891823725
560 6.730153582836738
562 6.923214433752137
564 6.599719420979231
566 7.120448162249796
568 5.833841105016296
570 6.10614500064362
572 6.608509912184113
574 7.192619246052754
576 7.226817448627824
578 6.988131085945278
580 6.838963812261972
582 7.035371440967778
584 6.795250081450584
586 6.645074889583285
588 7.554990476334337
590 7.317554814663658
592 6.816848863675574
594 7.1245271755807975
596 7.0916918910978275
598 7.083448532691221
600 6.970409742267726
602 7.139601042046168
604 6.532712686189809
606 7.204348747899847
608 4.864564301134306
610 6.865610767598275
612 6.6551461452679925
614 6.789685389292203
616 6.0664734260633
618 6.936542706082331
620 7.163930279675664
622 6.802783373084463
624 5.02738174155368
626 6.6490550852462755
628 4.922215753954492
630 7.077432033982902
632 6.793088767180722
634 6.459267898979406
636 6.567303663675564
638 6.629292796816533
640 6.796243358761998
642 6.3577046975324345
644 6.800272270589392
646 6.735173422800843
648 6.841253085566702
650 7.266895458905608
652 7.007109242610142
654 6.971308133857638
656 6.561751355178542
658 6.556733780441103
660 6.703881593376236
662 6.287316583165856
664 6.642135255196247
666 7.3340746087221556
668 7.186190451778626
670 7.066891143450166
672 6.474003655688331
674 5.798931645363803
676 5.27970811961992
678 4.835416049358632
680 6.383115166003515
682 6.0029177501380815
684 6.23015625098137
686 5.001555511217613
688 7.111770755759301
690 4.791549475330086
692 6.62941864917618
694 7.356482260980733
696 4.838738084342552
698 7.005435050837217
700 6.68449587808383
702 6.532124199029917
704 7.136092906678085
706 7.340536518088463
708 6.606249553765364
710 5.092821868935246
712 7.700356088307211
714 5.581210048280728
716 5.6122494881884375
718 7.037799075017459
720 6.767100181989042
722 6.8263947017501065
724 6.746520029425891
726 4.980726780086011
728 6.65734921739855
730 5.138401763262645
732 4.865236526497492
734 6.916413841004516
736 6.337579096735241
738 4.946836808424473
740 4.953799901040789
742 6.196990958207076
744 6.681696296995969
746 6.658416341650291
748 5.432988098099729
750 5.348999878575486
752 5.901637224016614
754 7.269017217183643
756 6.836475340010213
758 7.477623126345493
760 6.894415218578108
762 7.1045529349874466
764 6.593225148517397
766 6.5785129636205735
768 6.537383079404085
770 7.10318805867988
772 6.811064613691394
774 6.946227339743252
776 6.991725865526156
778 6.225702234331968
780 6.471401797853251
782 6.469388632806379
784 6.546221267155899
786 6.6641249726988265
788 6.180012608986207
790 6.919259126290446
792 6.138123859965937
794 6.7421523893799
796 7.038986040705408
798 6.400222137426221
800 6.9330734250233
802 6.545207255608409
804 7.0251316409654345
806 7.071616311073056
808 5.935222902685307
810 5.9239544182710295
812 5.999349844239507
814 6.08103089627912
816 6.5155721628454994
818 6.5545868748874305
820 5.755608759296938
822 5.93271787890592
824 6.415883957460427
826 4.569918690307538
828 6.041396316412807
830 6.998341916151366
832 6.8479278018599254
834 6.700072517575162
836 6.647268494836055
838 6.6734235875847325
840 6.277719865154662
842 6.885770996192171
844 5.950805106958526
846 6.295300127772468
848 6.559307233472884
850 6.655833293241383
852 6.943653802226708
854 6.499465488473505
856 6.322451096880939
858 5.796725900422409
860 5.923259096269962
862 6.941192538134606
864 6.286170996788993
866 6.318181582700076
868 6.97155618335703
870 6.17241359003396
872 6.849419359533958
874 7.007383547963783
876 6.992183762658741
878 6.3367318884943415
880 5.933992990301326
882 6.921452210039115
884 6.794052345838842
886 6.275444005087232
888 7.936815878876669
890 7.068816742682372
892 6.559619927446728
894 6.566286943074864
896 6.816578833328864
898 6.597800095106404
900 6.240737449899171
902 6.946223224890061
904 6.560323910987609
906 6.327162597543146
908 6.373590897235311
910 6.496190804682024
912 6.503580594796911
914 6.0639966419407045
916 6.580335461265874
918 6.462366753572237
920 6.261668767350508
922 6.700092034012353
924 6.899026946966864
926 6.705730858669677
928 6.422146454879719
930 6.4853580147242695
932 6.432156739853054
934 6.860761129793139
936 7.63346952096548
938 6.054275916962469
940 6.697834842480976
942 5.118844579624174
944 6.4356874847146885
946 7.230445910959802
948 6.906368414926609
950 6.714206571991622
952 6.985053380442178
954 7.217566710042774
956 6.582142256122065
958 6.9451684079766896
960 6.324387092417743
962 6.601389991751008
964 6.539533888053323
966 6.989785057774373
968 6.659768278665451
970 6.66503453399955
972 7.065840771667739
974 6.876227713982062
976 8.00674200086482
978 6.17647140159774
980 5.8089304910497805
982 6.784592697077588
984 6.67016110021329
986 6.618108535193008
988 6.509014542353016
990 5.867758349614004
992 7.780453370137231
994 6.571410668305259
996 6.300528140748463
998 6.995922385450264
1000 6.53843760641921
1002 7.608642361983809
1004 6.425780298255065
1006 6.205677261480663
1008 6.92239104664979
1010 6.584679168789055
1012 6.981921956320033
1014 6.606433199485845
1016 6.6424956841229985
1018 7.326949781248575
1020 6.134660196386121
1022 6.163980798436142
1024 6.42932405754482
1026 7.157967143109587
1028 6.8360018680045425
1030 7.034527593719394
1032 7.033430936080955
1034 6.928124041501223
1036 7.218876709775213
1038 7.286079565737092
1040 6.80697693529258
1042 6.639368355832254
1044 6.310631954038323
1046 6.79985923442951
1048 6.366051305834446
1050 7.419447391221968
1052 6.252371308458095
1054 6.883549624008667
1056 7.328409597700616
1058 6.981377815307857
1060 7.186663821100374
1062 7.475385780414381
1064 6.590283918047896
1066 6.842614722389827
1068 6.864574437082309
1070 6.755662331353704
1072 7.46148918445513
1074 6.846327451026981
1076 6.994869028416944
1078 7.11937903450559
1080 7.120718722989242
1082 6.4988187224771
1084 7.403961551033998
1086 7.015168128307054
1088 6.929114405206405
1090 6.823216113024247
1092 6.856127356629654
1094 7.301657723534276
1096 10.515615136279107
1098 7.617990699646399
1100 7.171708522461338
1102 6.782112535603125
1104 7.821851785247388
1106 7.102789962861745
1108 6.359220452669198
1110 6.660737529161791
1112 6.733294936325002
1114 6.530077631969343
1116 6.242008533989667
1118 6.694457474397589
1120 6.913248718440685
1122 6.726873436213766
1124 7.024598036157778
1126 6.476349374990067
1128 7.108553290432784
1130 6.868942903485043
1132 6.45855458532061
1134 6.4722353858568065
1136 4.743869144288913
1138 6.807063742678137
1140 6.827039697619484
1142 6.906596697504477
1144 7.078676933334238
1146 6.654518790785598
1148 6.590633353335729
1150 6.778270203700651
1152 7.100517358553334
1154 7.094740212159734
1156 7.167211567638312
1158 6.312826674913935
1160 6.860993972702913
1162 7.151188548076952
1164 6.476494434768924
1166 6.80534722422786
1168 6.821575045568232
1170 6.912349969323511
1172 7.08430011746409
1174 6.973161593207903
1176 7.123457475056855
1178 6.669759623301541
1180 7.492746068041996
1182 6.870441754626003
1184 6.974781261448421
1186 6.713519754761897
1188 6.864126207243947
1190 6.499649514478305
1192 6.17366250865681
1194 6.553070528357513
1196 6.85925008296288
1198 7.41359339516429
1200 8.918279272486428
1202 6.549421841103092
1204 6.7266207119477395
1206 7.151286759268388
1208 9.113577155447375
1210 9.236796935461824
1212 7.392683782686219
1214 8.879063915711845
1216 6.279189638960041
1218 9.054217630648802
1220 9.224108432103721
1222 6.848836437896818
1224 6.42795507304309
1226 6.573535484216064
1228 6.813256997705467
1230 7.154420752926933
1232 7.105221939435402
1234 6.838458093330598
1236 6.31770475453786
1238 6.44942344040633
1240 6.290249710356582
1242 6.286804155864867
1244 6.579447706054947
1246 5.012553523132891
1248 4.989117969544425
1250 6.145610643537251
1252 6.397225622610076
1254 6.6808251927702615
1256 6.519257301676457
1258 6.7936298462654605
1260 5.799562503497814
1262 8.09545949158698
1264 6.788254870966379
1266 4.9218865482267224
1268 7.046496207431285
1270 6.59099271345666
1272 6.138810860364148
1274 6.453416428047994
1276 6.123087632943476
1278 6.009546942625957
1280 6.219045553301692
1282 6.553444140493727
1284 6.877323696005463
1286 6.372715032164422
1288 6.858804393268508
1290 6.113905595129526
1292 5.745137731167107
1294 6.470015402167301
1296 6.978041307263734
1298 6.18712468036065
1300 6.262165955549159
1302 6.196811626043197
1304 6.999444602517129
1306 7.173018987688537
1308 6.707168491067616
1310 6.898020565773697
1312 6.680261364245112
1314 5.2163958235841585
1316 6.281763636301222
1318 6.534509278535427
1320 5.880632708504692
1322 6.9191487744684395
1324 6.934670086793103
1326 6.77401604318928
1328 4.831685400933634
1330 6.020575382464712
1332 6.536915919047738
1334 6.789597801916192
1336 6.310538382568404
1338 7.00889618067498
1340 6.207328055959181
1342 6.2951588222360115
1344 6.452434645948865
1346 6.239061151940352
1348 6.297949844782939
1350 6.554708395848162
1352 4.38482047293737
1354 4.424794308814257
1356 4.649222719928561
1358 4.368447819604065
1360 6.436466311407962
1362 6.4492539743128905
1364 6.002920914799163
1366 7.053833216726338
1368 6.730719326172325
1370 7.112305829612636
1372 6.946992345101814
1374 6.8892013459062875
1376 6.744009260145521
1378 7.140966245099327
1380 6.96379150422268
1382 4.570882179374994
1384 4.324792604624311
1386 4.321160619761139
1388 4.225677128275192
1390 4.436287105926167
1392 3.9768418354147634
1394 4.389949247379937
1396 4.0683890024138005
1398 4.545461108299335
1400 6.025773126029235
1402 6.553073869753991
1404 6.881001103780042
1406 6.3619630694254825
1408 6.676842640721419
1410 6.193378549719693
1412 6.757913137804406
1414 6.270198220954741
1416 6.583354232773582
1418 7.091613628095837
1420 6.110081928410105
1422 6.742088441213254
1424 6.045243327479827
1426 6.830138669040165
1428 7.847270924463378
1430 7.010057487312237
1432 6.963922240379912
1434 6.731045501352065
1436 6.647629387312299
1438 6.753527132492557
1440 6.3204269091223395
1442 6.486915302016273
1444 6.756908938426291
1446 6.764606092539578
1448 6.807973518173066
1450 6.699218929939121
1452 6.6461306611385975
1454 6.237831193653794
1456 6.957162993562432
1458 5.09125603607854
1460 6.719768056503531
1462 6.973824425954729
1464 4.27141119693724
1466 4.242657728172696
1468 4.543492572447863
1470 4.357752723054013
1472 4.1798847967515504
1474 4.179160023668819
1476 4.4155286931625675
1478 4.213767748878596
1480 4.017576924076339
1482 4.562201865795544
1484 4.413442735117266
1486 4.213043179324505
1488 6.395038739312855
1490 6.899545873770176
1492 6.8303510467952915
1494 7.605305554883684
1496 6.994184127466999
1498 7.610323865227428
1500 5.92926459964866
1502 6.32243129562435
1504 6.114501772642751
1506 6.754280258230123
1508 6.8943806972770405
1510 4.185983630390751
1512 4.294797845247251
1514 4.287590515429766
1516 4.339127782564178
1518 5.91007193585613
1520 5.92426944089029
1522 6.082867603162424
1524 4.58586874549512
1526 4.506598355234615
1528 6.285689814790866
1530 4.6119449211672405
1532 3.7055981522672554
1534 4.328349646557428
1536 4.435063112105259
1538 4.207205120606478
1540 3.983994353758222
1542 3.9982421209193024
1544 4.365350273213085
1546 4.094942227854879
1548 3.9606198298104114
1550 3.6696887449316713
1552 4.067844736134392
1554 3.868773651992602
1556 4.239875143132059
1558 4.142190316618948
1560 3.808700813399481
1562 3.9864910718394584
1564 4.176143124819736
1566 3.9978112526795586
1568 4.299721511696526
1570 4.356798999493478
1572 4.497319024926093
1574 4.195254644920091
1576 4.3018409649049305
1578 6.502948171743216
1580 6.294997694337735
1582 6.859166446681898
1584 6.417188378835741
1586 6.766931655633775
1588 6.538538861393665
1590 6.842730087313699
1592 7.281634594529143
1594 6.848147058851962
1596 7.317286722503728
1598 6.506725064374953
1600 6.898030357201933
1602 6.570192215202016
1604 7.010096565052697
1606 6.405375737796083
1608 7.149295454415885
1610 7.208491694002915
1612 6.50452181256234
1614 7.04553991779535
1616 7.2800100309708435
1618 7.172121595454566
1620 6.730630574721355
1622 6.722423354938314
1624 6.716199185571574
1626 6.099717050465454
1628 6.602571178490621
1630 6.916432662696082
1632 6.561631336668432
1634 5.512437319726534
1636 5.990870165154394
1638 6.837230896393059
1640 6.988888389380182
1642 6.608653110978918
1644 10.18046410752462
1646 8.691852626180655
1648 8.736417689710882
1650 8.683786270640566
1652 8.945475778396823
1654 7.066746024690385
1656 8.798280268045925
1658 7.311090707886345
1660 9.193128006903073
1662 8.779108022862061
1664 8.335695427236766
1666 5.5832737475264285
1668 6.159133249711931
1670 6.7755024822398
1672 6.787718972185578
1674 6.955384303763997
1676 6.912756946390061
1678 7.105965422102942
1680 6.037974974346123
1682 6.110642401710449
1684 6.540003536121679
1686 6.8490449577691646
1688 7.4802530896686035
1690 6.612669169751833
1692 6.047828103893054
1694 6.303601472841049
1696 5.911623033463139
1698 6.95658731651435
1700 6.438872855457527
1702 6.258219269323572
1704 7.034326478004462
1706 6.024192328677108
1708 5.94277583810396
1710 6.781167057835582
1712 6.434518402267152
1714 5.1425096659215965
1716 7.225675859460817
1718 6.359660203610149
1720 6.484784449142411
1722 6.9080318835696355
1724 6.675414333577157
1726 6.788913700813705
1728 6.896703241453807
1730 6.734905528520665
1732 6.760367716441362
1734 6.50007146238826
1736 6.957126199521908
1738 6.490097887807141
1740 6.957077843666608
1742 6.548927410346659
1744 6.498162300788028
1746 6.464780279146716
1748 6.64066697781457
1750 5.971780453087755
1752 4.486458339155206
1754 4.836664331617394
1756 4.921864222463188
1758 4.266461761880948
1760 4.252523298793997
1762 4.737017934950169
1764 4.391267939761248
1766 4.624295159161434
1768 4.887131125190529
1770 6.934763345028961
1772 7.028195447196521
1774 6.637938087407047
1776 6.357933684285128
1778 6.589573838114407
1780 6.69733045408487
1782 6.716104748166394
1784 6.7570703756224
1786 4.491446522451172
1788 5.854025154563817
1790 7.080453110338366
1792 6.381739094649906
1794 6.949318449783986
1796 6.6583082897243715
1798 6.409328061977908
1800 6.521932389058171
1802 6.871606546652148
1804 8.151326672757644
1806 6.628021996031338
1808 5.7730223062005
1810 7.2022937571242664
1812 6.35617410950461
1814 6.371853669825547
1816 4.91439447843126
1818 4.756574590090709
1820 4.905463234970349
1822 4.985998971345844
1824 6.75207426444851
1826 4.587014517655911
1828 5.376912184848277
1830 4.617608829666189
1832 4.434384846826814
1834 6.704824254679616
1836 6.0192089156719515
1838 6.716555492363742
1840 7.215827744055556
1842 6.321860466919453
1844 6.2527543632948195
1846 6.435255869283003
1848 6.82183799699794
1850 6.631690767561217
1852 6.134128180432798
1854 6.892047209224387
1856 6.532516239119431
1858 6.299001382793984
1860 6.118272774003381
1862 6.865125314311226
1864 6.4200608095526706
1866 6.610079967115066
1868 6.985100501070457
1870 6.72269353563236
1872 6.631014260438403
1874 6.597012822943875
1876 6.374393982573406
1878 6.949666258781063
1880 6.111209952120194
1882 6.943527226349024
1884 6.515583555222999
1886 6.671190578919715
1888 6.318938692534931
1890 6.481804487681162
1892 6.2552118928125635
1894 6.943486070843486
1896 6.689134353722384
1898 7.785618147135456
1900 6.833947730058983
1902 6.735540010811295
1904 6.274117260130449
1906 6.767530485054499
1908 6.233434603659543
1910 4.897406790112865
1912 4.806762921930332
1914 6.33404749477289
1916 6.809772431872504
1918 7.686090091588427
1920 6.63236850141729
1922 7.346190103259467
1924 4.923775092078703
1926 4.1493174443431275
1928 4.702817560938925
1930 6.50197610577279
1932 5.817188747000719
1934 6.724684333741845
1936 6.593454961380416
1938 7.9763540661315515
1940 7.471266023323741
1942 6.947761657773388
1944 6.850896093873188
1946 7.113680560081227
1948 7.908295360588989
1950 6.648811278607748
1952 6.507289230917301
1954 6.725630344280721
1956 6.652104904340037
1958 6.561077946744945
1960 6.398041072027948
1962 5.177736260499623
1964 6.619925387332279
1966 6.763320299306918
1968 6.889064392436059
1970 5.414920050124338
1972 7.083620941622584
1974 6.686345089114512
1976 6.841001656794136
1978 7.0514551617004635
1980 6.945072426251502
1982 7.617637487127519
1984 6.887621521144614
1986 6.722930895306917
1988 7.01550989257189
1990 7.182826204155054
1992 6.451818643315457
1994 6.785713605587669
1996 6.845897929653307
1998 6.987632625188898
2000 7.646212972521869
2002 6.959036668348088
2004 5.757095040966821
2006 6.592449064040773
2008 6.787088022001213
2010 6.341264709071464
2012 6.874686486550772
2014 6.205875466660477
2016 6.6218572909731135
2018 6.330240541458435
2020 7.139546445658561
2022 6.859356256659948
2024 6.5051787034188395
2026 6.14289302999035
2028 6.538824861741565
2030 7.271799927686304
2032 6.807636026586008
2034 6.720446924162119
2036 6.417229798078525
2038 7.049854472506271
2040 6.616237630601118
2042 6.8578339905802315
2044 6.346229532457233
2046 7.00197415748567
2048 6.59967096237166
2050 6.406032243349956
2052 6.385821464111453
2054 6.510163399662625
2056 6.676571541598796
2058 6.907274753411918
2060 6.085558274052239
2062 6.614696034247457
2064 6.440355770167359
2066 6.828940729128015
2068 7.054898428290913
2070 7.472742503101689
2072 7.159075152389682
2074 7.018718469918162
2076 6.823726465150686
2078 6.9370124322813735
2080 7.203195856151779
2082 7.559180529549583
2084 7.319599358274748
2086 7.298145210730955
2088 6.446115903060283
2090 7.113165410837865
2092 6.650928327659525
2094 6.350437165359577
2096 6.7774081535132416
2098 7.074741355461381
2100 6.7336616419978075
