0 4.615630574410627
2 4.27434551097789
4 4.312129010598086
6 4.126816447255247
8 4.392777386129309
10 4.669863032237171
12 4.547909952888451
14 5.027858238720868
16 4.417085696941854
18 8.111819069615287
20 6.77575444014649
22 6.385996374243329
24 7.2289427644617295
26 4.5756509826802425
28 6.896793643064029
30 4.775916935789158
32 4.22640442388713
34 4.857221000385034
36 4.642556615434299
38 4.32778038804694
40 4.8126247393435
42 4.765566963660512
44 4.818242994596897
46 4.456461463229251
48 4.600277761949197
50 4.264575320857296
52 5.247670515327925
54 4.275202069072106
56 4.814046081305522
58 4.658913346026898
60 4.287717333037839
62 4.554263158300344
64 4.404067900785278
66 4.55676550005914
68 4.789179856206125
70 4.933446242169128
72 4.881622781314482
74 4.9918694318690955
76 4.459477088965543
78 4.804593085964693
80 6.724198686816939
82 5.016268823677592
84 4.606496216367074
86 4.880094513544852
88 4.713549212564233
90 4.114415737869681
92 4.632895370058101
94 4.829302253329596
96 4.890411696627931
98 4.918756117164809
100 4.841368570337382
102 6.329850276002139
104 4.790390598884532
106 4.508401885153486
108 4.834313472699512
110 4.944629548091968
112 4.78651720888937
114 4.68708891947488
116 4.8703781573369564
118 4.353550231890119
120 4.974999577978411
122 4.646314216363968
124 4.495399803232786
126 4.540098949817365
128 6.128752117246966
130 5.372040517695908
132 4.426704112741684
134 5.441229949367763
136 4.513414483825812
138 5.869323012975385
140 6.444231477053204
142 5.9659929112632
144 6.081936928010702
146 6.155936620803668
148 4.37291606618494
150 4.4867484014922745
152 4.2972081262922845
154 5.922092154660724
156 6.50851518987381
158 5.988771824331122
160 6.309787888388203
162 6.540410125892783
164 5.981518400704263
166 6.260808504201857
168 5.490475547785188
170 5.505205537735599
172 5.842558962751945
174 5.895062575975855
176 5.927118015752739
178 6.220111236563813
180 6.029347429534544
182 6.112046269028148
184 6.407143447612629
186 5.86464694132715
188 6.415624029863066
190 6.004547478675158
192 5.973715556104305
194 5.995047812384543
196 6.003009817392266
198 5.88565157256186
200 5.957541374420463
202 6.207636794675124
204 5.940931489911357
206 6.441998195210099
208 5.920054613842353
210 6.2259878829818955
212 5.519040164704856
214 5.782193185842352
216 5.21396068073359
218 5.573373805420892
220 5.863690137103561
222 5.865709344325398
224 5.636429728285194
226 5.962978171954367
228 4.1265965642045375
230 4.1864338748975065
232 4.344353999852169
234 4.582065784392308
236 4.0650043835716
238 4.037326237692619
240 3.9365668409257335
242 6.126428958794881
244 6.103643721157798
246 5.916706174624976
248 5.872010342015799
250 6.308961763647046
252 5.790379629398014
254 5.807810645665249
256 6.092244869459449
258 6.094471864049019
260 4.12327427613527
262 4.873487607826505
264 4.190772901841299
266 4.205617437405442
268 4.180154465738156
270 4.116370827453134
272 4.294757521588463
274 4.038949038466504
276 4.157169802479907
278 4.10075711363537
280 4.140366730600383
282 4.268931737568701
284 4.245252842660581
286 4.202599520628152
288 3.958957689468414
290 4.038829089911839
292 4.450410957483303
294 4.0340323519535275
296 4.131516166767799
298 4.245442715084482
300 4.27464885746631
302 4.09569265765635
304 4.301089200489953
306 4.205305063111454
308 4.063895454449428
310 4.2414785902034975
312 4.214016017255341
314 4.99605117810984
316 4.15320682470089
318 4.111097548464011
320 4.225927447686752
322 4.095177502262977
324 3.8671631028407165
326 4.066801207856395
328 4.056636077067276
330 4.252032033748497
332 4.022768798346203
334 4.336765888990699
336 3.9237195659151354
338 4.234768662875799
340 4.422333243572511
342 4.4398695086434055
344 4.191520377212292
346 3.873641555220044
348 4.29237075993789
350 4.015588521242698
352 4.2301491367153785
354 4.199739228646474
356 4.14726019296978
358 4.215220761207276
360 4.085162264389772
362 4.15357234808255
364 4.3045048615730215
366 4.07384578867595
368 4.15645815093085
370 4.250895320882115
372 4.326768066285142
374 4.399149355429321
376 4.199483485117585
378 4.060444909526497
380 4.020514303307744
382 4.2848014377814625
384 4.029008157375571
386 4.294864848704238
388 4.914562936562964
390 3.8322042822202302
392 4.498054813009145
394 5.559458486142514
396 3.8453336946421213
398 4.245038761823661
400 4.162378946282068
402 4.391823815989106
404 3.9946550081395444
406 4.139591127560748
408 4.163713233259036
410 3.9778590113107075
412 4.280832692383908
414 4.1141968120576395
416 4.004440755110216
418 4.1416195500018675
420 3.8823349767700086
422 5.421208042222431
424 5.872253513093577
426 5.159234102180792
428 6.075140823305735
430 4.260045468806199
432 4.639842185265155
434 4.159254480833969
436 4.312690593904056
438 4.537628930988924
440 3.8907533837002455
442 6.9926646066302345
444 3.8422855219599654
446 4.21248366355724
448 4.305860388520075
450 4.626355911360498
452 3.9749312799672802
454 4.468119632937027
456 4.429140844798612
458 4.273658932582552
460 4.298476952823128
462 4.228595299121915
464 4.348719370387455
466 4.414826275889993
468 4.288048887306202
470 4.625541364012752
472 4.21929532066776
474 4.153330404454196
476 6.14788574796358
478 6.341869750269288
480 6.1816786610220715
482 5.46278391002034
484 6.29538067624977
486 6.086982029117438
488 6.57767621549375
490 8.439887935021897
492 6.0559752204241795
494 6.1698602180360265
496 6.7847695701568185
498 5.5162768034028185
500 5.811200659124768
502 6.3157673508643635
504 6.09426449701269
506 4.997033811954876
508 6.366738164266467
510 5.638701594625721
512 6.001000784257114
514 5.721444335733992
516 6.206414808718589
518 5.95205658268913
520 6.183568595481478
522 5.94260880181046
524 6.462038987502451
526 7.584737840832874
528 6.344276578892868
530 5.937297465713643
532 5.992299576248436
534 5.870068301279274
536 6.149780588593546
538 5.797059362856205
540 6.227967292717826
542 6.50187400400787
544 6.866477011701733
546 6.531522787477279
548 8.366714543707577
550 5.038184450209035
552 6.0145502078658515
554 6.1877348617846115
556 5.6377386037097175
558 5.801317235339833
560 4.149147425209612
562 6.359426303640958
564 5.631246027094384
566 8.723907697361948
568 8.659311301004347
570 9.477862670850698
572 8.469648960591792
574 5.3970413415998575
576 7.601709880221314
578 6.474423084144116
580 6.34998783332869
582 5.840578584623084
584 6.140550862308509
586 5.712843606110409
588 6.192409751583568
590 5.7593497598050325
592 6.404804797933825
594 6.1095054408870615
596 5.91571937294912
598 6.676144567083471
600 6.118996235929121
602 5.985025579642581
604 7.0766169561466095
606 6.130368279849918
608 4.593844288139754
610 4.454280874524631
612 6.711332919993564
614 6.868535085362314
616 7.204337731341216
618 6.080998444643604
620 5.7482001187483185
622 4.609049284380032
624 4.661701853666816
626 5.84018524843172
628 4.554969292051312
630 6.041560886624679
632 4.86191824022644
634 6.411818689630483
636 6.180518279333907
638 4.511873438231308
640 6.49448740146686
642 4.996751935731904
644 4.578766330668706
646 4.456914407433459
648 5.091454329555188
650 4.550376553905749
652 4.728396915789685
654 4.5310554275343575
656 4.154818079670442
658 4.857022068390262
660 4.049426154668315
662 4.797383037854359
664 4.940281723576809
666 4.453894877265828
668 4.309640628854839
670 4.352420500025167
672 4.130735928272485
674 4.385356611424431
676 4.404658433401271
678 4.2751523203366375
680 4.865172901119865
682 4.355612303556907
684 4.213237977548665
686 4.5008833836208115
688 4.8225835525811735
690 4.868062270913167
692 5.086506499593195
694 4.706716305610607
696 4.770596616536086
698 4.856039350152569
700 4.29805543302941
702 4.812164448086034
704 4.7800922586071435
706 4.77524467281454
708 4.991672134490355
710 4.765418490659662
712 4.956075362188221
714 4.723055334932955
716 4.724296341443716
718 4.662070252770412
720 4.954052079854108
722 7.050114260136534
724 4.7704265610135925
726 5.136269464371341
728 4.660307543525598
730 4.686922957980944
732 4.465306172400646
734 4.813512718125745
736 4.716068967518218
738 4.672987179835119
740 4.807921549409505
742 4.715952245159233
744 4.758924534585727
746 4.458193947203672
748 4.882425857196663
750 4.971227046615959
752 5.091526337753005
754 4.307307373988228
756 4.6326923387696475
758 4.911628956379408
760 5.068984674218397
762 4.941141719702774
764 5.3825775611555535
766 4.596749669012452
768 4.995181394231785
770 4.698945737089949
772 4.639749113733744
774 4.97436956749622
776 5.551113028883512
778 4.947332878054294
780 4.7944660100262055
782 4.520276221553566
784 4.505126621447572
786 5.057926463289973
788 5.140333168723052
790 5.161132996840189
792 4.660141010689929
794 4.585303888435078
796 4.8445442179052485
798 4.559751692593991
800 4.800982123036484
802 4.718706348426853
804 4.718303304345886
806 4.477256185014755
808 4.8628901430362275
810 4.405229294319721
812 4.663483318317316
814 4.605845507481631
816 4.580158296880856
818 4.979207760097739
820 4.271180539398472
822 4.446492136019089
824 4.777707956403286
826 4.600363180009806
828 4.613008626714669
830 4.730011367630474
832 4.763924835376879
834 4.296719590940748
836 5.15128938582276
838 4.658990614788294
840 4.445108809116918
842 4.9724924483903346
844 4.985438443323783
846 4.683639321611818
848 4.997554237345946
850 4.762570925850985
852 4.936497849373397
854 4.3923965273475325
856 4.671975576044489
858 4.763033789017204
860 4.908090856264029
862 4.831993663331056
864 4.5308835378484345
866 4.673248648726776
868 4.715844687151061
870 4.866597644342593
872 4.451646983349042
874 4.580895373534346
876 4.558734959260717
878 4.586633353297717
880 4.612037420639219
882 4.641688524362049
884 4.867703527153993
886 4.565294757534614
888 4.6029154314222485
890 4.5158206063098225
892 4.7196432680369895
894 4.421410676401793
896 4.680613843982091
898 4.758078059230179
900 4.958071760874323
902 4.610347750913327
904 4.671427377831335
906 4.426693829681176
908 4.508197664170822
910 4.914436729345029
912 5.067689999170381
914 4.876970860631766
916 4.396281243922089
918 4.741516919360633
920 4.761112208860375
922 4.613816578940436
924 4.621309968933893
926 4.525671705776794
928 4.7783476137018885
930 4.6358969864776185
932 4.825909040293456
934 4.833300837405757
936 4.490128720157144
938 4.677915275078487
940 4.683195390366296
942 4.492721313396747
944 4.628453426561551
946 4.697843780690061
948 4.996845874063102
950 4.613165968211659
952 4.699312661419019
954 5.039609712904485
956 4.918956321496338
958 4.854337470353097
960 4.278592229329879
962 4.573275270982647
964 4.5715320381476925
966 4.136517477696044
968 4.5846905273372345
970 4.730346926978092
972 4.876492724888787
974 6.031496348802371
976 5.74955497492577
978 5.3556805711213515
980 4.771436937573231
982 4.522748933592679
984 4.528684729825594
986 5.645182594340874
988 4.865987448627923
990 4.330736409708413
992 5.855425001925988
994 7.388509716867159
996 4.759056196494552
998 5.919200046723158
1000 5.414183952574619
1002 5.978392587451603
1004 6.056878738065359
1006 6.006691620692283
1008 4.959045721363073
1010 4.801557304167881
1012 6.138965118378563
1014 6.78961702731223
1016 5.482359145312562
1018 6.083715398852735
1020 5.706646094661987
1022 5.594612460245082
1024 5.984763800247979
1026 4.6739598592673195
1028 5.776648951957662
1030 5.579821332043198
1032 4.751792614434415
1034 4.567725650789093
1036 5.816952196410379
1038 5.812613090618044
1040 6.715953492329276
1042 5.918461050331905
1044 6.90099086204235
1046 5.692508746497943
1048 6.0799597098966345
1050 6.764956720163705
1052 6.028633587888851
1054 6.728792200413099
1056 6.009212808457608
1058 6.652310278194491
1060 5.940333355115028
1062 6.336315108490058
1064 5.347274444249497
1066 6.746320753823518
1068 6.146685386323799
1070 6.427520349061632
1072 7.197556243713551
1074 5.9157558651528985
1076 6.16502558273859
1078 6.17952085989608
1080 5.634918463865088
1082 5.707751130483327
1084 6.216830336368595
1086 5.043889178207948
1088 5.243332960386911
1090 5.590674148346243
1092 5.551029844679058
1094 6.770895820526677
1096 6.016651756937965
1098 5.691230280245653
1100 5.799876652952923
1102 5.8393909784767315
1104 5.98399563731315
1106 6.127471912324282
1108 5.8129531545971584
1110 5.873242781808288
1112 5.568571802729136
1114 5.641400699241673
1116 5.365634422089245
1118 4.309280057819975
1120 5.187740077926894
1122 4.920284851016229
1124 4.490814410738124
1126 4.749794511068233
1128 3.8425371967261492
1130 4.455015910220221
1132 4.664051730330874
1134 4.874161881785039
1136 4.667217227687547
1138 4.180179201511555
1140 4.7651800214956355
1142 4.360388393082355
1144 4.715336037369242
1146 4.340285472014514
1148 5.231384258997333
1150 4.844840524291301
1152 5.526647680335091
1154 6.26454542552271
1156 6.011401086577908
1158 5.348746539581328
1160 5.337051168905139
1162 5.0572824078590255
1164 4.716970626652587
1166 4.922648454235553
1168 6.348143682733056
1170 4.192013880850234
1172 5.143889562296635
1174 5.984842555783865
1176 6.1401349016268885
1178 5.32582051606867
1180 5.699492902185485
1182 4.981946130758941
1184 5.929008278488775
1186 5.320159348705937
1188 5.726944300030564
1190 5.02878032147993
1192 6.0229053646891915
1194 5.7948330540684125
1196 5.725592934636756
1198 4.995447937033416
1200 5.421071896573286
1202 6.63102794383221
1204 5.907125046785961
1206 5.257000866036173
1208 4.947616542159958
1210 6.033126176067011
1212 5.201047128151898
1214 5.448527420306074
1216 5.145571627434288
1218 5.246187464268858
1220 5.247084704035888
1222 6.047179742403603
1224 5.854854760588296
1226 5.8258306530898105
1228 4.6018355838715035
1230 4.961389536495736
1232 5.315048462155778
1234 4.385497531502013
1236 4.830319393498193
1238 5.38276965127551
1240 4.924928885165266
1242 5.564759194378186
1244 5.507993600199392
1246 5.494099939584669
1248 4.851485202497486
1250 5.3335005155760085
1252 5.722184337678225
1254 5.747996200509654
1256 6.123664829015266
1258 5.372382601045118
1260 5.464487447899296
1262 5.611802840335994
1264 6.190813767738479
1266 5.6906427226302645
1268 6.268917123596621
1270 8.672960049487294
1272 7.817879396803648
1274 9.041843258120299
1276 8.472931314692277
1278 8.39779997307774
1280 7.5558912127998825
1282 6.240856839067974
1284 4.49068010850705
1286 4.721885464916183
1288 4.547546912273497
1290 5.025550334499224
1292 4.993292187849507
1294 4.109816422280095
1296 5.29982418762284
1298 4.62519797006096
1300 5.432286509554159
1302 5.4003559958797265
1304 6.509854601806179
1306 5.074036744665688
1308 5.838680672749999
1310 6.02312927125796
1312 5.631206404066506
1314 5.167989445114724
1316 4.263393160421182
1318 5.223826724684221
1320 5.480521824350846
1322 4.712300864468095
1324 3.935655175698503
1326 5.188522806035343
1328 3.8980336064928083
1330 3.8417827854698263
1332 4.721575291801607
1334 3.924311958431635
1336 5.912787740858327
1338 4.673850967614783
1340 3.988282339623547
1342 5.338448349196135
1344 4.876840942846498
1346 4.355096195536201
1348 4.669617744829961
1350 5.09334522841978
1352 4.904444240619117
1354 5.306839522867508
1356 4.6778411812614875
1358 5.251710161966304
1360 4.2545678276351735
1362 4.148474920386307
1364 4.661705126876038
1366 5.664202968087788
1368 4.725103221598681
1370 5.016700620283392
1372 4.012913181036227
1374 4.033909732301403
1376 4.239390540327213
1378 4.089122928514404
1380 4.632598596588536
1382 4.525683424459391
1384 5.115117665839636
1386 5.586512778233906
1388 4.947935339469487
1390 5.254825060227681
1392 5.4372832100312944
1394 5.927583177132428
1396 5.135139559126283
1398 5.612941388352508
1400 6.544150607579796
1402 5.153269604732733
1404 5.153619079334725
1406 4.60234547800976
1408 4.906126764041423
1410 5.137259892492578
1412 5.390268774481424
1414 5.634138400176063
1416 4.444450790414134
1418 4.516690606388105
1420 4.84431575671503
1422 4.966101321483512
1424 5.232766757663565
1426 5.061947128739433
1428 5.4890881112911165
1430 6.39691541009905
1432 5.371569505641133
1434 5.116411339050277
1436 5.4933763754836
1438 4.82105772640536
1440 5.681499898355671
1442 4.791666691011472
1444 4.838957877086958
1446 6.327467982387879
1448 4.9670166265939955
1450 6.299160421957235
1452 4.91445134000739
1454 5.059732795264635
1456 5.553782509955892
1458 5.950277916584622
1460 4.8519009631872185
1462 6.123017323494799
1464 4.9437716787763755
1466 5.753089555079226
1468 6.485092262668091
1470 6.834155169209868
1472 4.747126853233847
1474 4.626508022601621
1476 6.0483453868266475
1478 6.030423311017325
1480 4.735683620453624
1482 5.532673978079143
1484 4.862687722321015
1486 5.22418325423497
1488 6.006709154060442
1490 5.539852935829804
1492 5.674595330554801
1494 5.007135182355111
1496 5.50285320086162
1498 5.280284797328902
1500 5.038177043089221
1502 5.074615063731658
1504 5.629235596337301
1506 6.7837301176048275
1508 6.110018650912369
1510 5.574625564941476
1512 5.019465162504832
1514 6.260758074364123
1516 5.724405288929843
1518 5.145141428207149
1520 5.365250333584233
1522 5.3621110570793835
1524 5.845243586289043
1526 4.562943331155233
1528 5.529938620146768
1530 5.792118466341822
1532 6.112520252155483
1534 5.064324537397344
1536 5.171749185654296
1538 5.452581236606095
1540 5.305431298531491
1542 4.758960460344142
1544 4.698806129278453
1546 5.247187883276251
1548 4.974146100705563
1550 5.033105792803682
1552 4.7621129864774145
1554 5.367935002705921
1556 5.070798992876457
1558 5.024443327045631
1560 4.938872425958748
1562 3.8037180754593973
1564 5.1211308815884555
1566 4.461484353802615
1568 4.634975520692959
1570 4.954685682380836
1572 5.57490749457524
1574 5.152192912050355
1576 5.025742886268349
1578 4.830593230344273
1580 5.678499953228389
1582 5.449120925702532
1584 5.771013152827286
1586 5.286633516927217
1588 5.435101405571995
1590 4.644446533212181
1592 5.570441899466327
1594 5.858104697717462
1596 5.385068391247628
1598 4.591235197342543
1600 5.429159373485741
1602 4.745380091030263
1604 5.349475559098073
1606 5.341792084382132
1608 3.81784694053026
1610 5.358258638061767
1612 5.352466313678923
1614 4.778888495912866
1616 5.259678417282623
1618 5.326326362015375
1620 4.0340517426005125
1622 4.000121522967969
1624 4.588092914735158
1626 4.6856878899703975
1628 5.2927188819041495
1630 5.450561194129537
1632 5.6193020674407075
1634 5.670848311229733
1636 5.666266808949897
1638 4.809585591506168
1640 5.202200109591922
1642 5.581049193321832
1644 5.268219904950923
1646 5.195826803439299
1648 5.697090028794558
1650 5.489089973778799
1652 5.537581986555113
1654 5.960511806971513
1656 5.769206438687673
1658 5.638192684554359
1660 5.25364789560213
1662 6.623264239559035
1664 4.608395655693298
1666 4.773952274762862
1668 4.783282664458446
1670 5.178521730852801
1672 4.790010458475185
1674 5.394377529660458
1676 4.756703189393533
1678 5.527431101618736
1680 4.088727523477862
1682 5.600831201992406
1684 5.343875114193686
1686 5.335546629628904
1688 4.888975063336774
1690 5.269739824577747
1692 5.694038384684568
1694 5.170109215179757
1696 4.35333029061363
1698 5.225500920725571
1700 5.982022268738994
1702 5.5257047904195025
1704 6.0752718698734975
1706 5.784518136929293
1708 4.639532385980864
1710 5.360832348434892
1712 4.846737497925975
1714 5.096849688648018
1716 5.444009327794171
1718 5.335815617908959
1720 5.793257043047622
1722 6.512664149474429
1724 5.649325377573973
1726 5.185400550549619
1728 5.758386888858328
1730 5.15827647826412
1732 5.488797520202965
1734 5.715111093587273
1736 5.546069648296718
1738 6.33628578246724
1740 5.388770164929451
1742 4.931172480884923
1744 5.00648440243171
1746 5.5586940145497845
1748 5.643709331380329
1750 4.488707337397072
1752 5.863223779698417
1754 5.440122228821122
1756 5.9368848267966365
1758 6.720683026119387
1760 5.6054054036116625
1762 5.440397781247922
1764 5.990886824339488
1766 4.41585840851355
1768 5.434496743527308
1770 5.853407890757327
1772 5.249657769958387
1774 6.320408062860227
1776 5.679733018916853
1778 5.69460121801721
1780 5.12649247573938
1782 5.365078879825357
1784 5.469314622923328
1786 5.644129752698261
1788 6.1200405842572145
1790 5.3214767024236505
1792 5.249717825437997
1794 5.2249734601569005
1796 6.709561764185801
1798 5.814585940712509
1800 5.683985989472179
1802 5.9557863896547625
1804 5.573456332540081
1806 4.7947808399600875
1808 5.1630624545820964
1810 4.9865297611600905
1812 5.521405790144285
1814 5.541600134406097
1816 5.572164847498977
1818 5.745614775460427
1820 6.059556358643951
1822 5.270224164508181
1824 4.9350370488811
1826 5.532937213155081
1828 5.69551794897351
1830 5.199095219479157
1832 6.452162360344456
1834 6.019552340168284
1836 5.261426246395879
1838 3.9615578953043333
1840 5.134139541705645
1842 4.922130370050694
1844 5.388509030480087
1846 5.060545431300993
1848 5.347220893985004
1850 4.73391528425284
1852 4.8823480047857375
1854 4.556630270164614
1856 5.021219706907225
1858 5.3048787371243336
1860 5.043076331700014
1862 4.992081234818951
1864 5.23350053097592
1866 3.983280814452125
1868 5.167775984336077
1870 4.65821185402957
1872 5.359114007175851
1874 5.763692455649523
1876 5.0336792126709655
1878 5.428821275335895
1880 5.597599766379984
1882 5.005692760838099
1884 5.3493640554496205
1886 4.961954334154403
1888 5.180284522652071
1890 5.244421294285218
1892 6.396504412189251
1894 5.4601808287482685
1896 4.902629076617439
1898 6.512145203881243
1900 5.429750970290297
1902 6.136198688977709
1904 5.736514877685615
1906 6.164583811828436
1908 5.434132927845749
1910 4.915971867982031
1912 5.299190876372177
1914 4.976872229016731
1916 6.607195278595562
1918 5.955644242733247
1920 6.56368165980052
1922 6.898620289511971
1924 5.732924075109396
1926 5.961766602524538
1928 5.615316052673376
1930 5.2176345189340285
1932 5.616813419829315
1934 5.564767677965419
1936 5.2604379716724665
1938 4.479650111848478
1940 5.1610085227778555
1942 5.7830963964535576
1944 5.374464728537582
1946 5.143872367878778
1948 5.578331350140058
1950 5.547566661597942
1952 5.419109185699496
1954 4.738366240608813
1956 4.127774546300525
1958 4.907351626052735
1960 5.300091658468905
1962 4.816272564431541
1964 5.32828692277337
1966 4.318156277029462
1968 5.3491501714010985
1970 5.060004639762663
1972 5.620375751411701
1974 5.280861997177208
1976 5.313887806436467
1978 5.415174923484558
1980 5.219629150920264
1982 4.618864436775387
1984 4.567120864743164
1986 5.40535930106709
1988 4.961645273705016
1990 5.39822757398918
1992 4.502319632587074
1994 5.665653971461369
1996 5.960073275532519
1998 5.13704304585343
2000 6.064326199358789
2002 5.633445028849664
2004 5.1163427603776706
2006 5.411969047882403
2008 5.0750458368985365
2010 4.79406282401647
2012 4.423066226842179
2014 6.239217198985933
2016 6.42696006498267
2018 5.222015516459026
2020 6.103314224181868
2022 5.585859784481245
2024 5.400075616944819
2026 5.218179464228744
2028 4.64430839194124
2030 5.8533661136893675
2032 6.250449823173974
2034 5.755095525060987
2036 5.303741244192646
2038 4.840194968720375
2040 4.756228631719646
2042 6.031981425249167
2044 5.635751651979691
2046 5.258252455365273
2048 5.686384810030013
2050 5.629529754893917
2052 5.278048012320349
2054 5.306485743163539
2056 3.830655293401319
2058 4.1284619572369685
2060 5.466738682595995
2062 5.14308311350156
2064 5.683706571046914
2066 5.045290767889103
2068 5.239278515951921
2070 5.507213746831217
2072 5.632547356909022
2074 5.477998482170177
2076 6.0272841412953415
2078 5.442530716555284
2080 5.403154077087466
2082 4.6986838204743595
2084 5.244151813307118
2086 5.287023235353394
2088 4.843390387358431
2090 5.0566880254406605
2092 4.799672801631485
2094 5.440561672837994
2096 5.678575448862901
2098 5.967468058101804
2100 4.523033025160607
