#! FIELDS time thetaA thetaB thetaC thetaD
 0.000000 0.244634 0.269871 0.251709 0.308060
 1.000000 0.261854 0.289918 0.319246 0.286814
 2.000000 0.253130 0.334313 0.307362 0.370447
 3.000000 0.323283 0.345650 0.343252 0.395050
 4.000000 0.367300 0.286275 0.372598 0.350632
 5.000000 0.281249 0.268903 0.293439 0.353177
 6.000000 0.319599 0.262787 0.299698 0.330924
 7.000000 0.290699 0.289993 0.326572 0.392288
 8.000000 0.307281 0.239453 0.300944 0.432359
 9.000000 0.274141 0.299264 0.376801 0.416533
 10.000000 0.280714 0.234068 0.330244 0.437064
 11.000000 0.256365 0.271719 0.328084 0.373789
 12.000000 0.408930 0.236747 0.337815 0.381502
 13.000000 0.408655 0.282781 0.358700 0.369960
 14.000000 0.353971 0.255740 0.394075 0.347182
 15.000000 0.394326 0.295234 0.303056 0.397052
 16.000000 0.419915 0.263347 0.279228 0.343477
 17.000000 0.417514 0.262608 0.354577 0.360748
 18.000000 0.428450 0.233879 0.300341 0.404396
 19.000000 0.449116 0.203675 0.299402 0.403354
 20.000000 0.421375 0.248218 0.396142 0.426877
 21.000000 0.471039 0.223736 0.390243 0.396705
 22.000000 0.467453 0.284291 0.331191 0.374052
 23.000000 0.527573 0.226061 0.371206 0.318724
 24.000000 0.568414 0.196185 0.364367 0.373808
 25.000000 0.546980 0.278800 0.371142 0.388437
 26.000000 0.504256 0.217493 0.438499 0.440263
 27.000000 0.419879 0.196616 0.468700 0.381106
 28.000000 0.365621 0.181629 0.440377 0.430459
 29.000000 0.420207 0.201475 0.456074 0.385957
 30.000000 0.384574 0.137021 0.439871 0.384061
 31.000000 0.483102 0.246737 0.354271 0.356663
 32.000000 0.539901 0.221018 0.363829 0.377572
 33.000000 0.507070 0.262497 0.347220 0.316704
 34.000000 0.479065 0.185705 0.342773 0.393763
 35.000000 0.532986 0.201019 0.355969 0.388239
 36.000000 0.514980 0.223931 0.364041 0.389607
 37.000000 0.593914 0.232083 0.344341 0.349180
 38.000000 0.499359 0.210641 0.364334 0.375700
 39.000000 0.589367 0.162969 0.381035 0.431127
 40.000000 0.502539 0.201347 0.397039 0.379695
 41.000000 0.454615 0.247039 0.402089 0.415149
 42.000000 0.483460 0.258590 0.432504 0.368194
 43.000000 0.441514 0.215464 0.402784 0.383821
 44.000000 0.534268 0.266019 0.362336 0.373420
 45.000000 0.489422 0.275136 0.418264 0.430365
 46.000000 0.469110 0.331101 0.447973 0.375533
 47.000000 0.527682 0.268150 0.456731 0.385625
 48.000000 0.567473 0.255602 0.493201 0.354784
 49.000000 0.606280 0.311788 0.512339 0.376096
 50.000000 0.534155 0.294905 0.577983 0.274601
 51.000000 0.558247 0.308016 0.485869 0.381147
 52.000000 0.580821 0.281001 0.539183 0.430249
 53.000000 0.544015 0.315265 0.531425 0.479537
 54.000000 0.589696 0.239174 0.553339 0.359196
 55.000000 0.565315 0.215160 0.525192 0.366033
 56.000000 0.487398 0.201504 0.441030 0.425232
 57.000000 0.617594 0.230127 0.400255 0.416505
 58.000000 0.629123 0.246641 0.507140 0.385367
 59.000000 0.607635 0.292736 0.513612 0.432808
 60.000000 0.577297 0.292256 0.559399 0.399750
 61.000000 0.612889 0.262143 0.508043 0.348726
 62.000000 0.538682 0.168974 0.550426 0.441277
 63.000000 0.485802 0.167372 0.586175 0.438205
 64.000000 0.554306 0.204923 0.557561 0.460462
 65.000000 0.605104 0.165180 0.531024 0.449745
 66.000000 0.584390 0.177097 0.540591 0.426643
 67.000000 0.483008 0.180104 0.540093 0.403491
 68.000000 0.484914 0.194120 0.560929 0.396992
 69.000000 0.602693 0.205179 0.538622 0.475428
 70.000000 0.567050 0.180273 0.512693 0.514575
 71.000000 0.563701 0.205362 0.418989 0.481189
 72.000000 0.547116 0.208802 0.560259 0.477317
 73.000000 0.529542 0.176517 0.551225 0.444355
 74.000000 0.469757 0.176693 0.462265 0.449161
 75.000000 0.400236 0.181826 0.543345 0.417846
 76.000000 0.421885 0.236474 0.537277 0.400244
 77.000000 0.499720 0.240389 0.601367 0.395510
 78.000000 0.530864 0.248659 0.585301 0.433764
 79.000000 0.523320 0.137940 0.539153 0.449741
 80.000000 0.485417 0.228174 0.514939 0.506216
 81.000000 0.614230 0.192326 0.569193 0.418097
 82.000000 0.635772 0.260678 0.561942 0.505509
 83.000000 0.638256 0.155035 0.531011 0.432521
 84.000000 0.557838 0.216897 0.559688 0.433057
 85.000000 0.665310 0.250823 0.561951 0.407640
 86.000000 0.565601 0.255741 0.560342 0.465262
 87.000000 0.565151 0.187425 0.596229 0.501447
 88.000000 0.634557 0.130464 0.485136 0.455362
 89.000000 0.619648 0.235358 0.517646 0.432418
 90.000000 0.595588 0.268468 0.492096 0.478473
 91.000000 0.624646 0.293896 0.532789 0.466384
 92.000000 0.656484 0.265001 0.458590 0.446863
 93.000000 0.572761 0.268040 0.491775 0.350431
 94.000000 0.566442 0.251797 0.529979 0.349398
 95.000000 0.633097 0.308236 0.522400 0.395328
 96.000000 0.631155 0.311666 0.554067 0.419006
 97.000000 0.629424 0.333065 0.515194 0.399124
 98.000000 0.736323 0.333039 0.501026 0.399490
 99.000000 0.653228 0.343467 0.545146 0.449358
 100.000000 0.717119 0.331101 0.539249 0.408056
 101.000000 0.596789 0.262350 0.525532 0.401707
 102.000000 0.683097 0.268343 0.490842 0.418676
 103.000000 0.649857 0.245503 0.554580 0.468898
 104.000000 0.605327 0.312808 0.507329 0.454721
 105.000000 0.634956 0.316358 0.525953 0.509061
 106.000000 0.744506 0.305577 0.570184 0.517431
 107.000000 0.688950 0.382314 0.486249 0.490723
 108.000000 0.637990 0.429764 0.558059 0.537322
 109.000000 0.649127 0.356596 0.544608 0.532894
 110.000000 0.616770 0.363791 0.529504 0.527677
 111.000000 0.683166 0.355492 0.518599 0.510081
 112.000000 0.593241 0.353792 0.475794 0.536907
 113.000000 0.552117 0.302136 0.535861 0.477330
 114.000000 0.536723 0.247916 0.530572 0.532538
 115.000000 0.515697 0.359296 0.490362 0.535969
 116.000000 0.522560 0.330885 0.491983 0.532721
 117.000000 0.689624 0.335319 0.505273 0.532568
 118.000000 0.669924 0.312109 0.533518 0.581008
 119.000000 0.735636 0.347478 0.420429 0.590855
 120.000000 0.703438 0.388133 0.402677 0.573994
 121.000000 0.723808 0.384785 0.405528 0.540793
 122.000000 0.695422 0.368524 0.466816 0.479659
 123.000000 0.637080 0.398491 0.517613 0.528856
 124.000000 0.717002 0.437613 0.497717 0.539849
 125.000000 0.670997 0.376471 0.411847 0.534824
 126.000000 0.603871 0.338682 0.448302 0.495560
 127.000000 0.693694 0.396856 0.505889 0.485954
 128.000000 0.602292 0.349825 0.469939 0.553726
 129.000000 0.538307 0.331154 0.439572 0.492132
 130.000000 0.583413 0.330524 0.484998 0.503666
 131.000000 0.543307 0.334218 0.437137 0.483933
 132.000000 0.537903 0.282064 0.465589 0.460875
 133.000000 0.525026 0.257556 0.445340 0.469365
 134.000000 0.599125 0.262616 0.453451 0.537652
 135.000000 0.538187 0.294624 0.496796 0.485255
 136.000000 0.578797 0.300656 0.561653 0.461326
 137.000000 0.616485 0.313596 0.540967 0.449189
 138.000000 0.599052 0.250400 0.627465 0.511691
 139.000000 0.562630 0.244709 0.546592 0.427260
 140.000000 0.622610 0.301296 0.580808 0.504022
 141.000000 0.517036 0.338316 0.562120 0.499987
 142.000000 0.498733 0.324653 0.527554 0.546202
 143.000000 0.458781 0.340207 0.499996 0.523551
 144.000000 0.576424 0.384795 0.513173 0.510878
 145.000000 0.623499 0.393070 0.495350 0.487071
 146.000000 0.541432 0.399311 0.470857 0.496404
 147.000000 0.507334 0.409548 0.469646 0.449734
 148.000000 0.548683 0.353800 0.563166 0.420862
 149.000000 0.535928 0.398427 0.502418 0.461795
 150.000000 0.476870 0.289048 0.502537 0.468399
 151.000000 0.476432 0.283540 0.459085 0.470589
 152.000000 0.510885 0.307313 0.445699 0.444380
 153.000000 0.576590 0.290149 0.385376 0.394656
 154.000000 0.490538 0.279612 0.462728 0.404431
 155.000000 0.516245 0.223950 0.418752 0.423152
 156.000000 0.500123 0.305646 0.419015 0.438810
 157.000000 0.527937 0.283653 0.403199 0.405902
 158.000000 0.548992 0.316643 0.431983 0.500605
 159.000000 0.520964 0.295515 0.391601 0.381469
 160.000000 0.498589 0.274513 0.413007 0.369918
 161.000000 0.429073 0.228653 0.437088 0.333176
 162.000000 0.517349 0.293120 0.446490 0.361197
 163.000000 0.469823 0.315334 0.476391 0.402055
 164.000000 0.527654 0.248515 0.543970 0.350830
 165.000000 0.572039 0.248733 0.456512 0.353373
 166.000000 0.631564 0.180734 0.450155 0.427576
 167.000000 0.553712 0.280708 0.464258 0.440904
 168.000000 0.577370 0.234468 0.452658 0.512532
 169.000000 0.591999 0.212216 0.472233 0.490168
 170.000000 0.580437 0.250775 0.401645 0.475680
 171.000000 0.567444 0.244305 0.443498 0.467522
 172.000000 0.596864 0.221010 0.480838 0.530934
 173.000000 0.403553 0.227319 0.428843 0.456652
 174.000000 0.486247 0.309448 0.419207 0.504337
 175.000000 0.540363 0.232141 0.432672 0.437097
 176.000000 0.516564 0.260063 0.451037 0.376211
 177.000000 0.593034 0.194551 0.416343 0.521655
 178.000000 0.576743 0.264995 0.479928 0.448095
 179.000000 0.602003 0.229541 0.458078 0.450000
 180.000000 0.637779 0.237659 0.382423 0.393391
 181.000000 0.529021 0.228942 0.386899 0.485391
 182.000000 0.588170 0.244220 0.406503 0.438643
 183.000000 0.582236 0.227558 0.424291 0.451568
 184.000000 0.622479 0.224447 0.468114 0.478769
 185.000000 0.598400 0.177246 0.408518 0.435622
 186.000000 0.666930 0.141609 0.510899 0.460295
 187.000000 0.613519 0.203329 0.451540 0.408901
 188.000000 0.712278 0.245523 0.414124 0.483722
 189.000000 0.662280 0.238647 0.418701 0.493259
 190.000000 0.631761 0.242774 0.446817 0.429839
 191.000000 0.648971 0.214585 0.465148 0.396371
 192.000000 0.677261 0.261998 0.470108 0.412621
 193.000000 0.620478 0.251758 0.535636 0.397261
 194.000000 0.684430 0.202862 0.539833 0.326250
 195.000000 0.593259 0.235091 0.554254 0.425459
 196.000000 0.702483 0.241454 0.481387 0.423985
 197.000000 0.686080 0.170518 0.511389 0.379156
 198.000000 0.622717 0.242475 0.546746 0.419050
 199.000000 0.674632 0.286995 0.515962 0.325686
 200.000000 0.634132 0.208987 0.491739 0.362023
 201.000000 0.671548 0.248158 0.569020 0.404039
 202.000000 0.718498 0.292865 0.549023 0.353394
 203.000000 0.764801 0.280795 0.503521 0.392072
 204.000000 0.672179 0.228408 0.482685 0.407411
 205.000000 0.716762 0.329413 0.464930 0.404338
 206.000000 0.748913 0.272328 0.480791 0.455558
 207.000000 0.765981 0.278307 0.498745 0.402400
 208.000000 0.673948 0.209752 0.517431 0.436995
 209.000000 0.794230 0.322918 0.515460 0.427455
 210.000000 0.756737 0.325441 0.525550 0.471957
 211.000000 0.828165 0.303684 0.465511 0.413739
 212.000000 0.874873 0.331881 0.481923 0.446925
 213.000000 0.834701 0.347012 0.489099 0.429139
 214.000000 0.823074 0.327936 0.462513 0.390474
 215.000000 0.793536 0.254568 0.471993 0.476567
 216.000000 0.837748 0.239834 0.440671 0.369862
 217.000000 0.790728 0.232893 0.478861 0.407166
 218.000000 0.824286 0.273117 0.417507 0.365907
 219.000000 0.805251 0.321651 0.478491 0.452955
 220.000000 0.814060 0.263591 0.486211 0.462022
 221.000000 0.793930 0.264989 0.486970 0.436589
 222.000000 0.874402 0.310367 0.459390 0.538767
 223.000000 0.829752 0.277355 0.463400 0.462176
 224.000000 0.848691 0.316769 0.535077 0.476278
 225.000000 0.802323 0.308625 0.487814 0.474870
 226.000000 0.856879 0.383847 0.471460 0.411562
 227.000000 0.816290 0.279234 0.479635 0.378298
 228.000000 0.857718 0.243733 0.502779 0.433251
 229.000000 0.827773 0.304937 0.480598 0.405898
 230.000000 0.787579 0.370037 0.466610 0.473515
 231.000000 0.821648 0.266841 0.495676 0.524165
 232.000000 0.788081 0.281014 0.491401 0.486200
 233.000000 0.788504 0.228048 0.549845 0.480356
 234.000000 0.824329 0.233766 0.505751 0.451254
 235.000000 0.802767 0.247797 0.497192 0.466094
 236.000000 0.717529 0.288360 0.489651 0.443211
 237.000000 0.745530 0.297875 0.548401 0.436713
 238.000000 0.772178 0.317107 0.504425 0.446024
 239.000000 0.785585 0.247026 0.474284 0.433015
 240.000000 0.764192 0.246460 0.486887 0.403948
 241.000000 0.762074 0.236001 0.445410 0.460435
 242.000000 0.779174 0.183031 0.451049 0.445108
 243.000000 0.776673 0.321211 0.426978 0.383118
 244.000000 0.804281 0.280283 0.420279 0.435516
 245.000000 0.843732 0.294342 0.480462 0.458123
 246.000000 0.857940 0.261032 0.444150 0.450386
 247.000000 0.752212 0.231547 0.449976 0.436527
 248.000000 0.857438 0.264828 0.443929 0.394983
 249.000000 0.816419 0.255172 0.499902 0.486280
 250.000000 0.843757 0.289087 0.432415 0.427934
 251.000000 0.866405 0.338651 0.467750 0.495243
 252.000000 0.830744 0.290353 0.465509 0.455986
 253.000000 0.826719 0.293190 0.508673 0.466064
 254.000000 0.785847 0.337432 0.504955 0.520856
 255.000000 0.829758 0.369253 0.504374 0.508267
 256.000000 0.811836 0.381269 0.455122 0.534463
 257.000000 0.785577 0.292580 0.500758 0.508406
 258.000000 0.801493 0.343671 0.399632 0.537635
 259.000000 0.767276 0.323560 0.433841 0.458577
 260.000000 0.762656 0.378026 0.395201 0.556747
 261.000000 0.756323 0.440616 0.389288 0.468566
 262.000000 0.757792 0.435090 0.464656 0.570230
 263.000000 0.775667 0.408621 0.364835 0.503190
 264.000000 0.731127 0.378505 0.442492 0.489596
 265.000000 0.731544 0.592666 0.377179 0.521541
 266.000000 0.718890 0.489423 0.390440 0.409171
 267.000000 0.680333 0.437865 0.398545 0.487001
 268.000000 0.743388 0.418490 0.509934 0.427625
 269.000000 0.782284 0.405748 0.452296 0.458373
 270.000000 0.673564 0.363876 0.415823 0.469788
 271.000000 0.707944 0.443919 0.449651 0.424921
 272.000000 0.744178 0.359840 0.444944 0.436052
 273.000000 0.742221 0.373886 0.453554 0.428695
 274.000000 0.786413 0.276710 0.505765 0.388888
 275.000000 0.772505 0.255804 0.508091 0.327706
 276.000000 0.805925 0.280988 0.455321 0.390072
 277.000000 0.719928 0.342621 0.438030 0.401186
 278.000000 0.748772 0.327988 0.456656 0.398966
 279.000000 0.704496 0.278099 0.452707 0.355516
 280.000000 0.643167 0.237727 0.371450 0.390637
 281.000000 0.702831 0.352818 0.411225 0.372585
 282.000000 0.724793 0.390400 0.416783 0.468505
 283.000000 0.742134 0.412219 0.409941 0.420905
 284.000000 0.717032 0.345913 0.405836 0.440495
 285.000000 0.755937 0.410882 0.370400 0.414617
 286.000000 0.724358 0.388228 0.389470 0.485051
 287.000000 0.676842 0.372568 0.385227 0.477369
 288.000000 0.670104 0.397852 0.375890 0.548459
 289.000000 0.672505 0.337612 0.406451 0.535020
 290.000000 0.671435 0.346069 0.416707 0.441655
 291.000000 0.608214 0.348497 0.419132 0.487846
 292.000000 0.597497 0.368030 0.373217 0.518439
 293.000000 0.616227 0.380234 0.347680 0.514120
 294.000000 0.625527 0.409161 0.367224 0.537502
 295.000000 0.543503 0.378086 0.309505 0.513717
 296.000000 0.651009 0.294219 0.279684 0.442344
 297.000000 0.503511 0.284314 0.396999 0.503311
 298.000000 0.643908 0.320036 0.406844 0.506558
 299.000000 0.646624 0.302212 0.382042 0.500244
 300.000000 0.730640 0.283966 0.399923 0.457907
 301.000000 0.640370 0.368103 0.437779 0.494502
 302.000000 0.523571 0.402298 0.471794 0.459758
 303.000000 0.708925 0.395094 0.435008 0.523442
 304.000000 0.673970 0.363569 0.440790 0.471943
 305.000000 0.669285 0.345466 0.491882 0.505064
 306.000000 0.679613 0.318824 0.471800 0.459756
 307.000000 0.733728 0.253269 0.417339 0.451628
 308.000000 0.755842 0.272247 0.523261 0.433211
 309.000000 0.734227 0.344141 0.446772 0.407461
 310.000000 0.767811 0.249537 0.520176 0.444568
 311.000000 0.751277 0.209419 0.545353 0.403094
 312.000000 0.774659 0.271680 0.499165 0.392162
 313.000000 0.814573 0.206915 0.468352 0.392620
 314.000000 0.709737 0.180686 0.482613 0.347394
 315.000000 0.771443 0.253837 0.473418 0.483108
 316.000000 0.746919 0.284009 0.447095 0.487460
 317.000000 0.803020 0.227421 0.446388 0.349812
 318.000000 0.912219 0.201665 0.471429 0.426727
 319.000000 0.725468 0.201016 0.488042 0.413866
 320.000000 0.777946 0.182899 0.484603 0.421325
 321.000000 0.741174 0.299983 0.516850 0.351044
 322.000000 0.747735 0.341148 0.486128 0.388933
 323.000000 0.864786 0.314863 0.492211 0.437461
 324.000000 0.842881 0.343443 0.482809 0.416379
 325.000000 0.769975 0.292070 0.477278 0.364458
 326.000000 0.783022 0.340768 0.479563 0.375376
 327.000000 0.794111 0.354313 0.494090 0.389576
 328.000000 0.797450 0.328104 0.506655 0.370787
 329.000000 0.818179 0.320662 0.524695 0.395608
 330.000000 0.792221 0.261510 0.438758 0.423862
 331.000000 0.730483 0.279471 0.491814 0.460476
 332.000000 0.808845 0.278778 0.494100 0.419070
 333.000000 0.850347 0.319343 0.455472 0.406440
 334.000000 0.803014 0.240717 0.489223 0.449655
 335.000000 0.864570 0.317288 0.474610 0.453451
 336.000000 0.801039 0.277760 0.435329 0.447024
 337.000000 0.910811 0.242181 0.383997 0.436528
 338.000000 0.738260 0.190675 0.432427 0.416387
 339.000000 0.773064 0.256615 0.427661 0.357778
 340.000000 0.868557 0.266308 0.424755 0.437897
 341.000000 0.752456 0.246615 0.397250 0.458889
 342.000000 0.756069 0.237003 0.408020 0.441550
 343.000000 0.800334 0.254955 0.491053 0.369852
 344.000000 0.798234 0.123477 0.467601 0.451668
 345.000000 0.861536 0.167223 0.387255 0.357011
 346.000000 0.838718 0.172484 0.462856 0.413063
 347.000000 0.845158 0.191484 0.487002 0.428691
 348.000000 0.811736 0.230510 0.448045 0.471400
 349.000000 0.799777 0.294312 0.371664 0.398821
 350.000000 0.796187 0.280956 0.460910 0.447195
 351.000000 0.778566 0.283908 0.478849 0.458617
 352.000000 0.776305 0.238413 0.441764 0.427263
 353.000000 0.795868 0.237083 0.498039 0.427371
 354.000000 0.808808 0.184014 0.447106 0.502100
 355.000000 0.694846 0.238405 0.446829 0.523951
 356.000000 0.737479 0.246203 0.363374 0.436749
 357.000000 0.803870 0.284888 0.417515 0.427749
 358.000000 0.761317 0.121127 0.417731 0.467460
 359.000000 0.756066 0.269998 0.445489 0.503245
 360.000000 0.824695 0.278617 0.416084 0.443946
 361.000000 0.827307 0.258090 0.465263 0.472623
 362.000000 0.838147 0.291309 0.532730 0.440113
 363.000000 0.783188 0.211523 0.485879 0.445245
 364.000000 0.849487 0.314193 0.507490 0.434907
 365.000000 0.847880 0.246672 0.427242 0.477862
 366.000000 0.930275 0.255889 0.431497 0.427515
 367.000000 0.883668 0.243606 0.394579 0.516976
 368.000000 0.900860 0.242798 0.405151 0.472206
 369.000000 0.936207 0.308306 0.362726 0.464830
 370.000000 0.891735 0.329697 0.377212 0.501236
 371.000000 0.879660 0.307373 0.405981 0.477195
 372.000000 0.868752 0.302929 0.428942 0.485213
 373.000000 0.810832 0.218866 0.451863 0.381164
 374.000000 0.824407 0.182166 0.412155 0.389713
 375.000000 0.730458 0.231728 0.445018 0.341732
 376.000000 0.775089 0.287750 0.457595 0.330372
 377.000000 0.663862 0.276699 0.441106 0.373352
 378.000000 0.713889 0.226693 0.486487 0.324415
 379.000000 0.843390 0.355159 0.446022 0.346025
 380.000000 0.755667 0.338467 0.445465 0.290414
 381.000000 0.796237 0.318095 0.443356 0.293916
 382.000000 0.765771 0.312999 0.426683 0.314667
 383.000000 0.750776 0.263803 0.377643 0.406357
 384.000000 0.765742 0.290959 0.358569 0.343858
 385.000000 0.752698 0.256405 0.381440 0.380649
 386.000000 0.735551 0.283247 0.408854 0.384587
 387.000000 0.754504 0.353382 0.478474 0.416508
 388.000000 0.745508 0.336908 0.479481 0.461633
 389.000000 0.750844 0.205543 0.498063 0.373410
 390.000000 0.740318 0.289302 0.476636 0.371169
 391.000000 0.767638 0.253219 0.463627 0.360029
 392.000000 0.820161 0.302779 0.480288 0.293564
 393.000000 0.762879 0.278664 0.415640 0.373411
 394.000000 0.765287 0.295017 0.468378 0.363761
 395.000000 0.766961 0.278279 0.473022 0.364544
 396.000000 0.749732 0.238483 0.473420 0.353966
 397.000000 0.706909 0.315697 0.400465 0.370216
 398.000000 0.701014 0.144769 0.423411 0.422150
 399.000000 0.791928 0.233978 0.482490 0.382103
 400.000000 0.729493 0.282967 0.461666 0.373819
 401.000000 0.753470 0.331080 0.354681 0.397309
 402.000000 0.768147 0.371868 0.450612 0.456257
 403.000000 0.871839 0.340469 0.413994 0.384395
 404.000000 0.783515 0.338139 0.539087 0.398072
 405.000000 0.814292 0.292663 0.454801 0.414038
 406.000000 0.790055 0.279408 0.440968 0.381295
 407.000000 0.802453 0.340823 0.437280 0.275670
 408.000000 0.843897 0.306821 0.460851 0.358157
 409.000000 0.807279 0.362891 0.419055 0.366757
 410.000000 0.760143 0.335320 0.493931 0.335609
 411.000000 0.807050 0.321295 0.484973 0.318471
 412.000000 0.814477 0.325403 0.448659 0.346294
 413.000000 0.835335 0.348223 0.462945 0.340040
 414.000000 0.819033 0.378167 0.432301 0.341862
 415.000000 0.796121 0.357865 0.444622 0.322404
 416.000000 0.730794 0.289834 0.392256 0.305326
 417.000000 0.779329 0.250692 0.462286 0.428488
 418.000000 0.708751 0.337787 0.491489 0.395138
 419.000000 0.709928 0.299696 0.463844 0.416056
 420.000000 0.786564 0.278971 0.386563 0.414769
 421.000000 0.807899 0.270835 0.452274 0.395002
 422.000000 0.784078 0.398774 0.425544 0.477937
 423.000000 0.813472 0.366892 0.379685 0.399598
 424.000000 0.782684 0.314174 0.393463 0.513098
 425.000000 0.877709 0.275698 0.361931 0.448593
 426.000000 0.806034 0.290104 0.414246 0.401929
 427.000000 0.817459 0.334009 0.393069 0.433955
 428.000000 0.751187 0.352035 0.406455 0.440492
 429.000000 0.785322 0.310383 0.386822 0.426024
 430.000000 0.816302 0.242657 0.372238 0.408440
 431.000000 0.837576 0.363612 0.351547 0.436160
 432.000000 0.862258 0.340732 0.317311 0.400767
 433.000000 0.792155 0.369631 0.412275 0.438461
 434.000000 0.884012 0.376664 0.399450 0.388720
 435.000000 0.845887 0.285844 0.369496 0.406162
 436.000000 0.841063 0.237992 0.391869 0.441112
 437.000000 0.864190 0.326160 0.333830 0.407274
 438.000000 0.839881 0.332385 0.301821 0.360451
 439.000000 0.860223 0.371334 0.357026 0.316095
 440.000000 0.941111 0.282098 0.366541 0.290589
 441.000000 0.885267 0.264745 0.325948 0.391435
 442.000000 0.861739 0.258307 0.358912 0.359215
 443.000000 0.944539 0.285091 0.415459 0.394878
 444.000000 0.980954 0.309078 0.407365 0.383389
 445.000000 0.893188 0.313657 0.343197 0.364370
 446.000000 0.847295 0.356130 0.447588 0.345468
 447.000000 0.824657 0.367399 0.422065 0.349142
 448.000000 0.903268 0.329756 0.364726 0.360197
 449.000000 0.903097 0.265507 0.402548 0.344664
 450.000000 0.744508 0.276747 0.367323 0.251679
 451.000000 0.815193 0.317693 0.353751 0.267483
 452.000000 0.872031 0.295304 0.341684 0.326858
 453.000000 0.823112 0.359342 0.385806 0.269939
 454.000000 0.807681 0.351054 0.356945 0.217445
 455.000000 0.823404 0.356471 0.354573 0.203638
 456.000000 0.879171 0.342005 0.439885 0.230796
 457.000000 0.796193 0.330805 0.462274 0.160937
 458.000000 0.830228 0.328368 0.396213 0.213229
 459.000000 0.831935 0.353481 0.427489 0.140200
 460.000000 0.767550 0.341382 0.452118 0.168417
 461.000000 0.684727 0.349666 0.473867 0.136852
 462.000000 0.764957 0.435691 0.433566 0.171662
 463.000000 0.754702 0.334363 0.413133 0.209027
 464.000000 0.754904 0.401960 0.349086 0.135620
 465.000000 0.735653 0.420897 0.437224 0.161062
 466.000000 0.714303 0.382807 0.407984 0.240227
 467.000000 0.714441 0.424299 0.430446 0.208676
 468.000000 0.706137 0.418147 0.429697 0.175723
 469.000000 0.764339 0.356486 0.449040 0.226488
 470.000000 0.759687 0.391606 0.448811 0.195865
 471.000000 0.810739 0.482195 0.500907 0.250935
 472.000000 0.864632 0.381986 0.541901 0.184523
 473.000000 0.799803 0.432633 0.419799 0.190727
 474.000000 0.745308 0.344959 0.416758 0.248598
 475.000000 0.890651 0.384890 0.402592 0.209134
 476.000000 0.756307 0.424879 0.460557 0.174672
 477.000000 0.893187 0.436273 0.466897 0.229721
 478.000000 0.876695 0.388983 0.397528 0.182697
 479.000000 0.889293 0.443287 0.450630 0.192665
 480.000000 0.890261 0.372913 0.486563 0.169081
 481.000000 1.003604 0.395627 0.480337 0.188674
 482.000000 0.872301 0.373558 0.463120 0.204802
 483.000000 0.850477 0.395400 0.470851 0.248977
 484.000000 0.785843 0.315976 0.478012 0.234106
 485.000000 0.837064 0.265263 0.472065 0.271998
 486.000000 0.886539 0.356709 0.477893 0.199560
 487.000000 0.801095 0.303410 0.489754 0.153115
 488.000000 0.820990 0.371620 0.459965 0.216984
 489.000000 0.801338 0.348352 0.435054 0.262268
 490.000000 0.751933 0.364955 0.435173 0.301110
 491.000000 0.857564 0.334353 0.407343 0.252422
 492.000000 0.838925 0.283441 0.460221 0.238521
 493.000000 0.823183 0.243470 0.475733 0.263768
 494.000000 0.816122 0.299840 0.494214 0.301677
 495.000000 0.731851 0.376135 0.457286 0.256735
 496.000000 0.767978 0.310842 0.403878 0.255726
 497.000000 0.752341 0.330429 0.369152 0.248962
 498.000000 0.771882 0.305647 0.447158 0.312921
 499.000000 0.757886 0.383110 0.426167 0.231613
 500.000000 0.760110 0.332436 0.374618 0.284529
 501.000000 0.707265 0.358122 0.410332 0.255871
 502.000000 0.730684 0.376169 0.428144 0.255730
 503.000000 0.766388 0.400392 0.506683 0.243458
 504.000000 0.745706 0.385915 0.463956 0.332044
 505.000000 0.733116 0.363871 0.450679 0.319943
 506.000000 0.752759 0.379995 0.433687 0.254726
 507.000000 0.768627 0.318977 0.482202 0.258852
 508.000000 0.716964 0.334367 0.407798 0.249606
 509.000000 0.745515 0.350821 0.346575 0.260659
 510.000000 0.826982 0.326471 0.407808 0.349951
 511.000000 0.744287 0.332275 0.436901 0.360188
 512.000000 0.824604 0.331222 0.450826 0.409705
 513.000000 0.787458 0.313318 0.382215 0.342323
 514.000000 0.859537 0.374638 0.424360 0.340277
 515.000000 0.748171 0.352816 0.405887 0.278710
 516.000000 0.737323 0.395972 0.448011 0.250720
 517.000000 0.793060 0.285521 0.387351 0.301826
 518.000000 0.839611 0.350034 0.408744 0.287307
 519.000000 0.784064 0.346995 0.412999 0.309155
 520.000000 0.861408 0.393911 0.339020 0.314520
 521.000000 0.802108 0.368573 0.404739 0.361499
 522.000000 0.838870 0.338609 0.358805 0.332323
 523.000000 0.769022 0.393062 0.356744 0.297459
 524.000000 0.724981 0.338788 0.438509 0.262890
 525.000000 0.743539 0.368150 0.413773 0.261605
 526.000000 0.664646 0.354787 0.403468 0.242987
 527.000000 0.766045 0.378541 0.318117 0.329841
 528.000000 0.730333 0.477314 0.282063 0.317289
 529.000000 0.751043 0.391818 0.423795 0.386462
 530.000000 0.685290 0.430526 0.359836 0.407588
 531.000000 0.698155 0.328389 0.390925 0.428868
 532.000000 0.648662 0.361360 0.409138 0.328107
 533.000000 0.631251 0.325429 0.365377 0.336038
 534.000000 0.661916 0.329020 0.357388 0.351627
 535.000000 0.597434 0.429007 0.354024 0.374120
 536.000000 0.679533 0.360462 0.306206 0.304308
 537.000000 0.725833 0.380732 0.398751 0.306187
 538.000000 0.801966 0.332100 0.395483 0.232955
 539.000000 0.825345 0.393733 0.350402 0.177875
 540.000000 0.748830 0.424397 0.441356 0.320261
 541.000000 0.778933 0.386311 0.394942 0.358288
 542.000000 0.697387 0.348684 0.359073 0.311555
 543.000000 0.772803 0.318333 0.421695 0.218657
 544.000000 0.803425 0.328922 0.438661 0.371956
 545.000000 0.734025 0.430153 0.450120 0.306993
 546.000000 0.743430 0.294610 0.416775 0.307639
 547.000000 0.614151 0.369858 0.402835 0.311822
 548.000000 0.770574 0.381308 0.372207 0.365142
 549.000000 0.759340 0.287409 0.312513 0.244773
 550.000000 0.784955 0.327521 0.311906 0.324698
 551.000000 0.842594 0.376940 0.357433 0.331412
 552.000000 0.798149 0.386966 0.318761 0.358305
 553.000000 0.831887 0.347321 0.391025 0.269723
 554.000000 0.781444 0.323944 0.376934 0.280369
 555.000000 0.827235 0.340610 0.386472 0.262201
 556.000000 0.814945 0.331307 0.366925 0.310595
 557.000000 0.808813 0.380189 0.382959 0.237739
 558.000000 0.837761 0.351796 0.355621 0.215652
 559.000000 0.799005 0.374850 0.425905 0.228274
 560.000000 0.845145 0.334690 0.379787 0.214567
 561.000000 0.831031 0.412689 0.403887 0.242672
 562.000000 0.819570 0.380453 0.415471 0.259691
 563.000000 0.831897 0.400067 0.414034 0.257419
 564.000000 0.855459 0.394987 0.371043 0.273451
 565.000000 0.840004 0.369475 0.326164 0.334867
 566.000000 0.816619 0.345385 0.323238 0.407597
 567.000000 0.800292 0.343035 0.362877 0.344267
 568.000000 0.753132 0.365335 0.392201 0.321847
 569.000000 0.821107 0.373319 0.321563 0.319206
 570.000000 0.740521 0.376672 0.362896 0.298772
 571.000000 0.774825 0.355482 0.310482 0.367906
 572.000000 0.823099 0.328376 0.368452 0.324929
 573.000000 0.719548 0.390911 0.349711 0.227501
 574.000000 0.700383 0.364317 0.311685 0.223859
 575.000000 0.666202 0.419599 0.328264 0.305861
 576.000000 0.686812 0.297857 0.355002 0.288284
 577.000000 0.660299 0.384255 0.324005 0.376734
 578.000000 0.595584 0.392776 0.345029 0.351244
 579.000000 0.658828 0.299703 0.335539 0.348511
 580.000000 0.764370 0.377769 0.399939 0.350285
 581.000000 0.739776 0.385463 0.294680 0.355415
 582.000000 0.677436 0.364464 0.341379 0.393577
 583.000000 0.673668 0.389272 0.337653 0.367142
 584.000000 0.709842 0.311895 0.277268 0.282270
 585.000000 0.703165 0.348545 0.301585 0.243550
 586.000000 0.714864 0.354148 0.267153 0.200707
 587.000000 0.737732 0.310584 0.354007 0.224431
 588.000000 0.733958 0.298659 0.394059 0.340592
 589.000000 0.649435 0.402995 0.357013 0.290621
 590.000000 0.748018 0.374607 0.304383 0.281174
 591.000000 0.713396 0.389824 0.347626 0.332892
 592.000000 0.749271 0.317181 0.381139 0.335559
 593.000000 0.785622 0.301046 0.299149 0.410046
 594.000000 0.797031 0.364152 0.329645 0.325362
 595.000000 0.775880 0.409190 0.347052 0.338735
 596.000000 0.758831 0.386009 0.315532 0.296495
 597.000000 0.816240 0.359394 0.342754 0.295107
 598.000000 0.713111 0.386152 0.384382 0.371947
 599.000000 0.756325 0.368072 0.365410 0.294716
 600.000000 0.773291 0.401087 0.278812 0.328934
 601.000000 0.782555 0.366481 0.381045 0.333125
 602.000000 0.790017 0.422548 0.321378 0.272019
 603.000000 0.785806 0.401756 0.335615 0.299266
 604.000000 0.862692 0.429686 0.257592 0.245189
 605.000000 0.759094 0.443943 0.329774 0.288948
 606.000000 0.788668 0.449677 0.294699 0.230483
 607.000000 0.773268 0.408955 0.366922 0.317602
 608.000000 0.707121 0.408720 0.383070 0.157326
 609.000000 0.669604 0.409889 0.398837 0.264356
 610.000000 0.776444 0.384809 0.382439 0.194436
 611.000000 0.783530 0.335533 0.442399 0.195596
 612.000000 0.744648 0.359549 0.446353 0.258600
 613.000000 0.805450 0.388251 0.455376 0.312532
 614.000000 0.763381 0.387128 0.457736 0.249689
 615.000000 0.792229 0.313532 0.463087 0.222345
 616.000000 0.780392 0.327256 0.390002 0.208415
 617.000000 0.883983 0.381164 0.457257 0.292696
 618.000000 0.789601 0.342349 0.374853 0.382767
 619.000000 0.746518 0.338992 0.355752 0.332722
 620.000000 0.831013 0.381348 0.421363 0.265272
 621.000000 0.788765 0.327779 0.378508 0.280325
 622.000000 0.789092 0.346297 0.348732 0.204516
 623.000000 0.796754 0.374297 0.382376 0.188690
 624.000000 0.790875 0.377482 0.347345 0.246982
 625.000000 0.713066 0.319019 0.316610 0.289592
 626.000000 0.878459 0.371704 0.328988 0.234681
 627.000000 0.747496 0.330547 0.364890 0.172746
 628.000000 0.794823 0.386753 0.320574 0.181252
 629.000000 0.717867 0.390344 0.337526 0.269534
 630.000000 0.782471 0.337190 0.261998 0.310508
 631.000000 0.759834 0.385964 0.376669 0.298301
 632.000000 0.758684 0.367187 0.348328 0.195108
 633.000000 0.733991 0.324254 0.347599 0.344724
 634.000000 0.774308 0.317278 0.273764 0.301890
 635.000000 0.753053 0.327578 0.333363 0.278068
 636.000000 0.776605 0.390414 0.374779 0.318984
 637.000000 0.737130 0.308980 0.316554 0.379586
 638.000000 0.768362 0.284791 0.287505 0.329637
 639.000000 0.734381 0.394289 0.358208 0.272038
 640.000000 0.741894 0.288830 0.315442 0.248007
 641.000000 0.723429 0.340557 0.367105 0.200821
 642.000000 0.691350 0.262157 0.322081 0.260201
 643.000000 0.752279 0.327611 0.383172 0.232425
 644.000000 0.735742 0.351219 0.316003 0.194457
 645.000000 0.742707 0.380597 0.335984 0.217862
 646.000000 0.801090 0.364101 0.399141 0.274021
 647.000000 0.779452 0.465587 0.351444 0.299932
 648.000000 0.850437 0.405143 0.391579 0.321182
 649.000000 0.779815 0.360412 0.414232 0.300026
 650.000000 0.792555 0.273433 0.432978 0.240270
 651.000000 0.799105 0.342721 0.452655 0.275696
 652.000000 0.722734 0.284702 0.424125 0.282864
 653.000000 0.780323 0.300497 0.419983 0.281061
 654.000000 0.754922 0.198717 0.376142 0.291655
 655.000000 0.708732 0.297263 0.447330 0.309656
 656.000000 0.781575 0.369993 0.410153 0.232897
 657.000000 0.793417 0.326584 0.365541 0.219038
 658.000000 0.779011 0.385832 0.448866 0.301190
 659.000000 0.825406 0.416670 0.388561 0.286172
 660.000000 0.805647 0.465826 0.408322 0.327176
 661.000000 0.711928 0.386052 0.380597 0.289693
 662.000000 0.767955 0.379062 0.465729 0.332864
 663.000000 0.789702 0.349113 0.423702 0.287334
 664.000000 0.754848 0.319472 0.418305 0.267563
 665.000000 0.772526 0.319338 0.468259 0.247569
 666.000000 0.717860 0.308466 0.598012 0.307618
 667.000000 0.744401 0.279050 0.549889 0.320344
 668.000000 0.785866 0.372706 0.588835 0.306334
 669.000000 0.766209 0.327140 0.550566 0.265122
 670.000000 0.812657 0.335969 0.567622 0.281794
 671.000000 0.775773 0.368466 0.566979 0.175269
 672.000000 0.840801 0.324954 0.536867 0.181539
 673.000000 0.812144 0.423250 0.496106 0.258801
 674.000000 0.833366 0.426583 0.455372 0.215097
 675.000000 0.797340 0.391664 0.427692 0.239239
 676.000000 0.810344 0.466901 0.392853 0.269721
 677.000000 0.713112 0.359198 0.348304 0.311888
 678.000000 0.783260 0.395360 0.310131 0.370206
 679.000000 0.776528 0.542618 0.306419 0.310582
 680.000000 0.806303 0.430562 0.347691 0.369320
 681.000000 0.727830 0.380932 0.261826 0.287595
 682.000000 0.736783 0.326230 0.270400 0.281106
 683.000000 0.811090 0.325640 0.363705 0.337631
 684.000000 0.689233 0.406135 0.368131 0.332810
 685.000000 0.728851 0.344629 0.375166 0.213379
 686.000000 0.755262 0.397823 0.419355 0.228739
 687.000000 0.800989 0.422729 0.426658 0.313427
 688.000000 0.698820 0.427609 0.352753 0.338524
 689.000000 0.735612 0.368291 0.378556 0.293395
 690.000000 0.748100 0.308234 0.337722 0.255396
 691.000000 0.702007 0.394234 0.376084 0.270041
 692.000000 0.707444 0.421749 0.397540 0.186408
 693.000000 0.702604 0.380623 0.415599 0.215508
 694.000000 0.759111 0.367463 0.389717 0.209458
 695.000000 0.697501 0.327354 0.493431 0.278999
 696.000000 0.723732 0.327342 0.436368 0.205855
 697.000000 0.682294 0.363262 0.482110 0.253404
 698.000000 0.805939 0.280353 0.514898 0.138508
 699.000000 0.841236 0.331069 0.484482 0.178384
 700.000000 0.861492 0.391196 0.507405 0.290490
 701.000000 0.807303 0.305370 0.563309 0.263055
 702.000000 0.889648 0.348327 0.554413 0.217047
 703.000000 0.795429 0.397464 0.504335 0.254361
 704.000000 0.759818 0.408239 0.444671 0.234972
 705.000000 0.750121 0.343579 0.535412 0.270635
 706.000000 0.715156 0.374570 0.599371 0.293893
 707.000000 0.765379 0.407978 0.591098 0.266168
 708.000000 0.787331 0.378258 0.538543 0.202975
 709.000000 0.781098 0.330706 0.549887 0.274464
 710.000000 0.815792 0.309558 0.558558 0.187793
 711.000000 0.721550 0.388829 0.618500 0.291010
 712.000000 0.785476 0.356331 0.564488 0.266603
 713.000000 0.801554 0.347613 0.537757 0.326892
 714.000000 0.812751 0.370609 0.571437 0.214030
 715.000000 0.825913 0.351201 0.540778 0.273493
 716.000000 0.859699 0.384332 0.524511 0.249568
 717.000000 0.768401 0.343334 0.491763 0.259812
 718.000000 0.824136 0.329111 0.498606 0.276891
 719.000000 0.772395 0.381774 0.500624 0.307206
 720.000000 0.748355 0.378679 0.469973 0.262173
 721.000000 0.678907 0.343410 0.497671 0.261725
 722.000000 0.806648 0.370752 0.564693 0.224850
 723.000000 0.769399 0.400665 0.454227 0.276344
 724.000000 0.782667 0.311514 0.468848 0.254374
 725.000000 0.769168 0.398804 0.576251 0.203072
 726.000000 0.813859 0.467087 0.532485 0.176854
 727.000000 0.814274 0.432383 0.527530 0.226739
 728.000000 0.812036 0.412653 0.439988 0.276699
 729.000000 0.738276 0.439210 0.489837 0.225906
 730.000000 0.762893 0.324533 0.472554 0.190360
 731.000000 0.744338 0.372185 0.470241 0.176294
 732.000000 0.819607 0.357632 0.507471 0.189382
 733.000000 0.878742 0.410212 0.487320 0.230201
 734.000000 0.913431 0.483924 0.502920 0.236448
 735.000000 0.735445 0.465741 0.544668 0.317532
 736.000000 0.844178 0.457480 0.511693 0.259668
 737.000000 0.889582 0.487577 0.538409 0.251538
 738.000000 0.947419 0.484669 0.601477 0.260680
 739.000000 0.844536 0.504276 0.490083 0.277250
 740.000000 0.721098 0.486774 0.510726 0.317703
 741.000000 0.862085 0.519754 0.553471 0.231320
 742.000000 0.898147 0.506240 0.572601 0.281998
 743.000000 0.846131 0.510351 0.583689 0.251449
 744.000000 0.814388 0.512499 0.550066 0.210960
 745.000000 0.805448 0.524539 0.517841 0.223931
 746.000000 0.795451 0.481892 0.519099 0.273575
 747.000000 0.766064 0.540833 0.530555 0.268931
 748.000000 0.762418 0.518543 0.514503 0.255569
 749.000000 0.775465 0.453483 0.565714 0.234490
 750.000000 0.825995 0.439722 0.625230 0.282374
 751.000000 0.823198 0.389472 0.494893 0.260236
 752.000000 0.776313 0.438988 0.501959 0.284945
 753.000000 0.801350 0.444280 0.447741 0.309123
 754.000000 0.831776 0.455104 0.459064 0.266527
 755.000000 0.895396 0.460476 0.448655 0.288031
 756.000000 0.873830 0.513014 0.469110 0.332985
 757.000000 0.887879 0.536083 0.539833 0.382557
 758.000000 0.903365 0.507220 0.616326 0.377822
 759.000000 0.918377 0.483522 0.569576 0.360895
 760.000000 0.918160 0.461223 0.551943 0.292210
 761.000000 0.882458 0.467956 0.556454 0.265640
 762.000000 0.806494 0.459847 0.561149 0.325447
 763.000000 0.842155 0.485517 0.638162 0.334136
 764.000000 0.750755 0.481189 0.644946 0.357480
 765.000000 0.904185 0.450987 0.561393 0.332986
 766.000000 0.823961 0.408862 0.572102 0.295049
 767.000000 0.721561 0.433922 0.563659 0.325528
 768.000000 0.806827 0.483161 0.582937 0.310530
 769.000000 0.860045 0.428484 0.564510 0.300023
 770.000000 0.870186 0.507240 0.517000 0.347684
 771.000000 0.827920 0.458240 0.592201 0.349783
 772.000000 0.768860 0.443039 0.583654 0.329543
 773.000000 0.851531 0.436614 0.617298 0.405652
 774.000000 0.844088 0.395424 0.599971 0.387838
 775.000000 0.830241 0.450610 0.564119 0.374013
 776.000000 0.846216 0.488073 0.608853 0.342173
 777.000000 0.855065 0.482871 0.608340 0.287516
 778.000000 0.856455 0.386791 0.519549 0.308039
 779.000000 0.823887 0.477898 0.593740 0.336841
 780.000000 0.915793 0.374724 0.605221 0.382121
 781.000000 0.809148 0.436019 0.505109 0.441638
 782.000000 0.802522 0.459930 0.516266 0.359298
 783.000000 0.867868 0.406571 0.556545 0.324805
 784.000000 0.965719 0.423517 0.554654 0.357234
 785.000000 0.858755 0.392791 0.583390 0.345387
 786.000000 0.874470 0.424964 0.555856 0.383533
 787.000000 0.835398 0.443322 0.452322 0.339715
 788.000000 0.863327 0.392705 0.415850 0.388520
 789.000000 0.903684 0.459015 0.495994 0.298663
 790.000000 0.849831 0.423189 0.469681 0.319344
 791.000000 0.892045 0.426657 0.484229 0.336681
 792.000000 0.862703 0.486316 0.478064 0.324641
 793.000000 0.905715 0.388601 0.575495 0.423731
 794.000000 0.893659 0.472724 0.550227 0.372815
 795.000000 0.930958 0.461672 0.483639 0.466738
 796.000000 0.934162 0.463136 0.572897 0.355596
 797.000000 0.947288 0.512693 0.588918 0.397978
 798.000000 0.863785 0.438773 0.554886 0.362132
 799.000000 0.929383 0.462755 0.531832 0.440111
 800.000000 0.947545 0.491840 0.625378 0.450952
 801.000000 0.851354 0.425421 0.552333 0.519645
 802.000000 0.920098 0.422693 0.584374 0.424257
 803.000000 0.836756 0.394561 0.571379 0.444319
 804.000000 0.869023 0.448039 0.517679 0.452789
 805.000000 0.971008 0.467715 0.501192 0.481224
 806.000000 0.972771 0.504495 0.477900 0.494669
 807.000000 0.900746 0.460641 0.501028 0.537820
 808.000000 0.925553 0.456551 0.585720 0.477168
 809.000000 0.971830 0.457698 0.572589 0.511760
 810.000000 0.932318 0.439259 0.577975 0.460501
 811.000000 0.913917 0.446389 0.495409 0.516077
 812.000000 0.982341 0.502806 0.578091 0.457595
 813.000000 0.937839 0.450571 0.547483 0.382527
 814.000000 0.857595 0.414759 0.521620 0.410508
 815.000000 0.970628 0.440941 0.453969 0.486303
 816.000000 0.958380 0.374338 0.470052 0.421513
 817.000000 0.962542 0.382299 0.595066 0.519473
 818.000000 0.947111 0.389672 0.542118 0.436931
 819.000000 0.929596 0.453563 0.526304 0.475793
 820.000000 0.927277 0.413115 0.596645 0.463809
 821.000000 0.954355 0.422219 0.552302 0.519968
 822.000000 0.984183 0.363032 0.535919 0.507566
 823.000000 0.994175 0.409977 0.573716 0.555446
 824.000000 1.012076 0.392663 0.556337 0.496716
 825.000000 0.917490 0.393863 0.613825 0.614713
 826.000000 0.892872 0.455393 0.654046 0.540968
 827.000000 0.974945 0.354294 0.565956 0.505673
 828.000000 0.998545 0.412576 0.622354 0.506211
 829.000000 1.011334 0.386352 0.581521 0.532641
 830.000000 0.953786 0.423936 0.564639 0.456415
 831.000000 0.907366 0.392826 0.595025 0.468127
 832.000000 0.880660 0.423187 0.626128 0.454929
 833.000000 0.816013 0.377101 0.589738 0.428413
 834.000000 0.876788 0.469750 0.597269 0.359019
 835.000000 0.882438 0.389448 0.625692 0.498488
 836.000000 0.862575 0.389479 0.532614 0.449982
 837.000000 0.876843 0.384775 0.601515 0.376896
 838.000000 0.832910 0.355942 0.614592 0.438830
 839.000000 0.775810 0.386028 0.628027 0.480512
 840.000000 0.859249 0.406684 0.593436 0.483596
 841.000000 0.875407 0.438376 0.690157 0.375176
 842.000000 0.823338 0.345047 0.651530 0.341874
 843.000000 0.871137 0.373533 0.653871 0.407817
 844.000000 0.854925 0.381834 0.594416 0.466695
 845.000000 0.872826 0.380057 0.623519 0.403194
 846.000000 0.896652 0.407682 0.620530 0.392268
 847.000000 0.856891 0.339904 0.599324 0.425440
 848.000000 0.850711 0.427913 0.579102 0.438829
 849.000000 0.863370 0.404503 0.573726 0.326517
 850.000000 0.780312 0.404598 0.602718 0.421779
 851.000000 0.753785 0.490066 0.677060 0.362468
 852.000000 0.857921 0.463751 0.595336 0.339547
 853.000000 0.786048 0.432160 0.623446 0.467864
 854.000000 0.800343 0.495560 0.569700 0.395769
 855.000000 0.801319 0.409372 0.655094 0.460291
 856.000000 0.765256 0.432544 0.636253 0.491705
 857.000000 0.727768 0.481107 0.651176 0.485636
 858.000000 0.704465 0.449228 0.628724 0.434432
 859.000000 0.777483 0.368525 0.640604 0.506905
 860.000000 0.768549 0.383155 0.634198 0.526019
 861.000000 0.706053 0.438330 0.658996 0.379165
 862.000000 0.816093 0.390321 0.626834 0.472006
 863.000000 0.790366 0.367608 0.636377 0.458184
 864.000000 0.818065 0.354885 0.628862 0.496533
 865.000000 0.760722 0.364774 0.525882 0.419748
 866.000000 0.795173 0.365881 0.598730 0.413426
 867.000000 0.710445 0.396401 0.591732 0.483416
 868.000000 0.752863 0.342837 0.527807 0.497798
 869.000000 0.900240 0.426450 0.541346 0.527120
 870.000000 0.776289 0.470025 0.558666 0.461071
 871.000000 0.814514 0.421304 0.539553 0.413020
 872.000000 0.822411 0.393651 0.588459 0.454072
 873.000000 0.801502 0.375658 0.514071 0.397370
 874.000000 0.737339 0.450792 0.565353 0.404177
 875.000000 0.856521 0.428846 0.574506 0.452283
 876.000000 0.865662 0.439968 0.505288 0.454349
 877.000000 0.820495 0.426099 0.526562 0.427586
 878.000000 0.860491 0.339157 0.458656 0.509773
 879.000000 0.905764 0.328982 0.506610 0.442880
 880.000000 0.854626 0.293201 0.488051 0.503549
 881.000000 0.826836 0.368094 0.533147 0.511456
 882.000000 0.880215 0.378676 0.503931 0.469843
 883.000000 0.793466 0.383244 0.486021 0.502125
 884.000000 0.860534 0.386275 0.521208 0.522632
 885.000000 0.821837 0.413177 0.500513 0.489038
 886.000000 0.819226 0.412245 0.577876 0.471107
 887.000000 0.860576 0.463653 0.526453 0.525496
 888.000000 0.829568 0.440249 0.595969 0.509857
 889.000000 0.790555 0.384033 0.551220 0.449812
 890.000000 0.838383 0.420827 0.570972 0.542093
 891.000000 0.907228 0.425869 0.578574 0.507054
 892.000000 0.921096 0.499961 0.519710 0.534603
 893.000000 0.893162 0.418904 0.505704 0.561732
 894.000000 0.894995 0.467498 0.539387 0.565843
 895.000000 0.861272 0.375557 0.516527 0.471810
 896.000000 0.938187 0.417562 0.550720 0.528749
 897.000000 0.876733 0.465525 0.651264 0.542063
 898.000000 0.937750 0.436794 0.611201 0.512911
 899.000000 0.939900 0.439323 0.655225 0.469537
 900.000000 0.941962 0.473985 0.650506 0.572442
 901.000000 0.908474 0.440207 0.602430 0.509143
 902.000000 0.980280 0.458666 0.594051 0.499425
 903.000000 0.947351 0.440753 0.521435 0.563402
 904.000000 0.915229 0.388438 0.569602 0.429747
 905.000000 0.908632 0.427159 0.538464 0.498527
 906.000000 0.905334 0.361588 0.612642 0.451691
 907.000000 0.922327 0.390341 0.658885 0.452865
 908.000000 0.832209 0.401120 0.591610 0.345983
 909.000000 0.881155 0.432178 0.637872 0.498958
 910.000000 0.855770 0.402886 0.618976 0.440393
 911.000000 0.810024 0.352707 0.586005 0.527968
 912.000000 0.881425 0.395672 0.578838 0.455607
 913.000000 0.833255 0.418894 0.654418 0.427786
 914.000000 0.822466 0.376661 0.611230 0.475935
 915.000000 0.870752 0.468486 0.592172 0.470183
 916.000000 0.951379 0.482505 0.577692 0.504884
 917.000000 0.879740 0.472354 0.561956 0.395111
 918.000000 0.852040 0.513544 0.623980 0.507367
 919.000000 0.842832 0.456407 0.614961 0.502655
 920.000000 0.849154 0.436526 0.624437 0.528388
 921.000000 0.937847 0.446812 0.656373 0.457098
 922.000000 0.910824 0.447242 0.632818 0.402691
 923.000000 0.944673 0.453750 0.682636 0.431457
 924.000000 0.903174 0.448600 0.645196 0.465357
 925.000000 0.886137 0.434437 0.656928 0.400546
 926.000000 0.889482 0.416249 0.653378 0.467688
 927.000000 0.918652 0.426538 0.661050 0.396401
 928.000000 0.934686 0.451514 0.725801 0.384109
 929.000000 0.820035 0.503594 0.640792 0.404035
 930.000000 0.917651 0.482484 0.676718 0.412299
 931.000000 0.822855 0.488823 0.613033 0.449339
 932.000000 0.908446 0.506754 0.604844 0.491283
 933.000000 0.859877 0.459868 0.631237 0.438953
 934.000000 0.826618 0.460637 0.630685 0.432055
 935.000000 0.867145 0.425042 0.650501 0.440013
 936.000000 0.878675 0.556454 0.633158 0.481377
 937.000000 0.932119 0.420443 0.614364 0.523068
 938.000000 0.918609 0.488025 0.589917 0.501512
 939.000000 0.957424 0.485086 0.671274 0.354806
 940.000000 0.914172 0.551300 0.644641 0.466206
 941.000000 0.892678 0.439432 0.590515 0.438942
 942.000000 0.860325 0.548080 0.631478 0.470778
 943.000000 0.918338 0.514626 0.562436 0.457965
 944.000000 0.929690 0.470070 0.608004 0.445550
 945.000000 0.975259 0.557259 0.574012 0.530305
 946.000000 0.987123 0.632764 0.643431 0.495365
 947.000000 0.963013 0.534880 0.560247 0.539319
 948.000000 1.045720 0.530247 0.619690 0.618270
 949.000000 1.099481 0.430306 0.611890 0.555537
 950.000000 1.024657 0.498585 0.518940 0.524020
 951.000000 1.056373 0.442548 0.432047 0.394633
 952.000000 0.985184 0.482583 0.472729 0.441884
 953.000000 1.017002 0.458471 0.503239 0.440682
 954.000000 1.013254 0.449847 0.476752 0.446149
 955.000000 0.924073 0.501787 0.473014 0.511446
 956.000000 0.943356 0.461467 0.454281 0.546660
 957.000000 0.947763 0.481470 0.424335 0.425649
 958.000000 1.030214 0.495012 0.499751 0.404865
 959.000000 0.989075 0.533383 0.486316 0.495467
 960.000000 0.965525 0.532758 0.536415 0.385461
 961.000000 0.954044 0.541103 0.536584 0.409930
 962.000000 0.994437 0.534231 0.505444 0.502417
 963.000000 0.956249 0.509743 0.521282 0.487378
 964.000000 0.874660 0.498046 0.464811 0.497117
 965.000000 0.888399 0.538882 0.514708 0.464835
 966.000000 0.934699 0.519916 0.504811 0.434957
 967.000000 0.907618 0.488703 0.521548 0.475633
 968.000000 0.873096 0.478127 0.495629 0.466363
 969.000000 0.947541 0.474497 0.519390 0.472127
 970.000000 0.898922 0.443283 0.547310 0.409945
 971.000000 0.882624 0.477374 0.482369 0.453758
 972.000000 0.868182 0.531129 0.569367 0.527592
 973.000000 0.913654 0.497567 0.534054 0.471193
 974.000000 0.964303 0.546299 0.605833 0.389763
 975.000000 0.929375 0.494794 0.589341 0.464814
 976.000000 0.939103 0.526931 0.592913 0.468063
 977.000000 1.006076 0.550499 0.547367 0.466908
 978.000000 0.925716 0.520694 0.597732 0.474230
 979.000000 0.913112 0.493933 0.586855 0.500580
 980.000000 0.860161 0.545211 0.582195 0.425550
 981.000000 0.900394 0.482992 0.610535 0.395245
 982.000000 0.855407 0.494601 0.646582 0.444713
 983.000000 0.826068 0.440910 0.618488 0.427424
 984.000000 0.904669 0.451787 0.608576 0.457626
 985.000000 0.903915 0.539914 0.512296 0.473019
 986.000000 0.895019 0.541981 0.613087 0.443123
 987.000000 0.866838 0.544683 0.567099 0.499453
 988.000000 0.885052 0.506514 0.612894 0.452210
 989.000000 0.920625 0.483402 0.564781 0.418053
 990.000000 0.885635 0.594166 0.602185 0.480785
 991.000000 0.901892 0.605915 0.583506 0.479478
 992.000000 0.861097 0.630361 0.625370 0.440445
 993.000000 0.874297 0.679307 0.589326 0.537415
 994.000000 0.854233 0.663955 0.540801 0.483141
 995.000000 0.917267 0.533165 0.533686 0.530480
 996.000000 0.899506 0.562558 0.540652 0.599179
 997.000000 0.898519 0.546058 0.499906 0.485585
 998.000000 0.884885 0.517094 0.596109 0.517459
 999.000000 0.847979 0.584273 0.543685 0.558446
 1000.000000 0.906444 0.586963 0.546791 0.510277
 1001.000000 0.935458 0.655776 0.623458 0.469423
 1002.000000 0.935398 0.640861 0.592311 0.580199
 1003.000000 0.933913 0.614319 0.576412 0.478512
 1004.000000 1.013938 0.589823 0.601008 0.448024
 1005.000000 0.946591 0.572051 0.653894 0.423553
 1006.000000 0.916562 0.632900 0.683641 0.457407
 1007.000000 0.913701 0.615941 0.609475 0.447347
 1008.000000 0.907092 0.670724 0.573049 0.515229
 1009.000000 0.950334 0.639746 0.626371 0.483923
 1010.000000 0.927178 0.634396 0.709691 0.569923
 1011.000000 0.924112 0.610249 0.631279 0.557256
 1012.000000 0.869246 0.593950 0.679736 0.513326
 1013.000000 0.882418 0.575199 0.629183 0.545351
 1014.000000 0.869299 0.590026 0.672889 0.518660
 1015.000000 0.933472 0.538876 0.602672 0.476063
 1016.000000 0.907061 0.528062 0.611370 0.516677
 1017.000000 0.886107 0.570766 0.603353 0.541228
 1018.000000 0.931610 0.636126 0.663135 0.479693
 1019.000000 0.901041 0.622045 0.610951 0.622729
 1020.000000 0.879080 0.621954 0.653453 0.557727
 1021.000000 0.953271 0.636793 0.650718 0.601051
 1022.000000 0.874523 0.620983 0.659161 0.633994
 1023.000000 0.952761 0.531855 0.662665 0.556381
 1024.000000 0.895311 0.531751 0.705735 0.512916
 1025.000000 0.923663 0.557556 0.648710 0.651481
 1026.000000 0.939758 0.505487 0.657215 0.479909
 1027.000000 0.887827 0.598017 0.610398 0.491104
 1028.000000 0.902445 0.615804 0.662300 0.477836
 1029.000000 0.908338 0.524087 0.539476 0.448647
 1030.000000 0.898843 0.450731 0.585352 0.358129
 1031.000000 0.899319 0.501798 0.586968 0.420497
 1032.000000 0.851407 0.546645 0.556095 0.458710
 1033.000000 0.855560 0.497939 0.662432 0.445886
 1034.000000 0.868624 0.520161 0.679764 0.456962
 1035.000000 0.825083 0.538700 0.590805 0.502694
 1036.000000 0.931379 0.519664 0.597357 0.476119
 1037.000000 0.881798 0.533874 0.594158 0.440630
 1038.000000 0.860528 0.531489 0.661822 0.418614
 1039.000000 0.910140 0.555343 0.604257 0.428775
 1040.000000 0.844992 0.515818 0.678911 0.493716
 1041.000000 0.873646 0.553201 0.629426 0.460701
 1042.000000 0.904547 0.521513 0.708387 0.465600
 1043.000000 0.878730 0.523480 0.648077 0.445361
 1044.000000 0.893480 0.493147 0.609988 0.408119
 1045.000000 0.873043 0.428998 0.597329 0.494544
 1046.000000 0.867166 0.414774 0.583064 0.564975
 1047.000000 0.883865 0.484061 0.647149 0.412491
 1048.000000 0.974740 0.492218 0.659423 0.420756
 1049.000000 0.871611 0.514848 0.629590 0.468032
 1050.000000 0.927560 0.507748 0.583328 0.494788
 1051.000000 0.896895 0.497133 0.531013 0.420588
 1052.000000 0.942843 0.597158 0.627845 0.449857
 1053.000000 0.961166 0.473938 0.618331 0.396358
 1054.000000 0.982488 0.585314 0.629449 0.377026
 1055.000000 0.893787 0.461881 0.645899 0.408349
 1056.000000 0.912272 0.521539 0.657391 0.374773
 1057.000000 0.896643 0.574983 0.665092 0.402458
 1058.000000 0.930389 0.609882 0.579199 0.482025
 1059.000000 0.949976 0.552497 0.649874 0.525695
 1060.000000 0.906234 0.572092 0.684345 0.522661
 1061.000000 0.879980 0.568009 0.660872 0.544878
 1062.000000 0.869054 0.499324 0.629043 0.479303
 1063.000000 0.892079 0.578009 0.612009 0.396898
 1064.000000 0.872271 0.454067 0.673345 0.507052
 1065.000000 0.914462 0.489088 0.570910 0.451118
 1066.000000 0.936845 0.511174 0.638351 0.451371
 1067.000000 0.906469 0.522998 0.631629 0.490963
 1068.000000 0.891327 0.529971 0.608233 0.508475
 1069.000000 0.943511 0.511830 0.621790 0.597388
 1070.000000 0.968275 0.514584 0.652809 0.525285
 1071.000000 0.925460 0.552667 0.642634 0.516048
 1072.000000 0.917277 0.524999 0.610860 0.444828
 1073.000000 0.967735 0.510020 0.546553 0.516651
 1074.000000 0.903646 0.528317 0.560897 0.467050
 1075.000000 0.998483 0.499455 0.628146 0.439713
 1076.000000 1.008328 0.482726 0.624115 0.495727
 1077.000000 1.010546 0.453389 0.617717 0.461483
 1078.000000 0.933742 0.524804 0.600435 0.513870
 1079.000000 0.926547 0.506324 0.592188 0.417223
 1080.000000 0.938234 0.489308 0.671078 0.473894
 1081.000000 0.907476 0.486164 0.629835 0.416468
 1082.000000 0.945924 0.541892 0.627133 0.448637
 1083.000000 0.900071 0.516004 0.576696 0.439300
 1084.000000 0.980274 0.536520 0.617448 0.531835
 1085.000000 0.899068 0.559804 0.668108 0.479077
 1086.000000 0.862999 0.476869 0.638390 0.430669
 1087.000000 0.913528 0.549310 0.677790 0.497390
 1088.000000 0.902235 0.503662 0.646004 0.474391
 1089.000000 0.945448 0.540352 0.661869 0.430061
 1090.000000 1.003833 0.528309 0.598196 0.500954
 1091.000000 0.965325 0.565006 0.684488 0.510870
 1092.000000 0.956380 0.503139 0.733441 0.491977
 1093.000000 0.958693 0.502892 0.666956 0.484806
 1094.000000 0.991273 0.483857 0.713271 0.476713
 1095.000000 0.983659 0.481212 0.657138 0.533974
 1096.000000 0.898175 0.525469 0.616355 0.530870
 1097.000000 0.920560 0.509055 0.713821 0.629971
 1098.000000 0.965230 0.541462 0.682431 0.520415
 1099.000000 0.873296 0.505744 0.662664 0.573781
 1100.000000 0.935594 0.489089 0.719538 0.534202
 1101.000000 0.899979 0.554217 0.679559 0.445670
 1102.000000 0.948946 0.503698 0.666979 0.526991
 1103.000000 0.905746 0.540830 0.658508 0.458149
 1104.000000 0.944902 0.509117 0.571117 0.501609
 1105.000000 0.905044 0.557988 0.749793 0.526704
 1106.000000 0.954071 0.517668 0.790173 0.530302
 1107.000000 0.969104 0.549183 0.710045 0.561124
 1108.000000 0.911581 0.535716 0.700741 0.489161
 1109.000000 0.938454 0.450206 0.689579 0.548579
 1110.000000 0.890265 0.551807 0.702489 0.549110
 1111.000000 0.941364 0.479749 0.659224 0.648712
 1112.000000 0.908112 0.474975 0.752424 0.638654
 1113.000000 1.007836 0.432737 0.775962 0.613942
 1114.000000 0.909652 0.510019 0.786255 0.563844
 1115.000000 0.960788 0.532533 0.761157 0.591634
 1116.000000 0.936651 0.510665 0.801924 0.547718
 1117.000000 0.960956 0.520244 0.809191 0.575222
 1118.000000 0.949122 0.557776 0.851691 0.464468
 1119.000000 0.927030 0.530833 0.767379 0.497091
 1120.000000 0.939974 0.543693 0.762034 0.406357
 1121.000000 0.933170 0.564283 0.739896 0.472566
 1122.000000 0.956359 0.588025 0.818821 0.483304
 1123.000000 0.909515 0.542648 0.793018 0.508747
 1124.000000 0.928293 0.565786 0.708366 0.462007
 1125.000000 0.931544 0.581857 0.764626 0.517283
 1126.000000 0.935719 0.577339 0.831163 0.502250
 1127.000000 0.906429 0.509433 0.816480 0.592240
 1128.000000 0.922110 0.455730 0.812949 0.546452
 1129.000000 0.957376 0.562121 0.842971 0.687898
 1130.000000 0.933000 0.546851 0.796218 0.667388
 1131.000000 0.951639 0.535760 0.800457 0.576288
 1132.000000 0.858433 0.583414 0.780295 0.573120
 1133.000000 0.913227 0.488887 0.696668 0.491111
 1134.000000 0.971399 0.527180 0.837964 0.549019
 1135.000000 0.840675 0.454101 0.805325 0.619264
 1136.000000 0.862923 0.453901 0.761197 0.615308
 1137.000000 0.933458 0.575052 0.748199 0.539103
 1138.000000 0.890995 0.550936 0.729041 0.509337
 1139.000000 0.991905 0.553604 0.827682 0.603679
 1140.000000 0.854228 0.522788 0.694795 0.543805
 1141.000000 0.886788 0.477714 0.774758 0.540153
 1142.000000 0.850168 0.472054 0.723616 0.541255
 1143.000000 0.890330 0.553747 0.764004 0.573319
 1144.000000 0.832637 0.521216 0.730214 0.577346
 1145.000000 0.887203 0.554190 0.756384 0.509501
 1146.000000 0.911731 0.470617 0.739469 0.622493
 1147.000000 0.918594 0.532506 0.777529 0.574647
 1148.000000 0.964890 0.569673 0.760631 0.556035
 1149.000000 0.878663 0.533866 0.698036 0.562178
 1150.000000 0.869970 0.513439 0.746879 0.531599
 1151.000000 0.989447 0.546608 0.800342 0.517153
 1152.000000 0.930787 0.451812 0.749056 0.617980
 1153.000000 0.936126 0.519238 0.710312 0.677327
 1154.000000 0.891124 0.479783 0.731544 0.617819
 1155.000000 0.967363 0.550648 0.766016 0.640985
 1156.000000 0.945902 0.563154 0.782279 0.647968
 1157.000000 0.886596 0.576916 0.809936 0.688092
 1158.000000 0.928419 0.585007 0.779436 0.640135
 1159.000000 0.859097 0.561930 0.797725 0.555123
 1160.000000 0.897529 0.508653 0.806097 0.650636
 1161.000000 0.863268 0.549671 0.799549 0.601709
 1162.000000 0.835999 0.505290 0.801976 0.578247
 1163.000000 0.866116 0.512728 0.741026 0.531039
 1164.000000 0.807669 0.546147 0.729010 0.586314
 1165.000000 0.905421 0.581966 0.758700 0.530401
 1166.000000 0.826830 0.514171 0.750044 0.463396
 1167.000000 0.830621 0.473010 0.740414 0.398471
 1168.000000 0.764684 0.518393 0.776627 0.465522
 1169.000000 0.923004 0.556044 0.781388 0.459036
 1170.000000 0.885732 0.497556 0.839672 0.481370
 1171.000000 0.922962 0.582067 0.847795 0.451474
 1172.000000 1.088543 0.451338 0.773109 0.515489
 1173.000000 1.044622 0.546182 0.798192 0.510021
 1174.000000 0.998770 0.485130 0.791336 0.571759
 1175.000000 0.912091 0.599353 0.874396 0.620271
 1176.000000 0.934687 0.553934 0.829365 0.575093
 1177.000000 0.902352 0.636287 0.790516 0.562745
 1178.000000 0.816123 0.548914 0.884324 0.506182
 1179.000000 0.867117 0.538836 0.890990 0.543960
 1180.000000 0.871902 0.536961 0.762637 0.653877
 1181.000000 0.895541 0.508827 0.864892 0.545191
 1182.000000 0.903543 0.541068 0.849200 0.517134
 1183.000000 0.841339 0.490995 0.830437 0.465826
 1184.000000 0.844929 0.538321 0.839436 0.463712
 1185.000000 0.820836 0.527327 0.785922 0.443648
 1186.000000 0.875087 0.533402 0.784927 0.516220
 1187.000000 0.889530 0.546148 0.802285 0.578863
 1188.000000 0.857825 0.483971 0.742301 0.538048
 1189.000000 0.948097 0.449670 0.787691 0.538777
 1190.000000 0.894780 0.492321 0.818461 0.600610
 1191.000000 0.880046 0.496230 0.809969 0.578695
 1192.000000 0.919064 0.521850 0.891455 0.632956
 1193.000000 0.977865 0.564569 0.839380 0.563290
 1194.000000 0.959466 0.511697 0.830880 0.596471
 1195.000000 0.871872 0.527047 0.815165 0.573630
 1196.000000 0.865882 0.496936 0.837738 0.454889
 1197.000000 0.971991 0.466448 0.838674 0.497808
 1198.000000 0.948534 0.500766 0.890845 0.505383
 1199.000000 0.923922 0.481528 0.887947 0.504523
 1200.000000 0.906048 0.504007 0.913708 0.527146
 1201.000000 0.989548 0.493695 0.839769 0.572102
 1202.000000 0.911772 0.476318 0.894780 0.469265
 1203.000000 0.946518 0.515637 0.923277 0.515094
 1204.000000 0.919692 0.482203 0.884742 0.510933
 1205.000000 0.893987 0.591215 0.859683 0.467504
 1206.000000 0.957163 0.541285 0.869369 0.419635
 1207.000000 0.859749 0.438808 0.886128 0.415371
 1208.000000 0.901514 0.462565 0.890282 0.483876
 1209.000000 0.869715 0.499663 0.873507 0.516915
 1210.000000 0.904699 0.457705 0.878323 0.540757
 1211.000000 0.931831 0.537343 0.924093 0.512284
 1212.000000 0.915519 0.503546 0.846025 0.416596
 1213.000000 0.809994 0.545429 0.900798 0.376501
 1214.000000 0.808528 0.440363 0.817601 0.405266
 1215.000000 0.823711 0.472463 0.881627 0.436887
 1216.000000 0.947854 0.486348 0.856336 0.441055
 1217.000000 0.905442 0.419596 0.876550 0.368704
 1218.000000 0.860612 0.441803 0.886202 0.366756
 1219.000000 0.949181 0.459745 0.858814 0.435715
 1220.000000 0.843108 0.422495 0.859859 0.439902
 1221.000000 0.919190 0.445969 0.834163 0.507344
 1222.000000 0.894373 0.500818 0.819304 0.495505
 1223.000000 0.841185 0.472195 0.798618 0.479176
 1224.000000 0.870750 0.459166 0.859047 0.458090
 1225.000000 0.829272 0.493977 0.817401 0.424330
 1226.000000 0.832749 0.506211 0.821863 0.457551
 1227.000000 0.886176 0.442389 0.821320 0.465433
 1228.000000 0.840923 0.454078 0.847222 0.454101
 1229.000000 0.886557 0.385750 0.817516 0.438109
 1230.000000 0.909159 0.431187 0.859437 0.504715
 1231.000000 0.902548 0.393206 0.905844 0.498060
 1232.000000 0.838508 0.353506 0.861970 0.474270
 1233.000000 0.807820 0.368563 0.865142 0.531155
 1234.000000 0.884305 0.426628 0.871903 0.494299
 1235.000000 0.907822 0.462552 0.859430 0.545587
 1236.000000 0.869542 0.453263 0.869355 0.492063
 1237.000000 0.858274 0.408806 0.892023 0.527673
 1238.000000 0.887439 0.456417 0.857107 0.498871
 1239.000000 0.834508 0.431464 0.871890 0.457258
 1240.000000 0.769840 0.541130 0.859994 0.500026
 1241.000000 0.838901 0.509082 0.860335 0.482927
 1242.000000 0.787795 0.582203 0.888991 0.540487
 1243.000000 0.723968 0.483922 0.816468 0.583138
 1244.000000 0.767899 0.522969 0.835793 0.532109
 1245.000000 0.810697 0.598713 0.764678 0.461211
 1246.000000 0.865059 0.496953 0.831113 0.519126
 1247.000000 0.851116 0.509970 0.877782 0.571273
 1248.000000 0.884802 0.425505 0.891008 0.485310
 1249.000000 0.891151 0.488448 0.846762 0.533379
 1250.000000 0.804370 0.519376 0.829805 0.477113
 1251.000000 0.802201 0.446544 0.819299 0.566553
 1252.000000 0.860599 0.452771 0.893497 0.469127
 1253.000000 0.846268 0.514578 0.834888 0.454650
 1254.000000 0.933325 0.407220 0.905686 0.441343
 1255.000000 0.940582 0.442815 0.866303 0.466816
 1256.000000 0.894221 0.469302 0.838132 0.609194
 1257.000000 1.009317 0.501185 0.818768 0.510459
 1258.000000 0.884440 0.515431 0.871692 0.483438
 1259.000000 0.903494 0.535914 0.824900 0.426483
 1260.000000 0.879907 0.538399 0.828670 0.382719
 1261.000000 0.940314 0.399685 0.866191 0.464577
 1262.000000 0.861505 0.391552 0.751269 0.418898
 1263.000000 0.907257 0.478805 0.812872 0.467769
 1264.000000 0.913797 0.535321 0.779687 0.423473
 1265.000000 0.894223 0.451762 0.719477 0.439839
 1266.000000 0.908169 0.540776 0.790230 0.460582
 1267.000000 0.890123 0.497715 0.796573 0.514033
 1268.000000 0.856840 0.472744 0.841433 0.520909
 1269.000000 0.907740 0.538668 0.823149 0.498188
 1270.000000 0.869586 0.530386 0.742483 0.575283
 1271.000000 0.911205 0.468682 0.696131 0.579792
 1272.000000 0.903505 0.525717 0.743839 0.497692
 1273.000000 0.838994 0.604311 0.734962 0.513296
 1274.000000 0.836624 0.576441 0.733594 0.512132
 1275.000000 0.910865 0.550514 0.746073 0.480257
 1276.000000 0.819832 0.598329 0.690845 0.530515
 1277.000000 0.923245 0.555730 0.729366 0.546342
 1278.000000 0.909095 0.585165 0.673909 0.569848
 1279.000000 0.937330 0.593990 0.628128 0.496865
 1280.000000 0.910914 0.529035 0.738503 0.480691
 1281.000000 0.869820 0.473836 0.648562 0.485313
 1282.000000 0.880237 0.574998 0.678690 0.516346
 1283.000000 0.809609 0.503556 0.610751 0.527831
 1284.000000 0.824734 0.589209 0.663243 0.481364
 1285.000000 0.926539 0.522608 0.749060 0.501490
 1286.000000 0.847982 0.556454 0.678533 0.405770
 1287.000000 0.840236 0.615689 0.721276 0.522556
 1288.000000 0.819990 0.574484 0.699930 0.478975
 1289.000000 0.817449 0.462880 0.695438 0.504984
 1290.000000 0.946936 0.497805 0.679300 0.540328
 1291.000000 0.859565 0.463589 0.701484 0.457946
 1292.000000 0.912000 0.524456 0.672107 0.496788
 1293.000000 0.971168 0.492830 0.688021 0.555266
 1294.000000 0.970940 0.502900 0.675073 0.474803
 1295.000000 0.891496 0.517709 0.714512 0.419782
 1296.000000 0.907192 0.504733 0.685759 0.509766
 1297.000000 0.818547 0.567835 0.647545 0.509337
 1298.000000 0.862844 0.538338 0.697162 0.467069
 1299.000000 0.844005 0.624863 0.638175 0.533736
 1300.000000 0.818906 0.573320 0.664272 0.450753
 1301.000000 0.852955 0.554947 0.711578 0.496164
 1302.000000 0.880274 0.596038 0.740884 0.442238
 1303.000000 0.839715 0.495845 0.737833 0.464220
 1304.000000 0.802020 0.473241 0.720408 0.515924
 1305.000000 0.802945 0.458053 0.725563 0.488144
 1306.000000 0.793592 0.568923 0.700037 0.431344
 1307.000000 0.820222 0.520448 0.791423 0.499588
 1308.000000 0.784301 0.569606 0.863555 0.461318
 1309.000000 0.848450 0.564101 0.789086 0.473374
 1310.000000 0.727236 0.573386 0.853759 0.459266
 1311.000000 0.833256 0.522688 0.839879 0.445392
 1312.000000 0.682096 0.474351 0.798233 0.451096
 1313.000000 0.722565 0.460604 0.828883 0.482053
 1314.000000 0.768265 0.477952 0.757018 0.544358
 1315.000000 0.743917 0.451452 0.811711 0.404199
 1316.000000 0.756866 0.407084 0.791756 0.456017
 1317.000000 0.732187 0.455789 0.835715 0.455484
 1318.000000 0.828724 0.478610 0.811791 0.529786
 1319.000000 0.757967 0.511944 0.816798 0.451601
 1320.000000 0.738900 0.523059 0.871536 0.499052
 1321.000000 0.698427 0.501897 0.850582 0.510881
 1322.000000 0.687525 0.543995 0.796398 0.560986
 1323.000000 0.765392 0.565970 0.809539 0.549291
 1324.000000 0.781257 0.555337 0.846304 0.551947
 1325.000000 0.766008 0.568019 0.790562 0.602271
 1326.000000 0.780201 0.549549 0.817038 0.450333
 1327.000000 0.788706 0.506604 0.794237 0.470948
 1328.000000 0.790726 0.446114 0.854972 0.551974
 1329.000000 0.779489 0.470287 0.809707 0.532753
 1330.000000 0.704456 0.532763 0.899479 0.535154
 1331.000000 0.740906 0.524625 0.848342 0.515326
 1332.000000 0.693611 0.583778 0.922131 0.484615
 1333.000000 0.697741 0.599550 0.786565 0.446237
 1334.000000 0.745834 0.544650 0.773043 0.515426
 1335.000000 0.721779 0.665096 0.783904 0.517665
 1336.000000 0.695925 0.498788 0.753958 0.520106
 1337.000000 0.644584 0.485564 0.719448 0.572265
 1338.000000 0.715318 0.543172 0.729641 0.532108
 1339.000000 0.773438 0.504131 0.710825 0.515304
 1340.000000 0.832352 0.570773 0.756301 0.536944
 1341.000000 0.718528 0.532410 0.820274 0.506704
 1342.000000 0.656251 0.519899 0.778500 0.497958
 1343.000000 0.677890 0.526203 0.815960 0.424314
 1344.000000 0.739285 0.543841 0.786312 0.489720
 1345.000000 0.762541 0.572707 0.838022 0.397688
 1346.000000 0.703512 0.613123 0.857523 0.401366
 1347.000000 0.682214 0.510836 0.788755 0.408936
 1348.000000 0.642765 0.516815 0.783975 0.468833
 1349.000000 0.640792 0.470008 0.825833 0.515806
 1350.000000 0.634417 0.507487 0.684660 0.439935
 1351.000000 0.581405 0.479218 0.771396 0.475544
 1352.000000 0.735403 0.565763 0.721056 0.414635
 1353.000000 0.714581 0.513437 0.774118 0.494699
 1354.000000 0.699441 0.523845 0.826179 0.470482
 1355.000000 0.736403 0.600815 0.908489 0.450073
 1356.000000 0.663636 0.586978 0.839059 0.457623
 1357.000000 0.598578 0.554766 0.889555 0.411061
 1358.000000 0.606773 0.554351 0.831730 0.387360
 1359.000000 0.716040 0.585816 0.825713 0.462239
 1360.000000 0.625437 0.481335 0.894111 0.465569
 1361.000000 0.616866 0.507009 0.862987 0.451205
 1362.000000 0.779334 0.515494 0.879686 0.451645
 1363.000000 0.630668 0.469910 0.843123 0.522428
 1364.000000 0.623386 0.487040 0.812670 0.477427
 1365.000000 0.592206 0.480342 0.862641 0.504264
 1366.000000 0.621469 0.486319 0.849053 0.481583
 1367.000000 0.594505 0.547674 0.799410 0.498154
 1368.000000 0.600500 0.448426 0.812817 0.426648
 1369.000000 0.547123 0.435657 0.816586 0.479300
 1370.000000 0.564188 0.461635 0.822897 0.408145
 1371.000000 0.539298 0.502683 0.857240 0.432270
 1372.000000 0.582389 0.539472 0.878798 0.400231
 1373.000000 0.553527 0.547649 0.782429 0.434655
 1374.000000 0.531814 0.519484 0.776358 0.437188
 1375.000000 0.543202 0.513698 0.771593 0.452143
 1376.000000 0.596788 0.512427 0.841407 0.420812
 1377.000000 0.592334 0.506834 0.831701 0.474992
 1378.000000 0.665490 0.385708 0.754988 0.522832
 1379.000000 0.714894 0.469734 0.782404 0.452540
 1380.000000 0.622745 0.506292 0.758812 0.528981
 1381.000000 0.580485 0.533374 0.726543 0.598778
 1382.000000 0.594727 0.449718 0.842965 0.534645
 1383.000000 0.427046 0.501626 0.841691 0.544438
 1384.000000 0.493075 0.476856 0.780037 0.491546
 1385.000000 0.440221 0.428296 0.825259 0.508063
 1386.000000 0.534977 0.445839 0.821457 0.532629
 1387.000000 0.620378 0.481992 0.788965 0.526080
 1388.000000 0.715757 0.539144 0.810303 0.451004
 1389.000000 0.686873 0.504074 0.772807 0.426171
 1390.000000 0.694985 0.501769 0.783543 0.448727
 1391.000000 0.754722 0.555301 0.778938 0.422285
 1392.000000 0.687386 0.504804 0.788767 0.447432
 1393.000000 0.713923 0.552752 0.776394 0.475984
 1394.000000 0.750757 0.551917 0.778864 0.450879
 1395.000000 0.704407 0.570346 0.826256 0.440766
 1396.000000 0.785197 0.522961 0.819850 0.367420
 1397.000000 0.810503 0.492723 0.720096 0.398752
 1398.000000 0.855223 0.544891 0.811875 0.351760
 1399.000000 0.793090 0.530107 0.782945 0.366428
 1400.000000 0.850917 0.406216 0.791364 0.297138
 1401.000000 0.829179 0.456260 0.828254 0.337180
 1402.000000 0.753683 0.437502 0.801792 0.285456
 1403.000000 0.670023 0.488285 0.839818 0.346701
 1404.000000 0.790885 0.489815 0.837610 0.348169
 1405.000000 0.815042 0.402667 0.854008 0.345555
 1406.000000 0.768281 0.435914 0.843796 0.399604
 1407.000000 0.735029 0.455629 0.791008 0.400953
 1408.000000 0.696222 0.399080 0.873031 0.442400
 1409.000000 0.782789 0.399269 0.833502 0.428617
 1410.000000 0.703932 0.451415 0.849506 0.434850
 1411.000000 0.722462 0.444753 0.872996 0.446044
 1412.000000 0.756724 0.467228 0.882995 0.397738
 1413.000000 0.821630 0.532025 0.872903 0.403596
 1414.000000 0.762333 0.421219 0.814102 0.428665
 1415.000000 0.890248 0.486083 0.859862 0.405523
 1416.000000 0.821285 0.484159 0.884610 0.424253
 1417.000000 0.810535 0.480253 0.872304 0.451520
 1418.000000 0.833467 0.502779 0.825109 0.418878
 1419.000000 0.776099 0.499067 0.863185 0.400606
 1420.000000 0.817045 0.411719 0.867934 0.460120
 1421.000000 0.745597 0.454825 0.908983 0.442326
 1422.000000 0.852140 0.500778 0.955775 0.464388
 1423.000000 0.928433 0.442723 0.900692 0.508984
 1424.000000 0.901753 0.478751 0.901498 0.417391
 1425.000000 0.916161 0.460984 0.895331 0.459779
 1426.000000 0.973743 0.430082 0.856230 0.487300
 1427.000000 0.911729 0.423813 0.819716 0.448890
 1428.000000 0.801447 0.453534 0.874110 0.430646
 1429.000000 0.888442 0.440802 0.825660 0.490604
 1430.000000 0.962220 0.466581 0.797973 0.485406
 1431.000000 0.899401 0.475586 0.846240 0.397367
 1432.000000 0.864901 0.375346 0.807530 0.358717
 1433.000000 0.893327 0.417186 0.795973 0.463501
 1434.000000 0.991764 0.378375 0.821530 0.410292
 1435.000000 0.922277 0.358869 0.886834 0.393553
 1436.000000 0.933617 0.420089 0.843463 0.415996
 1437.000000 0.844592 0.430865 0.871887 0.410119
 1438.000000 0.743297 0.460086 0.895107 0.437313
 1439.000000 0.747260 0.451901 0.835695 0.464308
 1440.000000 0.753537 0.418895 0.874625 0.496827
 1441.000000 0.894894 0.423102 0.841545 0.424701
 1442.000000 0.831082 0.366469 0.965998 0.559680
 1443.000000 0.850144 0.363287 0.937572 0.470304
 1444.000000 0.965807 0.296170 0.873726 0.465699
 1445.000000 0.898021 0.366944 0.923385 0.472595
 1446.000000 0.949227 0.405284 0.780527 0.532277
 1447.000000 1.006838 0.405427 0.854042 0.429681
 1448.000000 0.945349 0.468767 0.893911 0.480415
 1449.000000 0.859893 0.417738 0.831283 0.455178
 1450.000000 0.829298 0.414222 0.795707 0.447453
 1451.000000 0.898018 0.417098 0.817592 0.483593
 1452.000000 0.876867 0.407351 0.813844 0.517520
 1453.000000 0.894653 0.372480 0.905930 0.447997
 1454.000000 0.872749 0.370629 0.804870 0.508665
 1455.000000 1.009956 0.404594 0.799649 0.435644
 1456.000000 0.799323 0.420625 0.848342 0.455238
 1457.000000 0.851939 0.444362 0.855518 0.421747
 1458.000000 0.892930 0.487067 0.885780 0.392495
 1459.000000 0.892015 0.502619 0.857351 0.470534
 1460.000000 0.793539 0.476319 0.846851 0.449975
 1461.000000 0.916543 0.432166 0.902662 0.371443
 1462.000000 0.927145 0.510499 0.837037 0.447734
 1463.000000 0.982315 0.452892 0.811534 0.471731
 1464.000000 0.969433 0.445298 0.844536 0.357073
 1465.000000 0.887914 0.472929 0.836953 0.364923
 1466.000000 0.906410 0.471505 0.804630 0.388357
 1467.000000 0.935678 0.443134 0.812721 0.441485
 1468.000000 0.823347 0.489755 0.832612 0.397754
 1469.000000 0.804859 0.380881 0.828253 0.458962
 1470.000000 0.897319 0.404710 0.842877 0.498346
 1471.000000 0.814215 0.421522 0.887494 0.529287
 1472.000000 0.847043 0.453262 0.862878 0.424256
 1473.000000 0.861910 0.464532 0.825439 0.532938
 1474.000000 0.900744 0.482545 0.830939 0.520650
 1475.000000 0.952132 0.506638 0.810319 0.480471
 1476.000000 1.027585 0.390044 0.729809 0.529566
 1477.000000 0.910355 0.483834 0.866756 0.544557
 1478.000000 0.894104 0.463107 0.779233 0.540938
 1479.000000 0.917568 0.453998 0.691307 0.559213
 1480.000000 0.910974 0.487038 0.771373 0.606949
 1481.000000 0.940410 0.443786 0.753817 0.454484
 1482.000000 0.972240 0.475532 0.829891 0.560025
 1483.000000 0.950425 0.467132 0.758238 0.513659
 1484.000000 1.030357 0.406387 0.727005 0.543233
 1485.000000 0.931099 0.463093 0.814742 0.534260
 1486.000000 0.997397 0.535333 0.804946 0.544723
 1487.000000 0.968106 0.479059 0.912291 0.458472
 1488.000000 1.043721 0.491771 0.833309 0.475716
 1489.000000 1.015105 0.475286 0.820007 0.456014
 1490.000000 0.972989 0.475332 0.812869 0.503123
 1491.000000 0.978867 0.569566 0.773940 0.506622
 1492.000000 0.829098 0.556616 0.778027 0.642825
 1493.000000 0.873793 0.508840 0.825746 0.658039
 1494.000000 1.017438 0.537009 0.828218 0.577464
 1495.000000 0.943317 0.527773 0.745994 0.726517
 1496.000000 0.917675 0.500586 0.816000 0.735989
 1497.000000 0.927925 0.423886 0.826143 0.647316
 1498.000000 0.940461 0.537687 0.826737 0.639330
 1499.000000 0.898295 0.540400 0.750240 0.721402
 1500.000000 0.882072 0.506300 0.769779 0.642544
