#! FIELDS time thetaA thetaB thetaC thetaD
 0.000000 2.639437 2.457253 2.509955 2.514526
 1.000000 2.041022 2.374369 2.492091 2.292556
 2.000000 2.279658 2.540685 2.363260 1.935639
 3.000000 1.259666 2.448928 2.409163 1.679827
 4.000000 1.000861 2.608424 2.447885 1.883846
 5.000000 1.401561 2.482584 2.589882 1.748357
 6.000000 1.338686 2.431174 2.475198 1.774318
 7.000000 1.153779 2.610719 2.334044 1.788534
 8.000000 1.919313 2.547799 2.330342 1.806955
 9.000000 1.956080 2.412377 2.326310 1.941959
 10.000000 1.874011 2.314488 2.359277 2.016822
 11.000000 1.974460 2.361819 2.447602 1.994693
 12.000000 1.976126 2.595835 2.319562 1.997701
 13.000000 1.861729 2.468743 2.312920 1.929938
 14.000000 1.734789 2.299959 2.255862 1.873178
 15.000000 1.891143 2.374801 2.349182 2.064971
 16.000000 1.929584 2.523497 2.253600 2.172313
 17.000000 1.847051 2.468080 2.398850 1.997384
 18.000000 1.803866 2.337711 2.400361 1.960327
 19.000000 1.973712 2.317538 2.345925 2.101401
 20.000000 2.006278 2.287782 2.475464 2.025221
 21.000000 1.948505 2.433838 2.347885 2.093791
 22.000000 2.129387 2.484209 2.220744 1.938384
 23.000000 1.989167 2.474024 2.445166 2.073130
 24.000000 2.090477 2.211878 2.337269 2.075808
 25.000000 1.949862 2.296673 2.382588 2.039771
 26.000000 2.067327 2.246518 2.581366 2.054800
 27.000000 1.955613 2.259444 2.252140 1.955859
 28.000000 1.754311 2.300207 2.499857 2.081571
 29.000000 2.175045 2.125209 2.708469 2.080711
 30.000000 2.116890 2.175151 2.436006 2.128857
 31.000000 2.115997 2.360868 2.545012 2.034802
 32.000000 2.206802 2.350677 2.445673 1.961077
 33.000000 2.057902 2.459605 2.474529 2.030341
 34.000000 2.172930 2.178482 2.447814 2.217266
 35.000000 2.072147 2.313764 2.409618 2.063258
 36.000000 2.031364 2.429438 2.362683 2.158382
 37.000000 1.959778 2.308153 2.498589 2.155514
 38.000000 2.153791 2.175094 2.432651 1.959531
 39.000000 2.219673 2.273937 2.458109 1.977659
 40.000000 2.008936 2.197832 2.582224 2.066138
 41.000000 2.110319 2.284859 2.424508 2.101530
 42.000000 2.151377 2.264231 2.461805 2.157306
 43.000000 2.224036 2.344454 2.573977 2.060593
 44.000000 2.161623 2.457766 2.520537 2.052422
 45.000000 2.311953 2.349706 2.453256 2.085711
 46.000000 2.279097 2.535094 2.485184 2.141219
 47.000000 2.155420 2.587143 2.589394 2.069549
 48.000000 2.189077 2.308751 2.513309 2.231780
 49.000000 2.147517 2.463737 2.538601 1.933160
 50.000000 2.219235 2.487272 2.652385 2.139188
 51.000000 2.277100 2.541332 2.618350 2.207611
 52.000000 2.174451 2.502157 2.430720 1.995630
 53.000000 2.177128 2.492443 2.467715 2.013773
 54.000000 2.332477 2.415480 2.533389 1.969863
 55.000000 2.177722 2.506106 2.659979 2.107229
 56.000000 2.233850 2.339160 2.491725 2.062354
 57.000000 2.410362 2.351007 2.422239 1.953798
 58.000000 2.145633 2.415418 2.513723 2.010668
 59.000000 2.179080 2.427664 2.496845 2.075042
 60.000000 2.179019 2.358120 2.612454 1.912628
 61.000000 2.114567 2.393428 2.565298 2.132339
 62.000000 2.140788 2.267217 2.515472 2.059963
 63.000000 2.064590 2.392040 2.580149 1.892192
 64.000000 2.371688 2.449054 2.713969 2.075752
 65.000000 2.231055 2.274819 2.702544 1.827318
 66.000000 2.292758 2.208891 2.504704 1.928417
 67.000000 2.095639 2.339011 2.570834 2.063382
 68.000000 2.141610 2.296306 2.381638 2.081218
 69.000000 2.291777 2.231630 2.640134 1.845610
 70.000000 2.156563 2.164671 2.638268 1.949264
 71.000000 2.090971 2.327736 2.414890 1.876314
 72.000000 2.304939 2.410312 2.478104 1.968449
 73.000000 2.181315 2.172283 2.448699 1.911764
 74.000000 2.160938 2.357081 2.482136 1.865483
 75.000000 2.232930 2.226813 2.416130 1.948984
 76.000000 2.356739 2.334449 2.391626 1.761020
 77.000000 2.353451 2.463096 2.597178 1.899692
 78.000000 2.239912 2.261642 2.601524 1.958312
 79.000000 2.265343 2.327850 2.616687 1.875011
 80.000000 2.368615 2.213320 2.466910 1.727946
 81.000000 2.400950 2.347850 2.345072 1.939637
 82.000000 2.211626 2.364969 2.601361 2.106717
 83.000000 2.331441 2.296215 2.532903 1.877324
 84.000000 2.353859 2.399899 2.485761 1.806363
 85.000000 2.182689 2.386158 2.686972 1.835259
 86.000000 2.174090 2.397258 2.941108 1.820059
 87.000000 1.898705 2.439108 2.631646 2.040689
 88.000000 2.422122 2.452089 2.431112 2.062887
 89.000000 2.285771 2.165383 2.426740 1.894530
 90.000000 2.480302 2.394943 2.571688 1.986379
 91.000000 2.342839 2.494425 2.444317 1.760457
 92.000000 2.553743 2.444175 2.497734 1.823433
 93.000000 2.514479 2.416870 2.331665 1.688810
 94.000000 2.425524 2.508096 2.594747 1.729307
 95.000000 2.336707 2.447951 2.414603 1.685509
 96.000000 2.261130 2.478014 2.418697 1.851200
 97.000000 2.379757 2.346419 2.337716 1.724400
 98.000000 2.479822 2.363370 2.453887 1.840270
 99.000000 2.274048 2.473709 2.294521 1.802702
 100.000000 2.416860 2.603154 2.559651 1.683458
 101.000000 2.525631 2.449666 2.458408 1.780578
 102.000000 2.439224 2.530883 2.564043 1.758878
 103.000000 2.401364 2.428068 2.690033 1.894234
 104.000000 2.513169 2.378147 2.746648 1.975047
 105.000000 2.507621 2.425091 2.529278 1.811439
 106.000000 2.457634 2.370506 2.373664 2.103291
 107.000000 2.333354 2.413426 2.643048 1.867581
 108.000000 2.155631 2.643197 2.398384 1.731135
 109.000000 2.292838 2.436952 2.585957 1.990093
 110.000000 2.233972 2.358787 2.469682 1.969337
 111.000000 2.423554 2.323354 2.443477 2.030166
 112.000000 2.295667 2.344855 2.454400 2.041196
 113.000000 2.331643 2.397338 2.393585 2.009927
 114.000000 2.427009 2.448685 2.515301 1.879128
 115.000000 2.377918 2.496031 2.380240 2.080988
 116.000000 2.313137 2.498154 2.465363 1.902332
 117.000000 2.387656 2.527427 2.503440 2.071407
 118.000000 2.336738 2.347542 2.614031 2.089233
 119.000000 2.474737 2.379650 2.538787 2.192483
 120.000000 2.342004 2.484618 2.660464 1.934763
 121.000000 2.557434 2.329538 2.598219 1.970890
 122.000000 2.289786 2.383415 2.624805 2.034722
 123.000000 2.366866 2.355521 2.603262 1.929717
 124.000000 2.538122 2.395066 2.524744 2.038727
 125.000000 2.331416 2.508548 2.476041 2.072538
 126.000000 2.682145 2.346721 2.416162 1.828433
 127.000000 2.451749 2.420354 2.499695 1.773736
 128.000000 2.309894 2.385259 2.498458 1.907965
 129.000000 2.544412 2.395783 2.521351 2.054171
 130.000000 2.311369 2.557426 2.593237 1.957383
 131.000000 2.478781 2.518153 2.432261 2.120854
 132.000000 2.406025 2.436074 2.568677 2.063686
 133.000000 2.671465 2.384819 2.406658 1.998713
 134.000000 2.609863 2.445537 2.563299 1.892539
 135.000000 2.577974 2.385951 2.636944 1.998450
 136.000000 2.438821 2.415159 2.569379 2.056851
 137.000000 2.514860 2.236505 2.538535 1.873606
 138.000000 2.313441 2.418264 2.535456 1.831655
 139.000000 2.381430 2.381517 2.485018 2.048765
 140.000000 2.104270 2.427782 2.399322 2.038168
 141.000000 2.294699 2.396264 2.428782 1.988914
 142.000000 2.336505 2.559163 2.449385 2.095857
 143.000000 2.175939 2.352494 2.562737 2.022966
 144.000000 2.311015 2.491882 2.412262 1.989697
 145.000000 2.160229 2.490781 2.420282 1.889314
 146.000000 2.196055 2.455100 2.459384 1.710289
 147.000000 2.268433 2.384273 2.366140 1.748180
 148.000000 2.197592 2.530339 2.574037 1.810736
 149.000000 2.327507 2.514748 2.404985 1.806354
 150.000000 2.448684 2.359573 2.380603 1.809505
 151.000000 2.196996 2.420880 2.201692 1.797816
 152.000000 2.210855 2.400155 2.561336 1.818024
 153.000000 2.200697 2.460213 2.253696 1.798313
 154.000000 2.402099 2.476872 2.293736 1.815999
 155.000000 2.331516 2.538604 2.283022 1.783215
 156.000000 2.262495 2.506763 2.405149 1.860425
 157.000000 2.262718 2.532860 2.330271 2.174752
 158.000000 2.322577 2.489858 2.422544 2.109742
 159.000000 2.190164 2.577699 2.337349 2.082361
 160.000000 2.294020 2.472097 2.263794 2.111894
 161.000000 2.163379 2.586042 2.342337 2.005470
 162.000000 2.113406 2.558980 2.457423 1.900988
 163.000000 2.248687 2.564119 2.256522 1.948736
 164.000000 2.364985 2.454279 2.525780 1.963794
 165.000000 2.358450 2.405773 2.390899 2.002749
 166.000000 2.347403 2.430897 2.414388 1.860075
 167.000000 2.242325 2.518122 2.431098 2.104987
 168.000000 2.233807 2.568787 2.516940 2.031912
 169.000000 2.280727 2.425114 2.340627 1.950385
 170.000000 2.232861 2.585357 2.193316 1.961443
 171.000000 2.239050 2.463919 2.359849 1.850818
 172.000000 2.253056 2.513048 2.352268 1.995899
 173.000000 2.179522 2.432241 2.466312 1.936467
 174.000000 2.317366 2.418842 2.450730 1.901081
 175.000000 2.302958 2.523133 2.285250 2.067051
 176.000000 2.370824 2.374701 2.391159 2.106105
 177.000000 2.400271 2.491656 2.362158 2.079483
 178.000000 2.192050 2.475756 2.251853 2.044438
 179.000000 2.254227 2.444869 2.340284 2.078451
 180.000000 2.066435 2.475014 2.254195 2.024466
 181.000000 2.353889 2.421567 2.298168 1.909756
 182.000000 2.320072 2.468124 2.276789 2.079997
 183.000000 2.204807 2.654715 2.455433 2.073728
 184.000000 2.223312 2.392050 2.343158 1.909062
 185.000000 2.388414 2.400863 2.430290 1.838327
 186.000000 2.350427 2.305659 2.327629 1.971882
 187.000000 2.218153 2.488290 2.472772 2.154764
 188.000000 2.221039 2.441429 2.328096 2.001649
 189.000000 2.202064 2.575375 2.403828 2.140718
 190.000000 2.306050 2.520274 2.355714 1.994365
 191.000000 2.171924 2.476268 2.274179 1.774887
 192.000000 2.208553 2.630848 2.386049 1.880125
 193.000000 2.149360 2.576150 2.522899 1.915599
 194.000000 2.085315 2.510764 2.301816 1.814975
 195.000000 2.040818 2.465283 2.315812 1.884606
 196.000000 2.293570 2.304160 2.331882 2.188851
 197.000000 2.349912 2.520543 2.311813 1.979178
 198.000000 2.320478 2.466529 2.461711 1.984791
 199.000000 2.082269 2.502530 2.494175 1.963037
 200.000000 2.195868 2.613647 2.357607 1.880969
 201.000000 2.230511 2.561815 2.565775 1.960759
 202.000000 2.076099 2.548287 2.414114 1.962557
 203.000000 2.229741 2.685674 2.428115 1.960022
 204.000000 2.243176 2.439313 2.495325 1.980684
 205.000000 2.262987 2.637975 2.384018 2.095055
 206.000000 2.223543 2.575318 2.480626 2.018864
 207.000000 2.156206 2.644756 2.492037 2.065210
 208.000000 2.278395 2.515970 2.488321 1.946374
 209.000000 2.110472 2.514871 2.479344 2.134686
 210.000000 2.234977 2.519817 2.503356 1.957825
 211.000000 2.370373 2.675509 2.330785 1.872794
 212.000000 2.182183 2.524544 2.392922 2.044654
 213.000000 2.259409 2.593874 2.440788 1.923598
 214.000000 2.435774 2.438646 2.407683 1.994432
 215.000000 2.177049 2.453056 2.351350 2.162112
 216.000000 2.324330 2.399687 2.407700 2.048307
 217.000000 2.107719 2.442157 2.453762 1.893510
 218.000000 2.552336 2.519277 2.331868 2.011884
 219.000000 2.039738 2.748331 2.420385 1.992698
 220.000000 2.152282 2.513393 2.275159 1.939687
 221.000000 2.183728 2.528741 2.454480 1.959663
 222.000000 2.302831 2.594348 2.307953 2.031049
 223.000000 2.119881 2.453454 2.449882 1.971833
 224.000000 2.093117 2.528614 2.408803 2.145358
 225.000000 2.224659 2.442966 2.455838 2.060788
 226.000000 2.401685 2.449780 2.505669 2.013643
 227.000000 2.129851 2.522640 2.308192 2.112376
 228.000000 2.364890 2.447830 2.448014 2.142665
 229.000000 2.388955 2.511672 2.476524 2.030906
 230.000000 2.462767 2.506390 2.388783 2.315816
 231.000000 2.168090 2.508250 2.346088 2.174135
 232.000000 2.066364 2.411412 2.443570 2.164484
 233.000000 2.050539 2.428961 2.388934 2.282569
 234.000000 2.199971 2.496050 2.384204 1.932097
 235.000000 2.242436 2.607083 2.398268 1.993023
 236.000000 2.255387 2.382169 2.273302 2.144122
 237.000000 2.170047 2.395286 2.525484 2.216742
 238.000000 2.327254 2.428234 2.461708 2.105848
 239.000000 2.365000 2.474994 2.340410 1.961774
 240.000000 2.181615 2.422075 2.379048 2.066522
 241.000000 2.357526 2.494581 2.361222 2.087515
 242.000000 2.270238 2.389008 2.463306 1.942961
 243.000000 1.991061 2.523604 2.396587 2.023515
 244.000000 2.275660 2.497659 2.425205 2.032483
 245.000000 2.256848 2.492575 2.474001 1.966483
 246.000000 2.282124 2.553333 2.443961 1.964524
 247.000000 2.194051 2.589965 2.461051 1.975263
 248.000000 2.324842 2.446755 2.417041 1.988932
 249.000000 2.233877 2.450287 2.453242 2.029421
 250.000000 2.555704 2.448362 2.467377 2.073052
 251.000000 2.283441 2.499022 2.456795 2.103543
 252.000000 2.432467 2.592600 2.300745 1.940368
 253.000000 2.357846 2.524340 2.572198 1.860101
 254.000000 2.159551 2.459247 2.481401 2.122715
 255.000000 2.204177 2.491913 2.495491 1.944207
 256.000000 2.240025 2.469662 2.509268 1.780852
 257.000000 2.338198 2.394806 2.399624 1.942148
 258.000000 2.163937 2.434113 2.409372 2.062573
 259.000000 2.149066 2.542563 2.571199 1.921614
 260.000000 2.270748 2.490943 2.346103 1.915940
 261.000000 2.157852 2.410577 2.451860 1.891526
 262.000000 2.064149 2.422617 2.537811 2.104883
 263.000000 2.320817 2.496707 2.454302 1.912407
 264.000000 2.163983 2.416106 2.478757 1.940724
 265.000000 2.294660 2.631584 2.398371 1.935617
 266.000000 2.222665 2.491537 2.558872 1.880795
 267.000000 2.253422 2.436220 2.544029 1.817857
 268.000000 2.192807 2.609920 2.419898 2.157382
 269.000000 2.385782 2.647364 2.394111 1.956047
 270.000000 2.227180 2.522780 2.509074 1.986610
 271.000000 2.022203 2.674061 2.562598 2.094326
 272.000000 2.227068 2.509536 2.457325 1.695507
 273.000000 2.359714 2.632040 2.545083 1.798539
 274.000000 2.268703 2.634410 2.645333 1.874090
 275.000000 2.332303 2.550277 2.477976 1.903616
 276.000000 2.321529 2.610953 2.431182 1.981574
 277.000000 2.040261 2.471282 2.613362 1.921241
 278.000000 2.225804 2.470903 2.692149 2.007942
 279.000000 2.312988 2.472114 2.568937 1.956106
 280.000000 2.108377 2.451090 2.468777 1.926791
 281.000000 2.209682 2.536012 2.463692 2.026742
 282.000000 2.178068 2.493004 2.627166 1.870479
 283.000000 2.272539 2.622859 2.515077 1.926283
 284.000000 2.254132 2.612656 2.521625 1.813818
 285.000000 2.313398 2.598261 2.388795 1.780290
 286.000000 2.138213 2.648937 2.447914 1.741511
 287.000000 2.150328 2.513066 2.321473 1.781228
 288.000000 2.352615 2.490913 2.488212 1.830548
 289.000000 2.190016 2.383122 2.362850 1.805597
 290.000000 2.346707 2.515550 2.525126 1.728368
 291.000000 2.334066 2.577362 2.434299 1.911011
 292.000000 2.318784 2.693674 2.353374 2.004738
 293.000000 2.251959 2.523715 2.328251 2.040097
 294.000000 2.179214 2.605453 2.498466 1.805086
 295.000000 2.249689 2.723701 2.333701 1.872987
 296.000000 2.130136 2.557800 2.630509 1.912143
 297.000000 2.187721 2.587152 2.498299 1.972077
 298.000000 2.136204 2.581720 2.459818 1.915868
 299.000000 2.146565 2.562904 2.370311 2.082677
 300.000000 2.126571 2.552190 2.520448 2.000059
 301.000000 2.220228 2.565242 2.445077 2.006146
 302.000000 2.097062 2.563746 2.512601 1.880583
 303.000000 2.164807 2.504324 2.695069 1.882358
 304.000000 2.186481 2.556399 2.588245 1.937605
 305.000000 2.234856 2.480753 2.595357 1.898300
 306.000000 2.142583 2.567309 2.488940 1.987260
 307.000000 2.063719 2.498311 2.393123 1.972177
 308.000000 1.985238 2.590904 2.462072 1.919800
 309.000000 2.063509 2.604359 2.471447 1.993559
 310.000000 2.224324 2.572825 2.443015 2.056616
 311.000000 2.215152 2.507883 2.516005 1.829792
 312.000000 2.277312 2.477608 2.405118 1.890906
 313.000000 2.285697 2.498142 2.440444 1.782325
 314.000000 2.044652 2.533446 2.289639 1.949204
 315.000000 2.353800 2.543177 2.383127 1.819994
 316.000000 2.071886 2.434246 2.299393 1.897613
 317.000000 2.180634 2.529137 2.303980 1.872807
 318.000000 2.172219 2.599788 2.484102 1.945660
 319.000000 2.182353 2.560795 2.303292 1.887931
 320.000000 2.289813 2.340230 2.185623 1.983727
 321.000000 2.258019 2.585770 2.481423 1.806004
 322.000000 2.483349 2.564633 2.467952 1.951259
 323.000000 2.296737 2.529958 2.447323 1.941282
 324.000000 2.325895 2.522102 2.470328 2.010608
 325.000000 2.405594 2.524706 2.444797 1.884134
 326.000000 2.431467 2.578528 2.528429 1.902485
 327.000000 2.115996 2.466503 2.598971 1.913389
 328.000000 2.342883 2.642652 2.424958 1.806734
 329.000000 2.336585 2.696137 2.398128 1.959778
 330.000000 2.068409 2.666226 2.441209 1.873022
 331.000000 2.269299 2.583717 2.604352 2.103416
 332.000000 2.207494 2.579430 2.377394 1.988163
 333.000000 2.406437 2.597687 2.385067 1.994154
 334.000000 2.324000 2.405022 2.578537 1.906862
 335.000000 2.422301 2.559632 2.532095 1.801434
 336.000000 2.419418 2.505482 2.479380 1.906822
 337.000000 2.403183 2.684371 2.295839 1.799192
 338.000000 2.411927 2.472422 2.442196 1.897305
 339.000000 2.260454 2.401531 2.426360 1.805587
 340.000000 2.452888 2.362666 2.340689 1.905394
 341.000000 2.268575 2.608042 2.210796 1.654130
 342.000000 2.115170 2.411637 2.365397 1.801300
 343.000000 2.133539 2.697561 2.544300 1.726641
 344.000000 2.304086 2.463399 2.440834 1.869472
 345.000000 2.187893 2.533013 2.251555 1.805700
 346.000000 2.268679 2.498903 2.661068 1.863719
 347.000000 2.138501 2.556681 2.467980 1.789774
 348.000000 2.303156 2.493370 2.617395 1.903190
 349.000000 2.349203 2.730649 2.579759 1.883772
 350.000000 2.383735 2.510114 2.511225 1.973113
 351.000000 2.302009 2.472454 2.508244 2.031976
 352.000000 2.279183 2.674407 2.431544 1.959736
 353.000000 2.317897 2.518228 2.539795 2.133008
 354.000000 2.219505 2.523058 2.377268 1.839686
 355.000000 2.344202 2.393738 2.525054 2.004770
 356.000000 2.299241 2.663913 2.421363 1.788689
 357.000000 2.227151 2.723747 2.390793 1.855739
 358.000000 2.340561 2.721161 2.406547 2.125086
 359.000000 2.276948 2.824970 2.464523 1.746987
 360.000000 2.336168 2.714412 2.644202 1.841118
 361.000000 2.368243 2.578752 2.570432 1.844759
 362.000000 2.509166 2.549193 2.630379 1.866806
 363.000000 2.283319 2.608262 2.536352 1.822026
 364.000000 2.473018 2.596929 2.611273 1.995308
 365.000000 2.133545 2.532426 2.522728 1.864496
 366.000000 2.106551 2.656184 2.604829 1.770766
 367.000000 2.101154 2.588569 2.472564 1.947848
 368.000000 2.312647 2.555049 2.495578 1.812232
 369.000000 2.228900 2.675663 2.420902 1.658599
 370.000000 2.233420 2.815021 2.438556 1.870704
 371.000000 2.175462 2.538356 2.511847 1.856303
 372.000000 2.469909 2.685434 2.459638 1.896296
 373.000000 2.159061 2.771188 2.498175 1.860629
 374.000000 2.324801 2.671671 2.378033 1.854177
 375.000000 2.299608 2.579765 2.389860 1.850762
 376.000000 2.205166 2.687269 2.492562 1.996016
 377.000000 2.336899 2.624758 2.356744 2.094385
 378.000000 2.316214 2.646248 2.474354 1.948836
 379.000000 2.043419 2.771331 2.548754 1.958953
 380.000000 2.283121 2.671683 2.483888 1.867019
 381.000000 2.342897 2.548852 2.538015 1.977568
 382.000000 2.315624 2.591553 2.580962 1.980458
 383.000000 2.154497 2.640156 2.458867 1.838698
 384.000000 2.186378 2.656274 2.336937 1.961979
 385.000000 2.356294 2.609126 2.470377 1.952510
 386.000000 2.185716 2.743153 2.626242 1.958272
 387.000000 2.103234 2.635028 2.390243 2.033938
 388.000000 2.267499 2.695188 2.792698 2.042558
 389.000000 2.312053 2.603010 2.539510 2.030427
 390.000000 2.398287 2.532861 2.651203 2.091815
 391.000000 2.442985 2.632845 2.629200 2.161122
 392.000000 2.593416 2.481414 2.511865 1.951561
 393.000000 2.464775 2.676220 2.514625 2.010263
 394.000000 2.308311 2.574108 2.528442 2.035524
 395.000000 2.303504 2.626659 2.647098 1.988429
 396.000000 2.289283 2.663213 2.559159 2.033335
 397.000000 2.212825 2.618235 2.586432 1.853035
 398.000000 2.309072 2.563962 2.536393 1.950985
 399.000000 2.143528 2.592057 2.571426 2.030415
 400.000000 2.322845 2.740985 2.513392 1.841655
 401.000000 2.361450 2.725136 2.444038 2.015430
 402.000000 2.261040 2.690156 2.435532 2.009166
 403.000000 2.418514 2.605995 2.483124 2.030444
 404.000000 2.156321 2.653515 2.684833 1.791134
 405.000000 2.416953 2.621348 2.475188 2.085856
 406.000000 2.321775 2.741257 2.497958 2.024656
 407.000000 2.230884 2.641202 2.277707 1.852646
 408.000000 2.576490 2.699399 2.466988 1.898795
 409.000000 2.296001 2.722119 2.427652 2.057242
 410.000000 2.373009 2.600769 2.576426 2.031633
 411.000000 2.428858 2.511293 2.645676 2.027237
 412.000000 2.298635 2.623021 2.564264 2.019695
 413.000000 2.248085 2.744374 2.276401 1.984013
 414.000000 2.286499 2.679539 2.541938 1.874961
 415.000000 2.299853 2.627440 2.622687 1.884242
 416.000000 2.426847 2.487520 2.577371 1.854562
 417.000000 2.318060 2.655610 2.581912 1.906378
 418.000000 2.346318 2.750440 2.427224 1.799098
 419.000000 2.249842 2.565168 2.573041 1.943756
 420.000000 2.405434 2.547747 2.526448 1.856336
 421.000000 2.321475 2.671152 2.699315 1.836917
 422.000000 2.295584 2.540895 2.555095 1.934854
 423.000000 2.171910 2.614557 2.553613 1.761464
 424.000000 2.238948 2.646336 2.443085 1.907790
 425.000000 2.199933 2.604059 2.390787 1.937693
 426.000000 2.219767 2.613770 2.292925 1.989254
 427.000000 2.110327 2.670566 2.608777 1.908479
 428.000000 2.112298 2.675309 2.631235 1.919196
 429.000000 2.140066 2.575446 2.496193 1.954008
 430.000000 2.449539 2.546434 2.515842 1.926884
 431.000000 2.227643 2.622750 2.515427 1.866766
 432.000000 2.189895 2.660245 2.491831 1.865778
 433.000000 2.419968 2.669664 2.451339 1.900805
 434.000000 2.196503 2.610658 2.502733 2.069675
 435.000000 2.384620 2.669477 2.445172 1.798831
 436.000000 2.225114 2.616836 2.554931 2.113455
 437.000000 2.142517 2.724413 2.390362 1.963070
 438.000000 2.316746 2.716763 2.531881 1.662447
 439.000000 2.290632 2.667911 2.378474 1.945833
 440.000000 2.403302 2.585405 2.455891 1.911387
 441.000000 2.266139 2.554972 2.392153 1.932114
 442.000000 2.394840 2.693849 2.537731 1.904264
 443.000000 2.148233 2.562648 2.618817 1.958946
 444.000000 2.466146 2.627920 2.597505 2.049914
 445.000000 2.282828 2.599966 2.400897 1.855811
 446.000000 2.171908 2.590519 2.340242 1.900466
 447.000000 2.416714 2.618828 2.556391 1.859675
 448.000000 2.452259 2.516013 2.357972 1.771880
 449.000000 2.347389 2.527524 2.669576 1.912114
 450.000000 2.346988 2.682400 2.433285 1.802776
 451.000000 2.339131 2.629724 2.430804 1.673040
 452.000000 2.305732 2.621866 2.532625 1.785064
 453.000000 2.439959 2.724704 2.495749 1.825622
 454.000000 2.336838 2.554579 2.524058 1.793497
 455.000000 2.310539 2.630188 2.572496 1.847740
 456.000000 2.238873 2.647972 2.599577 1.665601
 457.000000 2.359874 2.690841 2.567461 2.050386
 458.000000 2.474740 2.638709 2.587134 1.854373
 459.000000 2.278134 2.559179 2.565356 2.017463
 460.000000 2.082908 2.547244 2.647151 1.879119
 461.000000 2.198374 2.504913 2.671660 1.676343
 462.000000 2.371540 2.668644 2.759726 1.832087
 463.000000 2.223346 2.639018 2.509651 1.737838
 464.000000 2.346443 2.444394 2.464691 1.821381
 465.000000 2.277278 2.532077 2.518442 1.796935
 466.000000 2.271742 2.667730 2.662690 1.823456
 467.000000 2.205242 2.677303 2.487408 1.858590
 468.000000 2.435468 2.650770 2.361072 1.834288
 469.000000 2.387245 2.659842 2.439620 1.749130
 470.000000 2.356270 2.582408 2.493944 1.874275
 471.000000 2.259106 2.673898 2.589602 1.819328
 472.000000 2.346188 2.584974 2.625925 1.704445
 473.000000 2.350263 2.693692 2.486052 1.783128
 474.000000 2.371304 2.625635 2.444807 1.950893
 475.000000 2.415310 2.772839 2.466577 1.607410
 476.000000 2.427977 2.622197 2.443163 1.566489
 477.000000 2.439672 2.649010 2.348610 1.830463
 478.000000 2.262553 2.632210 2.450967 1.772300
 479.000000 2.375402 2.454992 2.446238 1.748388
 480.000000 2.294287 2.562297 2.562253 1.742705
 481.000000 2.426994 2.532089 2.559736 1.703223
 482.000000 2.355512 2.706441 2.393929 1.649940
 483.000000 2.341807 2.624971 2.471211 1.780242
 484.000000 2.533588 2.501230 2.557953 1.807604
 485.000000 2.485283 2.736753 2.479182 1.936063
 486.000000 2.441660 2.629000 2.437653 2.031917
 487.000000 2.646345 2.607746 2.546462 1.782147
 488.000000 2.531624 2.685898 2.583329 1.744410
 489.000000 2.503888 2.710852 2.533997 1.906716
 490.000000 2.542661 2.818127 2.552880 2.007441
 491.000000 2.579925 2.671105 2.442375 1.815434
 492.000000 2.429435 2.473072 2.508612 1.942476
 493.000000 2.551325 2.703839 2.490519 1.856921
 494.000000 2.393156 2.518503 2.611877 2.086662
 495.000000 2.406666 2.618878 2.532407 2.033700
 496.000000 2.680846 2.582157 2.395982 2.172169
 497.000000 2.597401 2.733128 2.582597 2.091416
 498.000000 2.643137 2.521753 2.610895 2.260533
 499.000000 2.225522 2.580119 2.458627 1.856723
 500.000000 2.543171 2.655304 2.568399 2.186545
 501.000000 2.436507 2.719826 2.621630 1.963774
 502.000000 2.496132 2.625771 2.433341 2.113037
 503.000000 2.430915 2.638524 2.764139 1.929648
 504.000000 2.171375 2.561888 2.496031 1.791455
 505.000000 2.248765 2.612391 2.495320 1.742078
 506.000000 2.084955 2.613282 2.459026 1.914036
 507.000000 2.252499 2.576000 2.538556 2.032165
 508.000000 2.092600 2.686319 2.404477 1.870627
 509.000000 2.234792 2.796308 2.468342 2.084906
 510.000000 2.272173 2.673287 2.478756 1.867178
 511.000000 2.318002 2.702567 2.448645 1.759168
 512.000000 2.450513 2.687077 2.312851 1.817729
 513.000000 2.212980 2.613390 2.316971 1.917676
 514.000000 2.327830 2.605292 2.313603 1.818023
 515.000000 2.422574 2.698162 2.381406 1.990036
 516.000000 2.456390 2.715143 2.436054 1.851472
 517.000000 2.602000 2.753394 2.342416 1.761371
 518.000000 2.313406 2.735962 2.302467 1.977583
 519.000000 2.414960 2.839331 2.565960 2.052136
 520.000000 2.389555 2.927173 2.489477 2.100295
 521.000000 2.569557 2.577561 2.480658 1.734444
 522.000000 2.473895 2.691236 2.377206 1.868755
 523.000000 2.300102 2.596135 2.712752 1.821884
 524.000000 2.394189 2.720307 2.657374 1.958016
 525.000000 2.471147 2.769112 2.502874 2.013001
 526.000000 2.186826 2.725529 2.603080 2.042204
 527.000000 2.286670 2.777973 2.443470 1.981579
 528.000000 2.021192 2.686163 2.528274 1.883513
 529.000000 2.203234 2.693484 2.661998 2.052144
 530.000000 2.169062 2.751951 2.502488 2.124180
 531.000000 2.248629 2.748292 2.468077 2.016843
 532.000000 2.168135 2.713043 2.561986 1.680197
 533.000000 2.284318 2.750110 2.545657 1.940961
 534.000000 2.208101 2.592285 2.523142 2.084381
 535.000000 2.273828 2.680126 2.467744 2.137270
 536.000000 2.367846 2.633339 2.361491 2.025066
 537.000000 2.332946 2.684939 2.648778 2.093550
 538.000000 2.333725 2.531733 2.602374 2.169993
 539.000000 2.375278 2.574687 2.527268 2.065374
 540.000000 2.280671 2.656047 2.557862 2.105525
 541.000000 2.335155 2.656772 2.466494 1.943222
 542.000000 2.135335 2.709959 2.368113 1.998269
 543.000000 2.516728 2.746851 2.576097 1.888720
 544.000000 2.239587 2.709297 2.598011 1.893189
 545.000000 2.291848 2.670686 2.523657 1.827974
 546.000000 2.240855 2.770544 2.431128 1.975184
 547.000000 2.202969 2.753430 2.480165 1.904240
 548.000000 2.332553 2.532275 2.411455 1.921559
 549.000000 2.334711 2.657795 2.386662 2.253813
 550.000000 2.444861 2.609445 2.402242 2.076929
 551.000000 2.472428 2.568464 2.286954 2.115675
 552.000000 2.354169 2.555056 2.323687 2.013430
 553.000000 2.270817 2.466526 2.388032 2.128068
 554.000000 2.322990 2.537798 2.334314 2.256241
 555.000000 2.324055 2.627190 2.347967 2.044054
 556.000000 2.329577 2.634637 2.385689 2.091874
 557.000000 2.322087 2.679294 2.369386 2.188180
 558.000000 2.206407 2.734031 2.419096 2.113626
 559.000000 2.280191 2.659783 2.455817 1.961122
 560.000000 2.334914 2.555155 2.426719 1.978289
 561.000000 2.366299 2.674735 2.319324 2.069751
 562.000000 2.401566 2.607255 2.290967 1.956796
 563.000000 2.386777 2.635770 2.580620 1.928551
 564.000000 2.340346 2.581842 2.461821 1.880108
 565.000000 2.312959 2.663553 2.411195 1.934053
 566.000000 2.230032 2.699006 2.392719 1.922891
 567.000000 2.324431 2.597392 2.373135 1.884568
 568.000000 2.235095 2.612990 2.423679 1.814778
 569.000000 2.385713 2.768388 2.418276 1.871564
 570.000000 2.501359 2.577742 2.467021 1.783063
 571.000000 2.368430 2.667483 2.467416 1.894154
 572.000000 2.338932 2.507553 2.427222 1.992348
 573.000000 2.284831 2.559530 2.610161 2.066691
 574.000000 2.333008 2.618491 2.293272 1.873079
 575.000000 2.195079 2.587853 2.439720 2.033497
 576.000000 2.287378 2.653216 2.526901 2.077260
 577.000000 2.233235 2.669055 2.366400 1.813599
 578.000000 2.238476 2.678558 2.374357 1.538456
 579.000000 2.480374 2.516505 2.523565 2.061058
 580.000000 2.185240 2.609968 2.498762 1.688547
 581.000000 2.426055 2.456442 2.358327 1.905163
 582.000000 2.302509 2.514718 2.510318 1.936160
 583.000000 2.125482 2.655664 2.494875 1.748587
 584.000000 2.329227 2.737425 2.517332 2.007730
 585.000000 2.346689 2.594129 2.420764 1.817979
 586.000000 2.219049 2.671238 2.327163 1.976883
 587.000000 2.227543 2.442782 2.482983 1.829767
 588.000000 2.362049 2.546671 2.488334 1.888602
 589.000000 2.220423 2.627042 2.389055 1.867549
 590.000000 2.309113 2.714742 2.568310 1.876665
 591.000000 2.252409 2.686079 2.567731 1.826471
 592.000000 2.232184 2.583196 2.453287 1.793294
 593.000000 2.246535 2.456535 2.502930 1.973804
 594.000000 2.343987 2.768104 2.380705 1.729660
 595.000000 2.359283 2.800211 2.446714 1.776797
 596.000000 2.183420 2.548105 2.346195 1.790860
 597.000000 2.441549 2.546867 2.449305 1.767741
 598.000000 2.373551 2.664222 2.448915 1.903299
 599.000000 2.320412 2.725032 2.473710 1.853906
 600.000000 2.347694 2.676825 2.455219 1.873298
 601.000000 2.376642 2.622688 2.593320 1.996993
 602.000000 2.204586 2.684403 2.603696 1.857056
 603.000000 2.276754 2.596375 2.490428 1.988327
 604.000000 2.482029 2.502253 2.428247 1.987339
 605.000000 2.503860 2.734507 2.637235 1.978257
 606.000000 2.336637 2.567315 2.579746 1.848524
 607.000000 2.525651 2.566126 2.432681 2.150365
 608.000000 2.295688 2.722942 2.611390 2.165730
 609.000000 2.284069 2.574264 2.413611 2.046903
 610.000000 2.350404 2.577031 2.612639 1.995930
 611.000000 2.322046 2.386900 2.501444 1.861924
 612.000000 2.222050 2.430864 2.491753 1.848352
 613.000000 2.154636 2.601643 2.709192 1.867502
 614.000000 2.355364 2.484257 2.568445 1.786314
 615.000000 2.186758 2.619905 2.598794 2.011581
 616.000000 2.366064 2.599924 2.621730 1.800132
 617.000000 2.266971 2.475098 2.612016 1.944395
 618.000000 2.434995 2.616778 2.530922 1.920705
 619.000000 2.224612 2.620676 2.597881 2.078101
 620.000000 2.433745 2.515370 2.375223 2.157196
 621.000000 2.372748 2.692309 2.487418 1.928038
 622.000000 2.120418 2.665633 2.565928 2.020670
 623.000000 2.320014 2.773589 2.633889 2.053231
 624.000000 2.189663 2.509245 2.437891 1.720527
 625.000000 2.431034 2.636887 2.327941 1.886298
 626.000000 2.472621 2.802333 2.428983 1.674965
 627.000000 2.423501 2.703722 2.533744 1.717733
 628.000000 2.511244 2.618699 2.586518 1.927837
 629.000000 2.281324 2.551965 2.668448 1.892385
 630.000000 2.336222 2.685974 2.412984 1.771352
 631.000000 2.213348 2.648557 2.592284 1.981467
 632.000000 2.371703 2.530738 2.774446 2.026020
 633.000000 2.384670 2.639921 2.654094 2.140701
 634.000000 2.212702 2.615258 2.540224 2.111728
 635.000000 2.294897 2.559432 2.489423 1.954324
 636.000000 2.321104 2.507278 2.570253 2.102291
 637.000000 2.325703 2.608091 2.341137 1.977456
 638.000000 2.239046 2.579191 2.440281 2.001909
 639.000000 2.334857 2.681281 2.552245 2.059697
 640.000000 2.365913 2.581262 2.518956 1.969507
 641.000000 2.444329 2.591659 2.368008 2.038143
 642.000000 2.169109 2.660361 2.513659 2.008746
 643.000000 2.370514 2.533478 2.533421 2.072443
 644.000000 2.239825 2.596392 2.579106 1.900760
 645.000000 2.255056 2.542418 2.469520 1.865847
 646.000000 2.252824 2.664251 2.574860 2.061736
 647.000000 2.225854 2.668497 2.563492 2.115241
 648.000000 2.177796 2.633118 2.529616 2.155125
 649.000000 2.372437 2.763167 2.576075 1.926346
 650.000000 2.389796 2.547196 2.439410 2.143995
 651.000000 1.658640 2.664018 2.649047 1.992092
 652.000000 1.091699 2.638190 2.576790 1.897089
 653.000000 1.143924 2.653902 2.674818 1.914581
 654.000000 0.988855 2.561423 2.562735 1.953101
 655.000000 1.085923 2.598863 2.596448 1.963212
 656.000000 1.029181 2.634980 2.587686 1.952320
 657.000000 1.133956 2.784353 2.455797 1.898987
 658.000000 1.049602 2.586918 2.574886 2.088180
 659.000000 0.923253 2.671582 2.549296 1.925989
 660.000000 0.970169 2.619156 2.333989 2.052457
 661.000000 0.948936 2.665539 2.617881 2.087011
 662.000000 1.077228 2.678397 2.676689 1.995070
 663.000000 1.015664 2.666507 2.564601 0.732952
 664.000000 1.033302 2.650525 2.549527 0.775322
 665.000000 1.005510 2.730244 2.658636 0.873476
 666.000000 0.944615 2.689007 2.405650 0.882188
 667.000000 1.076111 2.652817 2.523071 0.812350
 668.000000 0.866172 2.839826 2.642465 0.774400
 669.000000 1.021153 2.574102 2.608196 0.746997
 670.000000 0.958385 2.765570 2.509174 0.842037
 671.000000 0.987721 2.699372 2.584363 0.817260
 672.000000 0.971143 2.648503 2.577125 0.785820
 673.000000 0.882698 2.871723 2.636734 0.842032
 674.000000 1.120189 2.661006 2.473650 1.094048
 675.000000 0.984049 2.591003 2.523858 0.975826
 676.000000 1.129029 2.616564 2.485014 1.131364
 677.000000 1.056133 2.670300 2.494075 0.993973
 678.000000 1.099970 2.737518 2.437515 0.839899
 679.000000 0.872789 2.838550 2.593142 1.336539
 680.000000 1.130728 2.659137 2.454303 1.072942
 681.000000 1.021735 2.607381 2.331627 0.847561
 682.000000 0.925764 2.596398 2.394259 1.217487
 683.000000 0.923228 2.741832 2.650910 1.209211
 684.000000 0.767735 2.689404 2.515255 1.105937
 685.000000 1.112154 2.688503 2.426539 0.752434
 686.000000 0.885969 2.549385 2.651454 1.137215
 687.000000 0.953527 2.686846 2.497814 1.205964
 688.000000 1.023541 2.633731 2.608238 0.777795
 689.000000 0.999845 2.633414 2.402429 1.118676
 690.000000 1.026168 2.578391 2.475799 0.789125
 691.000000 1.118288 2.605254 2.498318 1.025334
 692.000000 0.932759 2.762504 2.422119 0.841309
 693.000000 0.920294 2.706164 2.554591 0.995414
 694.000000 1.006417 2.632015 2.397711 0.934774
 695.000000 1.019081 2.629402 2.526781 0.896388
 696.000000 0.945587 2.603139 2.578734 0.856985
 697.000000 0.944168 2.745865 2.484369 0.880922
 698.000000 0.895724 2.664325 2.602376 0.797614
 699.000000 0.968285 2.653179 2.580433 0.802885
 700.000000 1.063711 2.732204 2.111069 0.720252
 701.000000 1.039633 2.716755 2.258200 0.784672
 702.000000 0.885730 2.542453 2.217617 0.800846
 703.000000 1.115406 2.652783 2.513121 1.011400
 704.000000 0.948082 2.657204 2.047706 1.117097
 705.000000 0.945483 2.531105 2.249080 0.775218
 706.000000 1.056659 2.645290 2.126534 1.070514
 707.000000 1.100319 2.489917 2.135608 0.731058
 708.000000 0.877864 2.740998 1.882456 1.036732
 709.000000 1.091545 2.730748 1.930033 0.860263
 710.000000 1.078955 2.660450 2.083457 0.967226
 711.000000 1.019228 2.670644 2.071981 0.968895
 712.000000 1.161616 2.682102 2.111750 1.179774
 713.000000 1.038635 2.640883 2.058813 1.065505
 714.000000 1.072008 2.667255 1.995284 0.734505
 715.000000 1.160193 2.754192 2.190336 0.756074
 716.000000 1.035102 2.645272 2.288532 1.151406
 717.000000 0.921375 2.584273 2.158886 0.947623
 718.000000 1.006093 2.493343 2.084153 0.863772
 719.000000 1.033438 2.697270 2.204261 1.233952
 720.000000 1.140393 2.652318 2.075499 0.740195
 721.000000 0.966754 2.545488 2.129064 0.824896
 722.000000 0.993949 2.506309 2.122698 1.043462
 723.000000 0.927607 2.446687 2.195591 0.732548
 724.000000 0.973560 2.487600 2.123184 0.916987
 725.000000 1.036463 2.473423 2.330554 0.965090
 726.000000 1.060706 2.625338 2.017601 1.330669
 727.000000 1.050798 2.642861 2.353291 0.940445
 728.000000 1.034698 2.814593 2.208375 0.896861
 729.000000 0.945893 2.443913 1.927143 1.354819
 730.000000 0.922761 2.666649 2.148669 0.999737
 731.000000 0.862580 2.672264 1.984646 0.810545
 732.000000 0.926887 2.754088 2.073207 0.801499
 733.000000 0.815712 2.593021 2.172119 0.705995
 734.000000 0.911428 2.742724 2.137422 0.904153
 735.000000 0.949353 2.678761 2.275064 0.721516
 736.000000 0.790185 2.571420 2.302961 0.852814
 737.000000 0.851383 2.622272 2.285040 0.982799
 738.000000 0.861604 2.629655 1.899317 0.882010
 739.000000 0.948724 2.675235 1.897400 0.965125
 740.000000 0.794870 2.778946 2.008673 0.663391
 741.000000 0.862768 2.636648 2.132620 0.802102
 742.000000 0.926756 2.614618 1.992854 0.758830
 743.000000 1.203906 2.667689 1.966146 0.709455
 744.000000 0.963825 2.668537 2.074225 1.060500
 745.000000 0.846228 2.647463 2.083971 0.921224
 746.000000 0.741824 2.694097 2.069383 1.305728
 747.000000 0.831973 2.669364 2.015248 0.940310
 748.000000 0.933480 2.673703 2.018822 0.815369
 749.000000 0.885304 2.725181 1.839831 0.774384
 750.000000 0.784057 2.758394 1.993322 1.183274
 751.000000 0.833509 2.717096 1.894497 0.897487
 752.000000 0.985434 2.725559 1.930653 0.831172
 753.000000 0.798246 2.724537 1.961986 0.900707
 754.000000 0.940370 2.682432 1.921829 0.811938
 755.000000 1.065285 2.936262 1.836682 0.782525
 756.000000 0.926264 2.602410 2.019075 0.741506
 757.000000 0.904314 2.671915 1.970055 0.858478
 758.000000 0.913507 2.493795 1.912433 0.835392
 759.000000 0.896253 2.632327 1.582461 1.180812
 760.000000 0.951785 2.648517 2.053017 0.737780
 761.000000 0.908380 2.664338 2.204623 0.745251
 762.000000 0.928894 2.589159 2.311640 0.689835
 763.000000 0.938578 2.472811 2.035017 0.786747
 764.000000 1.054460 2.535677 2.050245 0.847274
 765.000000 0.984755 2.706177 1.978340 0.810287
 766.000000 0.849023 2.503427 1.961652 0.825932
 767.000000 1.073828 2.501202 2.026875 0.833902
 768.000000 1.014858 2.687723 1.713020 0.818700
 769.000000 0.977640 2.772819 2.123584 0.843630
 770.000000 1.061461 2.605798 2.269310 0.701231
 771.000000 1.176045 2.632615 1.786810 0.830846
 772.000000 1.029145 2.594280 1.916458 0.914615
 773.000000 1.019802 2.659793 1.695273 1.010420
 774.000000 0.994352 2.723420 2.048416 0.707302
 775.000000 0.996057 2.588344 2.036592 0.767264
 776.000000 1.031717 2.684449 1.619961 0.890047
 777.000000 1.204752 2.471480 1.411807 0.787871
 778.000000 0.885431 2.391209 1.383706 0.709959
 779.000000 1.047103 2.483624 1.281022 0.828786
 780.000000 0.892703 2.412629 1.474747 0.663965
 781.000000 1.014603 2.446679 1.374454 0.994032
 782.000000 1.019152 2.532757 1.181801 0.820657
 783.000000 0.823614 2.446122 1.610961 0.784828
 784.000000 1.052812 2.480686 1.351482 0.717503
 785.000000 0.860025 2.488599 1.560377 0.872904
 786.000000 0.897621 2.409115 1.610019 0.768823
 787.000000 0.855489 2.700661 1.916876 0.878697
 788.000000 1.160208 2.650126 2.129636 0.813651
 789.000000 1.019854 2.613091 1.975923 0.827046
 790.000000 1.044541 2.734691 2.086206 0.692687
 791.000000 1.117519 2.674956 2.074217 0.780265
 792.000000 1.027641 2.671243 1.933902 0.878608
 793.000000 1.077941 2.594922 2.110376 0.788542
 794.000000 1.083892 2.663547 2.194333 0.831227
 795.000000 1.049470 2.666045 1.893398 0.660859
 796.000000 0.927123 2.694698 2.114542 0.663494
 797.000000 1.017953 2.906728 1.982717 1.106993
 798.000000 1.093016 2.595407 2.172755 0.840138
 799.000000 1.045374 2.582691 2.193345 0.776301
 800.000000 1.023311 2.483579 2.197824 0.707974
 801.000000 0.909891 2.568807 2.109552 0.813704
 802.000000 0.981690 2.326504 2.176179 0.783238
 803.000000 1.205492 2.448177 2.023091 1.095106
 804.000000 1.130201 2.563540 1.750590 0.772326
 805.000000 0.956096 2.785263 2.026659 0.832017
 806.000000 0.944508 2.554329 2.064059 1.310411
 807.000000 1.133488 2.599052 1.647549 0.879429
 808.000000 1.073587 2.473054 1.980714 1.598511
 809.000000 0.978832 2.478523 2.220425 0.736321
 810.000000 1.151284 2.554756 1.499461 1.062936
 811.000000 0.842614 2.369474 1.960502 1.057442
 812.000000 0.977003 2.614790 2.262485 0.873896
 813.000000 1.085020 2.457089 2.206237 1.136960
 814.000000 1.110704 2.596469 2.231634 1.018163
 815.000000 0.987870 2.475123 2.000025 0.879510
 816.000000 1.018867 2.442976 2.118839 1.164564
 817.000000 0.945150 2.646682 1.954139 1.165769
 818.000000 0.837476 2.529944 2.257781 0.989074
 819.000000 0.983440 2.620635 2.313175 0.830692
 820.000000 2.369931 2.576069 2.250461 0.823199
 821.000000 2.415771 2.531694 2.230935 0.884375
 822.000000 1.116638 2.567290 2.038135 0.728256
 823.000000 1.199546 2.493396 2.082193 1.139667
 824.000000 1.050673 2.696989 2.176712 1.220986
 825.000000 1.051854 2.538965 1.757303 1.150407
 826.000000 0.873276 2.544966 2.143239 0.903255
 827.000000 1.165923 2.579961 2.245070 1.017740
 828.000000 1.000007 2.506529 2.186998 1.276768
 829.000000 1.208126 2.516128 2.304897 1.301581
 830.000000 1.065658 2.720061 2.041663 1.088281
 831.000000 1.079665 2.625912 2.212695 1.163667
 832.000000 1.137369 2.510335 2.196406 1.341012
 833.000000 1.122682 2.469403 2.101883 1.369317
 834.000000 1.168902 2.577389 2.215017 1.364833
 835.000000 0.982181 2.583299 2.100450 1.391575
 836.000000 1.245136 2.662918 2.152879 1.264196
 837.000000 1.100232 2.652423 1.993622 1.171144
 838.000000 1.168316 2.516740 2.213804 1.531461
 839.000000 1.090193 2.580585 2.149349 1.475604
 840.000000 1.118655 2.586225 1.774322 0.735211
 841.000000 1.047009 2.735499 2.097254 1.436301
 842.000000 1.176831 2.602605 2.080536 1.351896
 843.000000 1.077931 2.480360 2.031640 1.354261
 844.000000 1.064400 2.579809 1.948180 1.346089
 845.000000 1.006678 2.654946 2.157690 1.399120
 846.000000 1.079835 2.531828 1.948408 1.434533
 847.000000 1.135273 2.540632 2.125527 1.303624
 848.000000 1.182695 2.578450 1.899479 1.467863
 849.000000 1.162421 2.643777 1.878990 1.182857
 850.000000 1.088543 2.533058 2.029453 1.356871
 851.000000 1.027191 2.545960 1.629909 1.369346
 852.000000 1.054974 2.696171 1.966283 1.503786
 853.000000 0.986322 2.617889 2.031899 1.310022
 854.000000 1.046331 2.629692 1.950357 1.391615
 855.000000 0.941529 2.454250 1.696224 1.384521
 856.000000 1.151048 2.437695 1.914381 1.043427
 857.000000 1.085174 2.650103 1.899238 1.172460
 858.000000 1.091749 2.633843 2.099396 1.216878
 859.000000 0.982327 2.630936 2.017152 1.262990
 860.000000 0.985083 2.527487 2.061144 0.956217
 861.000000 1.085320 2.569330 2.282308 1.056538
 862.000000 1.008176 2.598282 1.878643 0.931378
 863.000000 1.051703 2.599249 2.075247 0.849419
 864.000000 1.096977 2.571474 2.081097 0.931187
 865.000000 0.795555 2.451801 2.020285 1.165434
 866.000000 1.154455 2.586108 1.934590 1.424852
 867.000000 0.954351 2.528639 2.114721 1.359014
 868.000000 1.149897 2.523952 2.057741 1.064574
 869.000000 1.169982 2.476615 1.930545 1.034730
 870.000000 1.163300 2.519552 1.899879 0.780193
 871.000000 1.030784 2.567839 1.966717 0.952241
 872.000000 1.169495 2.468922 2.207392 1.062469
 873.000000 1.159944 2.471032 2.060297 0.929460
 874.000000 1.044486 2.431308 1.990118 1.026168
 875.000000 1.071730 2.661593 2.141080 1.050310
 876.000000 1.101776 2.423922 2.037479 1.122868
 877.000000 1.087712 2.575097 1.919126 0.825209
 878.000000 1.247419 2.617539 1.980284 1.192578
 879.000000 1.128441 2.582070 2.045614 1.063579
 880.000000 1.055475 2.492584 2.100791 0.865112
 881.000000 1.019569 2.600195 2.191292 0.874726
 882.000000 1.060299 2.647690 2.112200 1.043437
 883.000000 1.025446 2.439370 2.107799 1.010546
 884.000000 1.182654 2.404396 2.092240 1.148656
 885.000000 0.931998 2.526706 1.701917 0.968103
 886.000000 1.069787 2.420924 2.104622 1.049486
 887.000000 1.006204 2.584000 1.896903 0.898977
 888.000000 1.302371 2.318236 2.202927 0.778350
 889.000000 1.255629 2.577215 2.051076 0.937249
 890.000000 1.224423 2.538918 1.975511 0.752960
 891.000000 1.210727 2.475450 2.016536 1.068569
 892.000000 1.138444 2.562505 2.061842 0.904870
 893.000000 1.139480 2.495884 2.027966 0.921973
 894.000000 0.892729 2.604102 2.023667 0.787774
 895.000000 0.760908 2.675890 2.005750 0.804990
 896.000000 1.025558 2.558355 2.083642 0.859175
 897.000000 1.067388 2.317151 2.029696 0.868388
 898.000000 1.014004 2.438755 2.068323 1.066532
 899.000000 0.792187 2.396687 1.910988 0.922068
 900.000000 1.031406 2.499837 2.143282 0.770567
 901.000000 1.116499 2.549207 2.084141 0.827335
 902.000000 1.046912 2.678937 2.165745 0.983567
 903.000000 0.948254 2.478298 2.191813 0.691288
 904.000000 0.971947 2.626969 2.223638 0.900658
 905.000000 1.182312 2.684790 2.169662 0.805620
 906.000000 1.216217 2.560959 2.257957 1.035101
 907.000000 1.034604 2.473875 2.021400 0.921605
 908.000000 1.269037 2.537116 2.198700 1.078823
 909.000000 1.261663 2.637540 1.982213 1.112375
 910.000000 1.170994 2.690629 2.106412 0.955231
 911.000000 1.162246 2.579078 2.150988 0.792753
 912.000000 1.226978 2.497647 2.089615 1.262256
 913.000000 1.022572 2.516902 2.052977 0.884377
 914.000000 0.996887 2.633147 2.027138 0.869001
 915.000000 1.309555 2.655477 2.099730 1.210996
 916.000000 0.921185 2.530127 1.980515 1.034360
 917.000000 0.903048 2.655281 1.983785 1.113300
 918.000000 0.950337 2.603818 2.143656 1.308217
 919.000000 1.331943 2.479124 2.074404 1.225182
 920.000000 1.139085 2.488445 1.963172 1.010305
 921.000000 1.172629 2.558362 2.067674 1.171341
 922.000000 1.180384 2.494109 2.127570 1.019973
 923.000000 1.134416 2.475448 2.140232 1.330670
 924.000000 1.073955 2.650005 2.127861 1.176702
 925.000000 1.100304 2.480241 2.326182 1.366608
 926.000000 0.936949 2.726844 2.106780 1.271953
 927.000000 1.053688 2.639719 2.015068 1.114898
 928.000000 0.867531 2.601461 2.098364 1.103756
 929.000000 0.926695 2.571448 2.128523 0.977056
 930.000000 0.956607 2.683063 2.099288 1.060472
 931.000000 0.896872 2.643481 1.960860 0.876714
 932.000000 1.007142 2.686074 2.175217 1.125210
 933.000000 1.017869 2.633929 2.182754 1.213773
 934.000000 1.087100 2.595444 2.263000 1.351328
 935.000000 1.019771 2.646359 2.211868 1.330470
 936.000000 0.999109 2.696608 2.265800 1.246647
 937.000000 0.929662 2.661590 2.066650 1.160081
 938.000000 0.882741 2.618887 1.965613 1.139252
 939.000000 1.039172 2.679055 2.062640 0.920865
 940.000000 0.957931 2.550161 2.110317 0.892030
 941.000000 1.179942 2.578613 1.890190 1.089907
 942.000000 1.167423 2.676547 2.134367 0.988696
 943.000000 1.121133 2.620904 1.950200 1.206808
 944.000000 1.000756 2.519504 2.018980 1.065298
 945.000000 1.158877 2.717482 1.974292 1.009030
 946.000000 1.293006 2.679377 2.028144 1.267712
 947.000000 1.130162 2.148905 2.007348 1.040085
 948.000000 1.078625 2.589855 2.056080 1.327067
 949.000000 1.209293 2.648828 1.988638 1.084952
 950.000000 1.081355 2.554254 2.119025 1.339900
 951.000000 1.107953 2.544403 1.981318 1.015818
 952.000000 1.144242 2.625276 1.568229 0.950325
 953.000000 1.133847 2.594164 2.076132 1.105060
 954.000000 1.215926 2.499988 1.930629 1.157645
 955.000000 1.003235 2.465019 1.977045 0.996389
 956.000000 1.085417 2.650064 2.132047 0.875035
 957.000000 1.137779 2.588365 2.193635 0.921716
 958.000000 1.182023 2.635747 2.075789 0.830399
 959.000000 1.191803 2.420023 2.189956 0.985773
 960.000000 1.083010 2.548547 2.114074 0.921563
 961.000000 0.998840 2.367501 2.123682 1.227758
 962.000000 1.055528 2.380448 1.954034 1.092030
 963.000000 1.161343 2.606705 2.195471 0.916431
 964.000000 1.137247 2.618280 2.094621 1.108463
 965.000000 1.177188 2.647941 1.962543 0.921741
 966.000000 1.205060 2.646519 1.909686 0.917687
 967.000000 1.066622 2.547422 2.178391 0.921247
 968.000000 1.126338 2.768707 2.090074 1.144541
 969.000000 0.950311 2.578196 1.953772 0.943353
 970.000000 1.108708 2.600587 1.994610 1.270735
 971.000000 1.146527 2.599704 1.858572 1.031565
 972.000000 1.114961 2.742303 1.980468 1.056488
 973.000000 1.030337 2.538607 1.976777 0.962429
 974.000000 0.957456 2.634164 2.147065 0.872576
 975.000000 1.124986 2.525645 2.119597 0.923018
 976.000000 1.029759 2.636770 1.869631 0.966127
 977.000000 1.055956 2.530461 2.181068 1.282063
 978.000000 1.143314 2.507241 2.007877 1.142830
 979.000000 1.053920 2.612773 2.264695 0.994972
 980.000000 1.090383 2.489653 2.045887 0.950423
 981.000000 1.254987 2.553074 2.060188 0.982988
 982.000000 1.094415 2.520295 2.148581 0.839284
 983.000000 1.353150 2.674258 2.011365 0.934771
 984.000000 1.065872 2.648373 1.905717 1.005219
 985.000000 0.892151 2.541507 1.909073 0.819098
 986.000000 1.072822 2.603639 1.884809 0.925792
 987.000000 1.106307 2.518365 2.050059 0.973170
 988.000000 1.049571 2.603631 1.830073 0.974020
 989.000000 1.015106 2.727888 2.147014 0.999732
 990.000000 1.217923 2.704439 2.030957 1.104438
 991.000000 1.105852 2.568611 2.016524 1.080249
 992.000000 0.929152 2.657562 2.220256 1.396325
 993.000000 1.197105 2.671398 2.098915 0.996086
 994.000000 1.140584 2.775109 2.021050 0.902748
 995.000000 1.207654 2.646254 2.028674 1.196070
 996.000000 0.917600 2.642991 2.000855 1.433326
 997.000000 1.135582 2.489720 2.089547 1.587649
 998.000000 1.068764 2.512201 2.065352 1.350598
 999.000000 1.119027 2.680019 2.000396 1.501939
 1000.000000 1.074634 2.656672 2.087508 1.331387
 1001.000000 1.167084 2.609116 1.893218 1.243823
 1002.000000 1.094523 2.567747 1.906048 0.996219
 1003.000000 1.193428 2.602554 1.994409 1.316116
 1004.000000 1.088753 2.626712 2.135092 1.257407
 1005.000000 1.145419 2.700476 2.094302 1.213926
 1006.000000 1.204285 2.520111 2.258452 1.282463
 1007.000000 1.102830 2.659052 2.052598 1.267028
 1008.000000 0.926707 2.643602 2.039764 1.454951
 1009.000000 1.075362 2.728738 1.916069 1.284209
 1010.000000 0.997340 2.622425 2.170693 1.388996
 1011.000000 1.138875 2.764885 1.982370 0.825236
 1012.000000 1.175472 2.650927 2.065797 1.060788
 1013.000000 1.128999 2.728803 1.945371 0.897720
 1014.000000 1.128849 2.743861 1.973832 1.100926
 1015.000000 0.967081 2.732106 2.070338 0.986224
 1016.000000 1.155963 2.599141 2.055165 0.935521
 1017.000000 1.202625 2.660035 2.096634 1.009205
 1018.000000 1.146625 2.592044 2.306911 1.006863
 1019.000000 1.150164 2.608184 2.115690 1.104623
 1020.000000 1.135323 2.672913 2.174946 0.968193
 1021.000000 1.013964 2.680712 1.992026 0.997355
 1022.000000 1.266162 2.572903 2.200612 1.067097
 1023.000000 1.021723 2.655204 2.017463 1.001255
 1024.000000 1.161954 2.522512 1.908512 0.928256
 1025.000000 1.034384 2.599694 2.087144 0.847217
 1026.000000 1.139052 2.723127 2.011839 1.327235
 1027.000000 0.883590 2.583172 2.167535 0.784954
 1028.000000 0.926050 2.564730 1.975247 1.057134
 1029.000000 0.788684 2.581658 2.062300 0.923555
 1030.000000 1.019515 2.632833 1.943877 1.151260
 1031.000000 1.010826 2.521277 1.888430 0.994706
 1032.000000 0.968396 2.613605 2.010093 1.120135
 1033.000000 0.898905 2.600370 2.240390 1.063918
 1034.000000 0.811244 2.509315 2.069510 0.989872
 1035.000000 0.878472 2.637888 2.419971 1.131704
 1036.000000 0.945918 2.634290 2.245801 1.257395
 1037.000000 1.039063 2.590585 2.367815 1.195863
 1038.000000 0.974825 2.608563 2.256249 1.057175
 1039.000000 0.985018 2.605167 2.006542 1.080909
 1040.000000 0.973974 2.592402 2.028554 1.389338
 1041.000000 0.971016 2.676740 1.835176 1.039964
 1042.000000 1.215659 2.627162 2.035179 1.037928
 1043.000000 0.979240 2.530634 1.997222 0.803870
 1044.000000 0.777279 2.651635 1.943653 1.048752
 1045.000000 1.092370 2.544019 2.103482 1.049570
 1046.000000 0.905393 2.544702 1.965803 1.241856
 1047.000000 1.070502 2.487762 1.969039 0.849429
 1048.000000 1.058723 2.555568 1.985970 0.859267
 1049.000000 1.237869 2.581146 1.994324 1.052333
 1050.000000 0.928676 2.762330 1.936873 1.118866
 1051.000000 0.955732 2.585802 2.086032 1.064771
 1052.000000 0.924460 2.563533 1.885280 0.760259
 1053.000000 0.938991 2.662705 2.105483 1.150998
 1054.000000 0.968278 2.497677 2.045904 0.927743
 1055.000000 0.998991 2.574295 2.080773 1.052173
 1056.000000 1.107953 2.555236 1.928199 0.913139
 1057.000000 1.059170 2.657488 1.994720 1.041561
 1058.000000 1.050793 2.665956 1.936240 1.083536
 1059.000000 1.023053 2.588773 2.126244 1.077391
 1060.000000 1.076700 2.584342 2.021311 1.073391
 1061.000000 0.950742 2.681558 2.118955 0.901246
 1062.000000 1.012393 2.530585 1.891816 1.168426
 1063.000000 1.030237 2.631271 1.992960 0.917861
 1064.000000 1.030157 2.554663 2.022731 1.122132
 1065.000000 1.129171 2.522036 1.923358 1.188218
 1066.000000 1.002581 2.577924 2.023412 1.130824
 1067.000000 1.085753 2.698577 1.951851 1.285568
 1068.000000 0.992104 2.458519 2.065141 1.116608
 1069.000000 0.977734 2.652370 2.331265 1.159429
 1070.000000 0.952859 2.674473 2.055064 1.203675
 1071.000000 1.013210 2.568230 2.087659 1.191512
 1072.000000 0.986488 2.618809 2.247789 0.913120
 1073.000000 0.919140 2.546747 2.113560 1.309314
 1074.000000 0.908722 2.624477 2.122116 1.221823
 1075.000000 0.950406 2.679110 2.140274 1.256499
 1076.000000 0.946682 2.494206 2.257125 1.016252
 1077.000000 0.912180 2.491604 2.111961 1.108995
 1078.000000 0.818121 2.578240 2.053809 1.162410
 1079.000000 0.897631 2.521953 1.878989 1.134200
 1080.000000 0.996232 2.474252 1.921537 1.274595
 1081.000000 0.886608 2.597087 2.150647 1.124538
 1082.000000 0.999348 2.501396 2.215530 1.371818
 1083.000000 0.933436 2.592909 2.084220 1.026761
 1084.000000 0.986488 2.655776 2.100476 1.299792
 1085.000000 0.934947 2.558229 2.139718 1.226411
 1086.000000 0.915189 2.608057 1.800055 1.175462
 1087.000000 0.921838 2.633681 2.126421 1.162733
 1088.000000 0.856802 2.609772 2.070443 1.178042
 1089.000000 0.913466 2.544296 2.148623 1.239174
 1090.000000 1.072636 2.617339 2.241771 1.274140
 1091.000000 0.942697 2.629431 1.849278 1.035758
 1092.000000 1.047573 2.692779 2.128383 1.205476
 1093.000000 0.970341 2.650214 2.014208 1.388758
 1094.000000 0.817932 2.610274 1.899366 1.360265
 1095.000000 0.785251 2.527467 2.031233 1.025580
 1096.000000 0.981369 2.527697 2.133961 1.319020
 1097.000000 1.031840 2.510550 2.302353 1.020441
 1098.000000 0.820873 2.693867 2.032206 1.291025
 1099.000000 0.926918 2.682478 2.028738 1.274181
 1100.000000 0.925707 2.644724 2.056422 1.077128
 1101.000000 1.148619 2.574476 2.114262 1.219935
 1102.000000 0.893467 2.631172 2.089273 1.035015
 1103.000000 0.904464 2.565567 2.047276 0.880744
 1104.000000 0.987553 2.813877 1.914726 1.135135
 1105.000000 0.890634 2.618611 1.968948 1.244698
 1106.000000 0.794375 2.687460 2.051664 0.967042
 1107.000000 1.039557 2.625383 2.185818 0.777355
 1108.000000 0.934655 2.546777 2.193483 0.955783
 1109.000000 0.936522 2.569749 2.064275 1.217024
 1110.000000 0.732730 2.528377 2.039994 0.964937
 1111.000000 0.904927 2.585183 2.015242 1.340961
 1112.000000 1.063766 2.531369 1.912302 0.908369
 1113.000000 0.993977 2.650293 2.176701 1.086643
 1114.000000 0.978586 2.362501 2.026512 1.338011
 1115.000000 0.898199 2.589948 2.052460 1.425987
 1116.000000 0.964973 2.437308 2.114303 1.067337
 1117.000000 1.082174 2.467404 2.098869 1.021755
 1118.000000 0.953150 2.539659 2.034496 1.385146
 1119.000000 1.060701 2.626759 2.071063 1.458904
 1120.000000 1.081392 2.492653 1.967366 1.466429
 1121.000000 1.079580 2.640475 2.152699 1.272974
 1122.000000 0.918524 2.742826 2.225079 1.247842
 1123.000000 1.006787 2.662165 2.197801 1.644889
 1124.000000 1.008600 2.595549 2.052317 1.381052
 1125.000000 1.065104 2.560660 1.917791 1.382987
 1126.000000 0.905027 2.412920 2.125337 1.521311
 1127.000000 1.065465 2.535273 2.391154 1.575561
 1128.000000 0.999511 2.579767 2.174174 1.449633
 1129.000000 1.080802 2.571143 2.054500 1.122489
 1130.000000 1.002262 2.569482 2.043091 1.453880
 1131.000000 1.076980 2.556362 2.106798 1.448775
 1132.000000 0.896649 2.598133 2.029780 1.271492
 1133.000000 0.923427 2.566638 2.028169 1.167892
 1134.000000 1.002344 2.491855 2.256629 1.076747
 1135.000000 1.039286 2.482621 2.251971 1.167412
 1136.000000 0.894677 2.700153 2.293485 1.043760
 1137.000000 0.973348 2.529680 2.184313 1.040339
 1138.000000 0.996813 2.616896 1.986380 1.219542
 1139.000000 0.832244 2.472234 2.093563 1.253887
 1140.000000 0.820751 2.641876 2.023317 1.263192
 1141.000000 1.039316 2.585975 2.136713 1.137155
 1142.000000 0.828398 2.516325 2.115179 0.952807
 1143.000000 0.824338 2.676428 2.180266 1.035306
 1144.000000 0.739276 2.614962 2.023529 1.031484
 1145.000000 0.855483 2.548147 2.193171 1.234880
 1146.000000 0.896635 2.628176 1.999033 0.874616
 1147.000000 0.893750 2.557184 2.189788 1.091232
 1148.000000 0.993018 2.640745 2.067418 1.369133
 1149.000000 0.893638 2.648814 2.061705 1.284218
 1150.000000 0.824757 2.707180 1.988756 1.352520
 1151.000000 0.941924 2.737956 1.873970 1.378257
 1152.000000 1.016667 2.575655 1.934325 1.323717
 1153.000000 0.946308 2.644566 2.090757 1.208414
 1154.000000 0.822714 2.691376 1.961107 1.314687
 1155.000000 0.784044 2.737620 1.991599 1.393858
 1156.000000 0.862213 2.679101 2.413777 1.195216
 1157.000000 1.115252 2.718078 1.874458 1.277646
 1158.000000 0.998785 2.699073 1.975216 1.410376
 1159.000000 0.840880 2.612050 2.072040 1.310197
 1160.000000 0.764122 2.723781 2.062996 1.353470
 1161.000000 0.813118 2.722189 1.962630 1.399190
 1162.000000 0.946026 2.574532 2.097301 1.364805
 1163.000000 0.832663 2.615249 1.997568 1.142131
 1164.000000 0.812792 2.671598 2.106993 1.491351
 1165.000000 0.847432 2.564822 2.001772 1.402983
 1166.000000 0.768575 2.367723 1.977081 1.197284
 1167.000000 0.915391 2.381320 1.991378 1.125333
 1168.000000 0.856039 2.525851 2.061851 1.133473
 1169.000000 0.903191 2.714407 1.897790 1.091774
 1170.000000 0.883188 2.481541 2.043547 1.092753
 1171.000000 0.846661 2.616747 2.134071 0.866587
 1172.000000 1.000576 2.651983 2.188759 1.278232
 1173.000000 0.994783 2.751616 1.988020 1.436993
 1174.000000 1.087734 2.601347 1.878130 1.481462
 1175.000000 0.939430 2.654746 2.255531 1.489042
 1176.000000 1.098501 2.558747 2.146908 1.473278
 1177.000000 0.787621 2.560735 2.134895 1.291817
 1178.000000 1.067623 2.717987 2.099000 1.120096
 1179.000000 1.060073 2.682947 1.992634 1.119641
 1180.000000 1.010492 2.558474 2.197167 0.849191
 1181.000000 1.139129 2.607571 1.977554 1.381837
 1182.000000 1.007788 2.499730 2.254182 1.346867
 1183.000000 0.888982 2.574099 2.087889 1.310683
 1184.000000 1.072862 2.581971 2.018115 1.403040
 1185.000000 1.017744 2.591683 2.032074 1.242853
 1186.000000 0.864437 2.637204 2.041807 1.229750
 1187.000000 0.916566 2.609741 2.009258 1.472147
 1188.000000 0.976986 2.591571 1.990209 1.335023
 1189.000000 0.888333 2.698228 2.027115 1.285710
 1190.000000 0.808534 2.595313 2.075507 1.455485
 1191.000000 0.963567 2.470007 2.212814 1.465629
 1192.000000 1.026115 2.597711 2.070248 1.402456
 1193.000000 0.935848 2.649159 1.964127 1.347014
 1194.000000 0.966474 2.811019 1.948458 1.339299
 1195.000000 0.968771 2.780847 2.164558 1.336595
 1196.000000 0.991080 2.692184 2.013226 1.348651
 1197.000000 0.903306 2.610854 2.115445 0.950257
 1198.000000 0.921570 2.476825 2.076835 1.597405
 1199.000000 0.870282 2.598327 2.044161 1.329607
 1200.000000 0.849361 2.693682 2.124809 1.389246
 1201.000000 0.839123 2.658117 1.923192 1.447427
 1202.000000 0.817360 2.470582 1.920940 1.390713
 1203.000000 0.893530 2.628660 2.188339 1.264794
 1204.000000 0.907296 2.505873 2.011800 1.200484
 1205.000000 1.073978 2.704901 2.104667 1.494275
 1206.000000 1.115006 2.653697 2.160593 1.147366
 1207.000000 0.877588 2.529463 2.126892 1.385141
 1208.000000 0.841825 2.700163 2.082870 1.303357
 1209.000000 0.981418 2.598492 2.119194 1.455936
 1210.000000 0.855790 2.797102 2.216614 1.363443
 1211.000000 0.883477 2.757982 2.107987 1.298928
 1212.000000 1.053256 2.409930 2.037443 1.456542
 1213.000000 0.920736 2.719724 2.214455 1.449924
 1214.000000 0.829770 2.636637 1.996830 1.559707
 1215.000000 0.929913 2.525755 1.977729 1.433563
 1216.000000 0.889281 2.491099 2.171237 1.373737
 1217.000000 0.967590 2.736965 2.139199 0.979733
 1218.000000 0.931252 2.525024 1.969294 1.475849
 1219.000000 0.912329 2.677650 1.950204 1.475222
 1220.000000 0.988793 2.655748 1.922326 1.474077
 1221.000000 0.942188 2.551071 1.927197 1.382426
 1222.000000 0.957830 2.554212 1.922823 1.337365
 1223.000000 0.925659 2.515433 1.949119 1.423493
 1224.000000 0.819005 2.570388 1.963135 1.380953
 1225.000000 0.996637 2.529319 2.125089 1.393184
 1226.000000 1.003298 2.537754 2.129808 0.923545
 1227.000000 1.001107 2.598389 2.159259 1.203563
 1228.000000 0.903728 2.511691 2.134410 1.306193
 1229.000000 0.986894 2.537316 1.995616 1.481467
 1230.000000 0.943379 2.530730 2.226193 1.404628
 1231.000000 0.869561 2.467027 2.312940 1.297403
 1232.000000 0.883245 2.383130 2.076242 1.207442
 1233.000000 0.934294 2.507648 2.311268 1.200926
 1234.000000 0.975719 2.599547 2.093300 1.396013
 1235.000000 0.927038 2.617413 2.173212 1.476722
 1236.000000 1.002829 2.563174 2.137328 1.371668
 1237.000000 0.895880 2.643513 1.913092 1.389868
 1238.000000 0.855915 2.465131 2.024173 1.518040
 1239.000000 0.777237 2.556169 2.285526 1.545531
 1240.000000 0.783783 2.551898 1.935742 1.508307
 1241.000000 0.685865 2.623723 2.089215 1.528333
 1242.000000 0.714228 2.628277 1.996589 1.450304
 1243.000000 0.617260 2.508415 1.974190 1.466862
 1244.000000 0.929703 2.365912 2.204381 0.751164
 1245.000000 0.758972 2.439173 2.296049 1.306668
 1246.000000 0.693305 2.553979 2.246724 1.159005
 1247.000000 0.748106 2.648617 1.942856 0.931440
 1248.000000 0.733045 2.502976 2.187948 0.919786
 1249.000000 0.663468 2.716138 2.191221 1.164292
 1250.000000 0.743007 2.592465 2.019361 1.261412
 1251.000000 0.961602 2.615370 2.161817 1.160974
 1252.000000 1.017634 2.604786 2.142707 1.051427
 1253.000000 0.968179 2.672610 2.202988 1.226519
 1254.000000 0.819558 2.622490 2.028344 1.288829
 1255.000000 1.162418 2.596744 2.248651 1.210989
 1256.000000 0.769675 2.626337 2.223165 1.024394
 1257.000000 1.195654 2.564698 2.219411 1.294788
 1258.000000 0.916151 2.697927 2.067258 1.183547
 1259.000000 0.880753 2.690481 2.213329 1.262265
 1260.000000 1.018313 2.587503 2.221687 1.234350
 1261.000000 0.755879 2.518221 2.134105 1.268274
 1262.000000 0.710682 2.556345 2.041035 0.975489
 1263.000000 0.941595 2.597911 1.867908 0.833362
 1264.000000 0.849295 2.760814 2.265304 0.909182
 1265.000000 0.889888 2.645614 2.046241 0.768570
 1266.000000 0.899274 2.757227 2.020695 0.807817
 1267.000000 0.950916 2.565450 2.161939 0.898222
 1268.000000 0.791373 2.656246 2.180390 0.946471
 1269.000000 0.780363 2.661415 2.292060 0.893263
 1270.000000 0.783796 2.657764 2.167695 0.874591
 1271.000000 0.919717 2.808374 1.977196 1.024822
 1272.000000 0.886078 2.653493 2.285227 0.939943
 1273.000000 1.217604 2.676889 2.062407 1.246043
 1274.000000 1.102831 2.670227 2.090994 1.049835
 1275.000000 0.881872 2.714657 2.173528 1.219243
 1276.000000 0.913099 2.761829 2.147079 0.915057
 1277.000000 0.800227 2.752745 2.129605 1.095375
 1278.000000 1.074718 2.850159 2.034795 1.208657
 1279.000000 0.823719 2.842429 1.958669 1.173239
 1280.000000 0.944027 2.720860 2.044291 1.271703
 1281.000000 0.892545 2.520123 2.136735 1.076610
 1282.000000 0.949190 2.811460 1.893667 1.228956
 1283.000000 1.033279 2.567033 2.069309 1.254748
 1284.000000 0.966698 2.773873 2.239805 0.994591
 1285.000000 0.980953 2.807187 2.128530 1.117893
 1286.000000 0.879682 2.698668 1.997441 0.957084
 1287.000000 1.035357 2.639471 2.026166 1.119450
 1288.000000 1.070377 2.751801 1.959559 1.160857
 1289.000000 1.002887 2.619477 1.787699 1.283698
 1290.000000 0.914796 2.657204 2.201479 1.391937
 1291.000000 0.750339 2.717087 2.121413 1.020412
 1292.000000 0.982568 2.810641 2.256807 1.365653
 1293.000000 0.866143 2.791658 2.244231 0.958809
 1294.000000 0.883524 2.756926 2.080348 0.982960
 1295.000000 0.861721 2.636411 2.172611 1.126989
 1296.000000 0.890623 2.639599 2.097261 1.029096
 1297.000000 0.897932 2.612302 2.007018 1.379243
 1298.000000 0.947876 2.640502 2.199716 1.233195
 1299.000000 0.932414 2.755090 1.966282 1.101714
 1300.000000 0.916830 2.678150 2.006635 0.925021
 1301.000000 0.791881 2.702981 1.943398 1.078986
 1302.000000 0.856472 2.841280 2.140037 1.072777
 1303.000000 0.931177 2.692908 2.160685 1.057296
 1304.000000 1.024061 2.716503 1.879327 1.010768
 1305.000000 0.878866 2.705682 1.992269 1.044457
 1306.000000 0.967115 2.681964 1.887576 1.049222
 1307.000000 0.940239 2.689486 1.884257 1.178291
 1308.000000 0.873477 2.738114 2.021595 1.253183
 1309.000000 0.940510 2.818293 2.054212 1.008763
 1310.000000 0.875218 2.746705 2.036027 1.194348
 1311.000000 0.966836 2.704159 2.214015 0.964407
 1312.000000 1.039976 2.598662 2.094657 1.077364
 1313.000000 0.968363 2.661902 2.185483 1.225249
 1314.000000 0.934307 2.618816 2.096835 1.329279
 1315.000000 0.764789 2.646709 1.983473 1.287378
 1316.000000 0.838922 2.648531 1.871140 1.072650
 1317.000000 0.798695 2.621805 2.070627 1.033563
 1318.000000 0.872838 2.619145 2.090320 1.219126
 1319.000000 0.861318 2.763529 2.232623 1.037128
 1320.000000 0.839985 2.698929 2.146515 1.205245
 1321.000000 0.915779 2.700949 2.210024 1.127392
 1322.000000 0.917501 2.696521 2.065624 1.415280
 1323.000000 0.952300 2.684193 2.032354 1.299250
 1324.000000 0.938798 2.692672 2.006719 1.393681
 1325.000000 1.012374 2.693788 2.050853 1.407809
 1326.000000 0.898064 2.724300 2.160841 1.302418
 1327.000000 0.968810 2.628811 1.921454 0.947559
 1328.000000 0.844740 2.748266 1.861965 1.174667
 1329.000000 1.026865 2.707753 1.990053 1.267553
 1330.000000 1.042026 2.755131 1.880558 1.506256
 1331.000000 0.904340 2.633076 2.158383 1.352980
 1332.000000 0.931253 2.699373 2.018541 1.151761
 1333.000000 0.867152 2.711839 1.873200 1.044936
 1334.000000 0.952735 2.831221 2.040517 1.000083
 1335.000000 0.933823 2.744641 2.132034 1.183023
 1336.000000 1.029172 2.660757 1.930734 1.227737
 1337.000000 1.064133 2.528575 2.007053 1.017251
 1338.000000 1.012538 2.666262 2.028354 1.132950
 1339.000000 0.890126 2.661667 2.037693 1.169660
 1340.000000 0.938879 2.698318 2.097227 1.097417
 1341.000000 0.983725 2.524120 2.161431 0.957956
 1342.000000 0.989714 2.717482 1.945191 1.115564
 1343.000000 0.902833 2.733727 2.160437 1.143254
 1344.000000 0.765901 2.732711 1.946255 1.220190
 1345.000000 0.948698 2.788007 2.181143 0.823052
 1346.000000 0.985728 2.609177 2.013763 1.078707
 1347.000000 0.919089 2.789483 1.983420 1.018988
 1348.000000 1.142981 2.599422 1.993166 1.594383
 1349.000000 0.916417 2.644044 2.097568 1.168142
 1350.000000 0.922604 2.732926 1.934137 0.785123
 1351.000000 0.868967 2.618254 1.962670 1.427500
 1352.000000 0.907569 2.716209 1.945291 1.314861
 1353.000000 1.006058 2.700174 1.937355 1.152900
 1354.000000 1.146809 2.716769 2.005847 1.128276
 1355.000000 1.005032 2.677240 1.976776 1.000245
 1356.000000 0.954894 2.595272 2.146264 1.222080
 1357.000000 1.141244 2.650487 2.114884 1.306399
 1358.000000 1.042648 2.796294 2.057283 0.916364
 1359.000000 1.084457 2.740975 2.375269 0.882589
 1360.000000 0.827648 2.688222 2.016152 1.068808
 1361.000000 0.945487 2.604034 2.069209 0.930369
 1362.000000 1.182522 2.631244 2.026646 1.219517
 1363.000000 0.969922 2.804272 1.946773 0.967966
 1364.000000 0.925424 2.565182 1.906468 1.205866
 1365.000000 0.831298 2.670819 2.217270 1.573713
 1366.000000 1.008177 2.845534 2.062530 1.019347
 1367.000000 0.955792 2.844175 2.058922 0.887898
 1368.000000 0.910009 2.780701 2.082430 1.181607
 1369.000000 0.862883 2.745979 2.017091 1.097675
 1370.000000 0.884757 2.764795 1.852634 0.926962
 1371.000000 0.947595 2.823636 1.909338 1.245282
 1372.000000 0.891694 2.887378 2.058823 0.823992
 1373.000000 0.871274 2.821817 2.009262 1.200255
 1374.000000 1.024960 2.837432 2.062715 0.810304
 1375.000000 0.978916 2.739832 2.125001 1.050093
 1376.000000 1.083812 2.674104 2.009527 0.734181
 1377.000000 1.028070 2.768027 1.993812 0.833266
 1378.000000 0.993153 2.980887 1.883051 0.606015
 1379.000000 0.932630 2.697303 1.999714 0.738895
 1380.000000 1.021283 2.684133 2.203618 0.836478
 1381.000000 1.051355 2.969448 1.781248 0.846575
 1382.000000 1.043371 2.759377 1.968436 0.832878
 1383.000000 0.951055 2.673334 1.992729 0.846687
 1384.000000 1.127812 2.808619 2.101162 0.883676
 1385.000000 1.200800 2.856102 2.175406 0.891258
 1386.000000 1.022878 2.678438 1.994101 0.957849
 1387.000000 1.574907 2.813745 2.108981 1.092365
 1388.000000 1.168969 2.896239 2.105060 0.921074
 1389.000000 1.255781 2.945322 1.982201 0.835479
 1390.000000 1.234183 2.765806 2.102231 0.873296
 1391.000000 1.010660 2.668339 2.057465 0.965453
 1392.000000 1.331899 2.680183 1.963228 1.083275
 1393.000000 1.076662 2.849352 1.953161 0.757159
 1394.000000 1.071521 2.764627 1.982207 0.733024
 1395.000000 1.067165 2.785806 1.914770 0.667579
 1396.000000 1.385872 2.882967 2.003142 2.059234
 1397.000000 1.455688 2.587074 1.978010 2.143777
 1398.000000 1.411356 2.794918 2.054556 1.878410
 1399.000000 1.606365 2.722132 2.021260 2.212479
 1400.000000 1.380237 2.771641 2.093933 2.009462
 1401.000000 1.392075 2.881789 2.272211 2.132678
 1402.000000 1.600517 2.686755 2.026100 2.382466
 1403.000000 1.581580 2.737349 2.065350 2.197043
 1404.000000 1.073936 2.617350 2.079929 2.202492
 1405.000000 1.094084 2.806818 2.221402 2.023037
 1406.000000 1.090016 2.712214 2.277809 2.017644
 1407.000000 1.149866 2.670200 2.057162 2.184823
 1408.000000 1.222300 2.489793 2.062984 2.322300
 1409.000000 1.071482 2.597599 2.052648 2.052455
 1410.000000 1.235831 2.550950 2.155720 2.212176
 1411.000000 1.097345 2.462145 2.041715 2.158863
 1412.000000 1.193500 2.644141 1.991496 2.102911
 1413.000000 1.162275 2.543454 2.247076 2.025982
 1414.000000 1.115167 2.726826 2.030770 2.185464
 1415.000000 1.263605 2.565284 2.056335 1.966955
 1416.000000 0.901168 2.656890 2.037001 2.042085
 1417.000000 0.994743 2.476721 2.098564 2.231015
 1418.000000 1.010394 2.446178 2.121840 2.320229
 1419.000000 1.209337 2.611320 2.170445 2.119832
 1420.000000 1.014469 2.746963 2.059340 2.146628
 1421.000000 1.389664 2.644253 1.988582 2.245299
 1422.000000 1.010626 2.549475 2.172784 2.254032
 1423.000000 1.086248 2.600374 2.030773 2.052044
 1424.000000 1.213283 2.496840 2.051674 2.107581
 1425.000000 1.082912 2.504133 2.204875 2.195114
 1426.000000 1.100674 2.623373 2.175382 2.204192
 1427.000000 1.059867 2.602875 2.002450 2.318671
 1428.000000 1.129847 2.508969 2.170769 2.064307
 1429.000000 1.030633 2.660237 2.147655 2.100780
 1430.000000 1.018173 2.521810 2.153241 2.145084
 1431.000000 1.068279 2.374185 1.959936 2.158903
 1432.000000 0.920457 2.552453 2.085494 2.261708
 1433.000000 1.124557 2.572289 2.061334 2.106855
 1434.000000 1.078881 2.690842 2.027966 2.070368
 1435.000000 1.137611 2.638389 2.118611 2.198745
 1436.000000 0.996919 2.615914 2.176533 2.133793
 1437.000000 1.128764 2.525548 1.934607 2.115587
 1438.000000 1.084560 2.597559 2.135642 2.226097
 1439.000000 0.884914 2.602937 2.033384 2.194839
 1440.000000 1.187499 2.505477 2.157742 2.021731
 1441.000000 1.090402 2.606734 2.070447 2.185138
 1442.000000 1.090839 2.571516 1.980415 2.319023
 1443.000000 1.124199 2.476018 1.933273 1.998512
 1444.000000 1.108116 2.431279 2.003328 2.043697
 1445.000000 1.132563 2.448621 1.913145 2.111905
 1446.000000 1.125810 2.503116 2.166028 2.186418
 1447.000000 1.145622 2.505033 1.963652 1.955310
 1448.000000 1.139002 2.455194 1.789394 2.154814
 1449.000000 0.923568 2.421215 2.007005 2.073219
 1450.000000 1.000935 2.513520 2.074833 2.354451
 1451.000000 1.146642 2.404938 1.968821 2.197556
 1452.000000 1.251199 2.491958 2.019701 2.143737
 1453.000000 1.098534 2.600117 2.038943 2.219211
 1454.000000 0.977002 2.487984 2.150981 2.239855
 1455.000000 1.142569 2.573008 2.166612 2.233686
 1456.000000 1.300662 2.541457 1.896601 2.158789
 1457.000000 1.201543 2.465895 2.047706 2.276094
 1458.000000 0.888264 2.599347 2.032526 2.270477
 1459.000000 1.177658 2.517020 2.018001 1.737241
 1460.000000 1.015567 2.578538 2.044600 2.257332
 1461.000000 1.122115 2.432307 2.094873 2.164363
 1462.000000 1.255261 2.683510 1.984646 2.299072
 1463.000000 1.143618 2.562260 2.094293 2.160137
 1464.000000 1.096246 2.422015 2.240628 2.231280
 1465.000000 0.817022 2.551137 2.010352 2.302752
 1466.000000 1.049057 2.480228 1.870447 2.062159
 1467.000000 1.277090 2.509953 2.134186 2.333674
 1468.000000 1.197965 2.602850 1.997073 2.155023
 1469.000000 1.345975 2.572377 1.918025 2.203193
 1470.000000 1.329469 2.590369 1.855617 2.191640
 1471.000000 1.081938 2.731388 2.034430 2.245426
 1472.000000 1.141799 2.431542 1.992743 2.041782
 1473.000000 1.185256 2.462873 2.014770 2.176540
 1474.000000 1.335776 2.589569 1.951672 2.145880
 1475.000000 1.190958 2.415251 1.949077 2.173003
 1476.000000 1.270973 2.407971 2.097015 2.293501
 1477.000000 1.118450 2.519683 2.012565 2.235805
 1478.000000 1.317936 2.363031 2.014130 2.228127
 1479.000000 1.040322 2.439636 2.125644 2.142605
 1480.000000 1.129171 2.534086 2.018679 2.161711
 1481.000000 1.075480 2.606702 2.030383 2.186817
 1482.000000 1.130598 2.530465 1.803026 2.288184
 1483.000000 1.028929 2.482780 1.898664 1.974282
 1484.000000 1.116693 2.389747 1.922648 2.055135
 1485.000000 0.999350 2.437836 2.131854 2.162498
 1486.000000 1.017599 2.512529 1.979982 2.104309
 1487.000000 1.061180 2.612653 2.197193 2.179022
 1488.000000 1.094886 2.567833 2.132545 2.222219
 1489.000000 1.032243 2.475810 1.997406 2.233322
 1490.000000 1.128255 2.514748 2.022206 2.448479
 1491.000000 1.067410 2.439854 2.126173 2.216849
 1492.000000 1.032019 2.520565 2.072943 2.150046
 1493.000000 1.014774 2.422963 1.997186 2.014054
 1494.000000 0.950874 2.502699 2.061773 2.262302
 1495.000000 1.061823 2.407573 2.045136 2.181610
 1496.000000 1.221938 2.488013 2.151417 2.119378
 1497.000000 1.062416 2.462138 2.002156 2.022829
 1498.000000 1.038395 2.580344 2.056821 2.138297
 1499.000000 1.178325 2.574395 2.258883 2.126200
 1500.000000 1.056755 2.643565 1.891727 2.024158
