101.51000213623047
101.69999694824219
101.16000366210938
99.94000244140625
100.52000427246094
103.58000946044922
102.51000213623047
102.72000122070313
104.29000854492188
102.66999816894531
102.50000762939453
104.85000610351563
105.02999877929688
103.94000244140625
103.56001281738281
105.47000885009766
104.68000793457031
104.61000061035156
103.8600082397461
103.02000427246094
104.01000213623047
103.20999908447266
103.1300048828125
100.40000915527344
102.87001037597656
101.44000244140625
102.75000762939453
102.46000671386719
101.21000671386719
103.5300064086914
101.54000091552734
102.76000213623047
102.49000549316406
106.39000701904297
105.16999816894531
102.87001037597656
104.40000915527344
104.43000793457031
104.62001037597656
103.75000762939453
103.26000213623047
101.92000579833984
101.05000305175781
102.72000122070313
99.38999938964844
99.70000457763672
99.05999755859375
100.5300064086914
103.08000183105469
103.74000549316406
102.6300048828125
105.56000518798828
104.34001159667969
101.7300033569336
100.70999908447266
100.58000183105469
104.07000732421875
104.30000305175781
101.62001037597656
103.39000701904297
102.29000091552734
103.23001098632813
103.81000518798828
105.47000885009766
105.33000946044922
104.29000854492188
101.67000579833984
105.29000091552734
103.60000610351563
103.94000244140625
100.40000915527344
101.29000854492188
104.04000091552734
104.8800048828125
104.9800033569336
104.84000396728516
107.94999694824219
107.02999877929688
102.57000732421875
101.94000244140625
103.81000518798828
103.25000762939453
104.57000732421875
104.79000091552734
106.30000305175781
105.14000701904297
105.12000274658203
102.90000915527344
104.08000946044922
106.07000732421875
105.59001159667969
103.54000091552734
103.81000518798828
101.55999755859375
102.07000732421875
102.07000732421875
100.49000549316406
101.79000854492188
104.10000610351563
100.27000427246094
100.67000579833984
103.42001342773438
102.6100082397461
103.08000183105469
102.02999877929688
102.09000396728516
105.77999877929688
107.12001037597656
105.01000213623047
104.260009765625
106.02000427246094
105.68000793457031
104.57000732421875
105.18000793457031
105.67000579833984
103.60000610351563
103.70001220703125
105.4800033569336
108.12000274658203
107.24000549316406
108.15000915527344
106.62001037597656
106.29000854492188
107.00000762939453
107.46000671386719
107.1300048828125
104.57000732421875
105.08000183105469
106.39000701904297
106.69999694824219
106.95999908447266
106.13999938964844
105.02000427246094
107.25
106.16000366210938
105.79000854492188
106.64000701904297
108.31000518798828
104.74000549316406
106.1300048828125
106.64000701904297
107.38999938964844
107.45001220703125
105.8800048828125
105.25000762939453
104.3600082397461
105.14000701904297
107.6300048828125
106.04000091552734
106.57000732421875
106.18000030517578
105.63999938964844
104.44000244140625
104.38999938964844
103.37001037597656
104.50000762939453
103.68000030517578
104.19000244140625
105.96000671386719
102.27000427246094
103.83000183105469
103.20000457763672
101.47000122070313
101.8800048828125
101.19000244140625
99.71000671386719
100.12000274658203
100.60000610351563
98.96000671386719
99.92000579833984
100.16999816894531
100.6300048828125
100.16000366210938
96.98001098632813
98.47000122070313
99.68000793457031
100.6300048828125
101.13999938964844
100.86000061035156
100.39000701904297
102.36000061035156
101.17000579833984
100.5
101.47000122070313
103.68000030517578
100.6600112915039
101.3600082397461
102.92000579833984
100.82000732421875
101.02000427246094
102.19001007080078
100.80001068115234
101.54000091552734
102.44000244140625
101.3800048828125
102.00000762939453
101.9100112915039
102.7800064086914
102.55000305175781
101.1300048828125
101.58000946044922
104.38999938964844
103.77000427246094
103.83000183105469
102.32000732421875
102.89000701904297
102.2300033569336
102.70000457763672
102.11000061035156
102.30000305175781
102.00000762939453
102.05001068115234
102.92000579833984
103.13999938964844
101.760009765625
102.02000427246094
101.27999877929688
100.42000579833984
101.22000885009766
101.81999969482422
102.47000885009766
103.34000396728516
102.4800033569336
102.20000457763672
103.10000610351563
101.35000610351563
102.0999984741211
101.6300048828125
102.27000427246094
101.55999755859375
101.4000015258789
102.43000030517578
102.76000213623047
100.80001068115234
99.1300048828125
99.59000396728516
101.98001098632813
101.04000091552734
101.8800048828125
100.43000030517578
102.2300033569336
102.86000061035156
103.04000854492188
100.89000701904297
101.04000091552734
100.39000701904297
100.44999694824219
100.89000701904297
102.11000061035156
99.82000732421875
99.57000732421875
101.26000213623047
101.90000915527344
100.44000244140625
101.52000427246094
103.1100082397461
101.760009765625
99.33000183105469
101.05000305175781
99.45999908447266
99.68000793457031
98.96000671386719
99.6300048828125
98.46000671386719
99.27000427246094
100.09001159667969
102.69000244140625
103.42001342773438
102.11000061035156
100.77999877929688
101.44000244140625
100.19000244140625
100.49000549316406
99.92000579833984
99.35000610351563
100.93000793457031
102.27000427246094
100.12000274658203
99.19999694824219
100.14000701904297
99.75
100.1100082397461
98.4000015258789
98.12000274658203
98.67000579833984
100.46000671386719
99.75
99.19000244140625
100.08000183105469
97.64000701904297
98.34000396728516
99.15000915527344
96.65000915527344
98.98001098632813
100.16000366210938
101.010009765625
100.16000366210938
101.71000671386719
101.69999694824219
101.99000549316406
100.60000610351563
100.47000885009766
101.6300048828125
100.83000183105469
99.74000549316406
100.89000701904297
98.89000701904297
99.0300064086914
99.68000793457031
97.86000061035156
98.6300048828125
99.85000610351563
97.71000671386719
99.45000457763672
99.260009765625
100.1500015258789
97.25
101.55000305175781
99.44000244140625
101.49000549316406
102.14000701904297
102.80999755859375
103.70001220703125
101.21000671386719
99.2800064086914
101.8600082397461
100.87001037597656
99.17000579833984
100.47000885009766
100.14000701904297
99.17000579833984
98.34000396728516
100.18000793457031
99.66999816894531
100.24000549316406
99.52999877929688
99.01000213623047
98.08000183105469
98.17000579833984
99.48001098632813
100.58999633789063
99.04000091552734
100.52000427246094
100.97000122070313
101.0
99.7800064086914
99.01000213623047
99.59000396728516
99.85000610351563
99.24000549316406
100.91999816894531
100.43000030517578
101.18000030517578
100.06000518798828
99.04000091552734
100.4800033569336
100.67000579833984
99.79000091552734
99.91000366210938
99.25
100.1500015258789
99.93000030517578
102.25
101.48001098632813
100.46000671386719
100.9800033569336
103.23001098632813
102.71000671386719
102.09000396728516
101.52000427246094
101.83000183105469
102.30000305175781
103.19000244140625
101.87000274658203
101.43000793457031
103.31000518798828
103.22000122070313
103.76000213623047
102.58000183105469
103.20999908447266
104.30000305175781
102.25
103.23001098632813
103.23001098632813
102.52000427246094
102.66999816894531
101.74000549316406
99.3600082397461
100.07000732421875
101.71000671386719
98.9000015258789
98.510009765625
100.40000915527344
99.27000427246094
101.21000671386719
102.07000732421875
101.9100112915039
101.02000427246094
99.52000427246094
101.08000946044922
101.48001098632813
100.96000671386719
102.52999877929688
101.26000213623047
101.48001098632813
99.81001281738281
99.52999877929688
99.00000762939453
100.06000518798828
99.05000305175781
98.77000427246094
100.76000213623047
100.33000946044922
101.20001220703125
101.75
101.08000946044922
100.510009765625
101.10000610351563
99.29000854492188
98.84001159667969
101.31000518798828
100.34000396728516
98.93000793457031
101.41999816894531
101.29000854492188
98.0
100.70000457763672
98.1100082397461
99.44000244140625
99.42000579833984
98.23001098632813
96.10000610351563
97.94999694824219
97.87001037597656
97.35000610351563
96.16000366210938
97.79000091552734
96.13999938964844
95.70999908447266
97.14000701904297
99.33999633789063
99.42000579833984
97.6500015258789
98.1300048828125
96.83999633789063
96.64000701904297
98.55000305175781
98.72000885009766
97.80000305175781
95.20000457763672
96.10000610351563
98.7300033569336
96.09000396728516
95.72000122070313
96.74000549316406
96.46000671386719
99.05999755859375
100.6600112915039
99.22000885009766
101.54000091552734
100.10000610351563
100.52000427246094
100.19000244140625
99.760009765625
100.0
97.91000366210938
98.66000366210938
98.41000366210938
99.57000732421875
97.64000701904297
97.56000518798828
97.9800033569336
97.52999877929688
97.76000213623047
98.4800033569336
98.33000183105469
98.96000671386719
98.37001037597656
98.68000030517578
99.19000244140625
101.16000366210938
99.12001037597656
100.73001098632813
101.59000396728516
100.24000549316406
100.16999816894531
101.16000366210938
100.04000854492188
99.5999984741211
99.33000183105469
97.43000030517578
96.8800048828125
98.61000061035156
99.18000030517578
98.20000457763672
98.8600082397461
97.79000091552734
98.20999908447266
98.70001220703125
99.3800048828125
98.70001220703125
99.31999969482422
98.79000854492188
102.00000762939453
100.55000305175781
99.6500015258789
100.77000427246094
100.36000061035156
98.06000518798828
99.4100112915039
100.46000671386719
99.30000305175781
98.19000244140625
98.82000732421875
98.8600082397461
97.68000793457031
96.59000396728516
99.05999755859375
97.2800064086914
98.93000793457031
98.79000854492188
99.4100112915039
99.52999877929688
98.12000274658203
100.65000915527344
97.6500015258789
97.59001159667969
98.83000183105469
98.63999938964844
98.4800033569336
100.02000427246094
99.29000854492188
97.99000549316406
98.76000213623047
99.2800064086914
99.30000305175781
100.510009765625
98.47000122070313
99.04000091552734
100.68000793457031
98.10000610351563
100.77999877929688
100.04000854492188
100.54000854492188
98.81000518798828
98.81000518798828
100.95000457763672
101.67000579833984
99.82000732421875
100.07000732421875
98.95000457763672
99.260009765625
97.87001037597656
96.32000732421875
98.27999877929688
98.85000610351563
99.02000427246094
99.51000213623047
98.5300064086914
98.52000427246094
99.11000061035156
97.42000579833984
97.25
97.52999877929688
98.17000579833984
101.27000427246094
98.96000671386719
98.8600082397461
99.7800064086914
102.24000549316406
99.15000915527344
101.72000885009766
98.47000122070313
100.70000457763672
100.76000213623047
99.64000701904297
100.93000793457031
99.77000427246094
99.2800064086914
101.69000244140625
98.71000671386719
100.18000793457031
99.2300033569336
99.85000610351563
97.43000030517578
99.08000946044922
99.95001220703125
100.32000732421875
100.10000610351563
98.83000183105469
100.1300048828125
100.16999816894531
100.73001098632813
101.81999969482422
101.16000366210938
102.36000061035156
100.47000885009766
102.96000671386719
102.14000701904297
101.81000518798828
100.5
99.96000671386719
100.58000183105469
100.65000915527344
101.55000305175781
103.34000396728516
105.06000518798828
104.66000366210938
102.4800033569336
103.82000732421875
103.26000213623047
101.37000274658203
103.36000061035156
104.96000671386719
104.16000366210938
101.24000549316406
102.52999877929688
103.7300033569336
101.61000061035156
103.3800048828125
101.68000030517578
100.97000122070313
102.52999877929688
101.15000915527344
102.07000732421875
102.08000183105469
99.9800033569336
101.48001098632813
101.67000579833984
101.90000915527344
102.73001098632813
105.39000701904297
103.5
103.010009765625
102.90000915527344
103.67000579833984
103.06000518798828
100.6100082397461
100.1100082397461
101.97000122070313
101.75
99.51000213623047
101.3800048828125
103.1600112915039
99.88999938964844
100.37001037597656
100.65000915527344
103.0
102.57000732421875
99.91000366210938
100.30999755859375
99.66999816894531
101.7800064086914
100.42000579833984
101.60000610351563
100.67000579833984
101.11000061035156
101.0
102.08000183105469
100.08000183105469
100.97000122070313
101.97000122070313
99.16000366210938
100.23001098632813
98.55000305175781
100.26000213623047
99.7800064086914
98.41000366210938
97.80000305175781
97.86000061035156
98.54000091552734
96.54000091552734
97.84000396728516
96.45000457763672
98.10000610351563
97.16000366210938
95.77000427246094
96.07000732421875
96.85000610351563
97.77000427246094
101.46000671386719
98.69000244140625
100.40000915527344
98.49000549316406
98.31000518798828
99.38999938964844
99.83000946044922
98.47000122070313
97.37000274658203
99.51000213623047
100.1300048828125
101.97000122070313
101.2300033569336
101.8600082397461
101.11000061035156
101.55000305175781
99.45000457763672
99.90000915527344
101.50000762939453
102.60000610351563
103.22000122070313
104.34001159667969
105.49000549316406
104.3600082397461
104.33000183105469
104.99000549316406
105.14000701904297
103.8800048828125
104.25
103.66000366210938
103.99000549316406
103.08000183105469
100.79000854492188
99.45999908447266
101.32000732421875
101.05000305175781
99.55001068115234
100.5300064086914
101.26000213623047
99.9800033569336
99.47000122070313
99.11000061035156
102.19001007080078
99.260009765625
98.94000244140625
99.82000732421875
98.58000946044922
100.63999938964844
101.010009765625
100.86000061035156
100.02000427246094
99.43000793457031
101.72000885009766
101.9100112915039
100.23001098632813
100.29000091552734
100.70999908447266
100.91000366210938
101.54000091552734
101.90000915527344
102.09000396728516
103.24000549316406
104.2800064086914
103.59000396728516
103.94000244140625
101.27999877929688
102.94000244140625
101.37000274658203
101.83000183105469
101.30000305175781
102.2300033569336
102.20000457763672
102.22000122070313
101.31000518798828
99.33999633789063
100.56999969482422
101.61000061035156
102.66999816894531
101.46000671386719
105.04000854492188
103.67000579833984
102.1300048828125
99.86000061035156
101.43000793457031
99.61000061035156
102.1300048828125
102.99000549316406
103.75000762939453
101.83999633789063
102.21000671386719
103.54000091552734
102.14000701904297
102.40000915527344
102.83000946044922
101.18000030517578
103.20999908447266
105.25000762939453
104.30000305175781
106.22000885009766
105.70000457763672
103.94000244140625
104.29000854492188
104.52000427246094
101.48001098632813
104.40000915527344
103.37001037597656
102.38999938964844
102.19001007080078
101.92000579833984
102.02000427246094
103.45000457763672
103.4000015258789
102.92000579833984
100.97000122070313
101.57000732421875
101.83000183105469
102.18000793457031
101.16000366210938
101.95999908447266
100.4800033569336
102.77000427246094
101.31000518798828
101.02000427246094
101.62001037597656
99.10000610351563
101.55000305175781
101.31000518798828
99.91000366210938
100.67000579833984
100.63999938964844
102.75000762939453
101.0
100.9800033569336
99.45000457763672
100.16000366210938
102.16000366210938
103.4800033569336
103.79000854492188
103.1600112915039
101.93000793457031
104.6300048828125
104.66000366210938
104.02000427246094
104.97000885009766
105.21000671386719
103.9000015258789
103.71000671386719
103.06000518798828
102.7800064086914
103.05000305175781
101.010009765625
101.35000610351563
102.04000854492188
100.22000122070313
101.99000549316406
98.57000732421875
98.71000671386719
101.6300048828125
104.55001068115234
102.49000549316406
102.21000671386719
99.66999816894531
99.85000610351563
100.3800048828125
99.17000579833984
99.09000396728516
102.49000549316406
102.20000457763672
101.3800048828125
102.32000732421875
101.20001220703125
102.72000122070313
104.91000366210938
102.72000122070313
102.93000030517578
103.65000915527344
103.7300033569336
101.71000671386719
102.19001007080078
101.2300033569336
102.16000366210938
101.72000885009766
102.77000427246094
102.01000213623047
102.41000366210938
102.54000854492188
102.60000610351563
101.34001159667969
101.54000091552734
103.63999938964844
104.15000915527344
103.80000305175781
102.66000366210938
104.7300033569336
103.510009765625
104.91000366210938
103.89000701904297
104.31000518798828
105.8800048828125
105.12000274658203
104.40000915527344
103.1100082397461
104.04000091552734
102.44000244140625
103.77000427246094
100.36000061035156
101.26000213623047
102.82000732421875
99.43000793457031
103.36000061035156
102.94000244140625
101.59000396728516
101.88999938964844
100.80001068115234
100.80001068115234
100.70999908447266
100.19000244140625
100.34000396728516
100.2800064086914
100.69000244140625
101.71000671386719
101.39000701904297
101.30000305175781
102.36000061035156
101.29000854492188
100.81000518798828
100.39000701904297
101.32000732421875
100.95000457763672
99.84000396728516
98.63999938964844
100.83000183105469
102.75000762939453
100.82000732421875
101.07000732421875
102.82000732421875
102.06000518798828
101.1300048828125
99.9800033569336
98.37001037597656
99.33000183105469
102.1500015258789
101.3800048828125
101.57000732421875
102.07000732421875
100.42000579833984
100.6300048828125
100.56999969482422
99.04000091552734
99.93000030517578
98.4800033569336
100.55000305175781
100.79000854492188
98.82000732421875
96.7800064086914
97.71000671386719
98.04000854492188
98.68000030517578
99.02000427246094
99.10000610351563
102.20000457763672
101.21000671386719
99.83000946044922
100.04000854492188
103.22000122070313
102.09000396728516
100.40000915527344
99.14000701904297
100.30000305175781
99.99000549316406
99.47000122070313
100.08000183105469
101.24000549316406
102.6500015258789
102.22000122070313
99.71000671386719
100.94001007080078
100.35000610351563
101.41999816894531
101.8800048828125
102.80000305175781
101.39000701904297
99.5999984741211
101.71000671386719
102.1500015258789
102.2800064086914
102.0999984741211
99.47000122070313
100.65000915527344
100.91000366210938
101.26000213623047
101.4000015258789
101.57000732421875
101.57000732421875
101.6300048828125
102.74000549316406
101.77000427246094
100.96000671386719
99.38999938964844
97.90000915527344
97.46000671386719
98.82000732421875
99.71000671386719
98.96000671386719
97.45001220703125
99.45000457763672
99.18000030517578
99.35000610351563
99.54000854492188
100.27000427246094
99.83000946044922
98.67000579833984
100.44999694824219
98.45000457763672
97.2800064086914
98.8800048828125
100.1100082397461
98.29000854492188
98.06999969482422
100.93000793457031
100.68000793457031
101.97000122070313
103.1100082397461
99.66999816894531
100.34000396728516
99.58000183105469
100.08000183105469
98.41000366210938
97.66000366210938
98.87000274658203
99.33000183105469
98.58000946044922
101.33000183105469
99.68000793457031
99.55001068115234
100.97000122070313
101.3800048828125
102.73001098632813
102.73001098632813
99.82000732421875
101.58000946044922
101.32000732421875
102.47000885009766
101.66000366210938
100.56999969482422
101.3800048828125
98.18000793457031
99.91000366210938
100.05000305175781
98.81000518798828
101.5300064086914
101.31000518798828
100.69000244140625
100.09001159667969
101.93000793457031
100.40000915527344
100.01000213623047
100.77999877929688
102.52999877929688
104.57000732421875
102.97000885009766
101.59000396728516
100.79000854492188
101.3600082397461
100.26000213623047
101.8800048828125
100.01000213623047
100.22000122070313
101.61000061035156
99.35000610351563
98.97000122070313
96.68000030517578
98.55000305175781
98.89000701904297
98.7300033569336
99.08000946044922
101.24000549316406
99.64000701904297
100.58999633789063
101.69000244140625
102.4800033569336
101.74000549316406
100.97000122070313
99.81001281738281
101.2300033569336
100.25000762939453
100.86000061035156
102.40000915527344
99.61000061035156
100.30000305175781
102.00000762939453
102.87001037597656
101.35000610351563
100.42000579833984
101.51000213623047
103.1300048828125
100.79000854492188
99.09000396728516
100.27000427246094
98.95000457763672
100.65000915527344
105.69000244140625
101.81000518798828
101.25000762939453
101.19000244140625
103.08999633789063
100.69000244140625
100.67000579833984
102.56000518798828
100.40000915527344
100.99000549316406
102.87001037597656
100.84000396728516
100.93000793457031
98.41999816894531
97.58000183105469
98.68000030517578
101.7800064086914
97.45001220703125
98.71000671386719
100.09001159667969
97.93000030517578
98.80000305175781
99.19000244140625
97.42000579833984
99.16000366210938
99.5999984741211
99.80000305175781
99.85000610351563
97.57000732421875
98.44001007080078
97.51000213623047
97.80000305175781
96.94000244140625
98.22000122070313
98.04000854492188
99.21000671386719
100.62000274658203
98.71000671386719
99.7300033569336
99.57000732421875
100.49000549316406
99.81001281738281
100.67000579833984
99.77000427246094
99.24000549316406
99.7800064086914
99.62001037597656
100.29000091552734
99.71000671386719
97.07000732421875
98.27000427246094
100.33000946044922
102.55000305175781
101.3600082397461
100.27000427246094
99.260009765625
99.14000701904297
98.08000183105469
98.65000915527344
99.56000518798828
97.54000854492188
97.72000122070313
99.97000885009766
99.14000701904297
97.74000549316406
98.44001007080078
99.10000610351563
98.69000244140625
98.3800048828125
99.92000579833984
99.70000457763672
100.84000396728516
101.57000732421875
98.29000854492188
99.72000122070313
98.010009765625
99.33000183105469
100.67000579833984
99.69001007080078
99.57000732421875
99.90000915527344
99.38999938964844
98.30001068115234
98.24000549316406
98.06000518798828
100.21000671386719
99.3600082397461
100.97000122070313
99.49000549316406
100.89000701904297
100.02999877929688
99.52999877929688
102.52000427246094
103.1300048828125
103.5
102.57000732421875
101.61000061035156
103.0
104.84000396728516
101.95000457763672
104.91000366210938
103.56001281738281
102.05001068115234
103.4800033569336
102.6500015258789
101.35000610351563
103.99000549316406
102.1300048828125
101.95000457763672
102.66000366210938
101.5300064086914
101.90000915527344
101.75
100.02999877929688
100.67000579833984
99.33999633789063
98.97000122070313
97.70000457763672
98.39000701904297
99.31000518798828
99.66999816894531
99.85000610351563
99.85000610351563
101.95999908447266
99.6500015258789
100.5300064086914
99.70000457763672
100.07000732421875
100.2800064086914
102.37000274658203
102.72000122070313
101.07000732421875
101.27999877929688
99.05000305175781
98.97000122070313
98.62000274658203
101.3800048828125
99.38999938964844
101.55000305175781
101.13999938964844
101.21000671386719
101.55999755859375
101.33000183105469
101.71000671386719
102.04000854492188
102.32000732421875
104.02000427246094
102.16000366210938
100.3800048828125
101.10000610351563
101.93000793457031
101.07000732421875
98.36000061035156
98.4800033569336
100.52000427246094
100.30999755859375
94.51000213623047
97.25
97.93000030517578
99.45000457763672
98.23001098632813
98.27999877929688
100.34000396728516
99.05000305175781
98.41999816894531
98.61000061035156
100.95000457763672
101.08000946044922
98.93000793457031
99.01000213623047
100.76000213623047
99.52000427246094
98.57000732421875
98.9000015258789
100.77000427246094
99.81001281738281
99.66000366210938
97.54000854492188
99.16000366210938
99.3600082397461
97.14000701904297
100.95000457763672
97.80999755859375
96.31000518798828
97.92000579833984
96.61000061035156
97.56000518798828
98.82000732421875
98.25000762939453
100.26000213623047
99.9800033569336
100.18000793457031
99.45999908447266
99.760009765625
98.41999816894531
96.27000427246094
98.20999908447266
100.24000549316406
98.9000015258789
100.5
100.80001068115234
100.01000213623047
99.37000274658203
99.6300048828125
99.07000732421875
97.84000396728516
99.09000396728516
99.30000305175781
98.95000457763672
97.79000091552734
97.5
96.90000915527344
97.69000244140625
97.59001159667969
97.71000671386719
97.51000213623047
99.22000885009766
100.44999694824219
99.04000091552734
99.96000671386719
101.72000885009766
98.72000885009766
99.95001220703125
101.5300064086914
102.24000549316406
99.55001068115234
99.55001068115234
99.45000457763672
99.70000457763672
100.58999633789063
100.87001037597656
102.9800033569336
103.70001220703125
101.4000015258789
102.69000244140625
101.10000610351563
101.08000946044922
101.69999694824219
102.59001159667969
101.26000213623047
99.6300048828125
101.17000579833984
102.60000610351563
99.85000610351563
102.14000701904297
100.62000274658203
102.1300048828125
102.83000946044922
102.05001068115234
103.26000213623047
103.15000915527344
104.14000701904297
103.65000915527344
102.73001098632813
105.49000549316406
104.19999694824219
104.24000549316406
104.81001281738281
103.6300048828125
102.8800048828125
103.71000671386719
101.51000213623047
103.84001159667969
104.07000732421875
103.41000366210938
104.260009765625
103.02000427246094
103.45000457763672
102.59001159667969
101.87000274658203
102.92000579833984
102.25
102.4800033569336
101.71000671386719
104.18000030517578
104.260009765625
104.44000244140625
103.18000793457031
101.9100112915039
103.49000549316406
105.6300048828125
105.73001098632813
104.34001159667969
102.9800033569336
102.50000762939453
103.06000518798828
102.52999877929688
103.36000061035156
103.08999633789063
102.85000610351563
101.65000915527344
102.16000366210938
103.7300033569336
102.58000183105469
101.67000579833984
103.81000518798828
103.6300048828125
105.55000305175781
104.97000885009766
104.30000305175781
103.39000701904297
102.66000366210938
103.17000579833984
102.22000122070313
102.47000885009766
101.43000793457031
101.25000762939453
103.31000518798828
102.58000183105469
101.57000732421875
102.9800033569336
101.27999877929688
102.57000732421875
103.96000671386719
106.25000762939453
103.5
103.33000183105469
102.37000274658203
106.1300048828125
101.74000549316406
102.11000061035156
101.22000885009766
100.44999694824219
99.15000915527344
102.34000396728516
99.30000305175781
102.25
104.55001068115234
103.31000518798828
101.62001037597656
101.77000427246094
101.0300064086914
101.17000579833984
99.75
100.22000122070313
101.08000946044922
102.31001281738281
100.510009765625
100.68000793457031
100.77999877929688
102.34000396728516
103.26000213623047
102.12001037597656
101.46000671386719
101.99000549316406
101.65000915527344
102.89000701904297
100.29000091552734
100.56000518798828
101.04000091552734
101.41999816894531
101.51000213623047
102.2300033569336
102.75000762939453
103.26000213623047
103.41000366210938
104.12001037597656
103.66000366210938
104.31999969482422
103.98001098632813
104.16000366210938
103.46000671386719
103.24000549316406
102.05001068115234
103.46000671386719
102.69000244140625
101.77000427246094
102.52999877929688
102.91000366210938
101.74000549316406
102.68000793457031
103.31000518798828
103.06000518798828
103.60000610351563
101.66000366210938
104.40000915527344
103.95000457763672
105.99000549316406
104.09000396728516
103.63999938964844
103.8800048828125
105.00000762939453
104.87000274658203
106.80000305175781
106.18000030517578
105.10000610351563
106.98001098632813
107.52000427246094
104.56000518798828
103.8800048828125
102.54000854492188
103.46000671386719
102.97000885009766
100.60000610351563
101.16000366210938
100.97000122070313
101.10000610351563
103.27000427246094
101.83999633789063
102.1300048828125
103.15000915527344
104.42000579833984
104.64000701904297
104.80000305175781
105.44999694824219
107.1300048828125
106.0
105.59001159667969
105.04000854492188
105.24000549316406
106.62001037597656
106.32000732421875
106.3600082397461
107.12001037597656
106.94000244140625
105.70999908447266
105.40000915527344
104.7800064086914
105.70000457763672
