103.0
102.08000183105469
104.27000427246094
103.41000366210938
103.70001220703125
105.04000854492188
105.16000366210938
103.3800048828125
102.69000244140625
102.70000457763672
103.99000549316406
103.24000549316406
103.54000091552734
104.48001098632813
105.30999755859375
105.6100082397461
104.86000061035156
103.18000793457031
104.6500015258789
103.94000244140625
105.43000030517578
102.30000305175781
101.72000885009766
100.58000183105469
103.08000183105469
100.75000762939453
99.7800064086914
99.79000091552734
99.51000213623047
103.45000457763672
103.47000122070313
103.0300064086914
103.08000183105469
101.760009765625
102.32000732421875
102.38999938964844
100.58999633789063
102.62000274658203
103.23001098632813
103.0
101.71000671386719
101.15000915527344
102.21000671386719
102.84000396728516
99.45000457763672
99.90000915527344
98.3499984741211
98.81000518798828
103.22000122070313
103.15000915527344
102.36000061035156
103.41000366210938
102.40000915527344
99.33999633789063
101.31000518798828
101.74000549316406
104.90000915527344
102.7800064086914
100.56000518798828
101.77000427246094
99.96000671386719
98.80000305175781
101.12000274658203
102.6100082397461
103.06999969482422
103.91999816894531
100.58999633789063
103.83000183105469
103.05000305175781
102.8800048828125
99.64000701904297
101.44000244140625
102.08000183105469
100.79000854492188
99.19999694824219
97.76000213623047
99.7300033569336
99.59000396728516
97.79000091552734
98.22000122070313
99.44000244140625
97.40000915527344
98.6300048828125
98.87000274658203
98.94000244140625
99.88999938964844
99.43000793457031
99.58000183105469
97.49000549316406
99.71000671386719
99.66000366210938
98.63999938964844
99.72000122070313
98.18000793457031
97.9800033569336
97.16000366210938
96.12000274658203
97.70000457763672
100.02999877929688
99.15000915527344
99.71000671386719
99.95001220703125
97.47000885009766
97.56000518798828
97.22000122070313
98.47000122070313
98.49000549316406
99.66000366210938
98.85000610351563
99.08000946044922
99.45999908447266
98.70001220703125
98.13999938964844
98.19000244140625
98.83000183105469
97.18000793457031
95.67000579833984
96.79000854492188
98.510009765625
99.01000213623047
100.22000122070313
99.42000579833984
98.54000091552734
99.70000457763672
100.70000457763672
102.50000762939453
99.1300048828125
100.25000762939453
101.09000396728516
99.97000885009766
101.26000213623047
101.37000274658203
101.16000366210938
103.06000518798828
102.35000610351563
102.43000030517578
104.64000701904297
101.79000854492188
102.6300048828125
104.15000915527344
103.22000122070313
102.08000183105469
101.04000091552734
101.65000915527344
100.46000671386719
98.67000579833984
100.68000793457031
102.04000854492188
102.50000762939453
101.31000518798828
101.59000396728516
100.12000274658203
101.32000732421875
100.76000213623047
100.93000793457031
99.9800033569336
100.6300048828125
99.96000671386719
102.43000030517578
101.94000244140625
102.54000854492188
104.90000915527344
103.36000061035156
103.39000701904297
105.1100082397461
104.61000061035156
103.15000915527344
104.29000854492188
104.31000518798828
104.87000274658203
103.59000396728516
103.41000366210938
102.82000732421875
102.3800048828125
103.20000457763672
103.13999938964844
101.83000183105469
103.23001098632813
102.20000457763672
104.08000946044922
104.0300064086914
104.44000244140625
103.23001098632813
103.20000457763672
103.8600082397461
101.81999969482422
103.27000427246094
105.42000579833984
103.04000854492188
101.98001098632813
101.71000671386719
100.68000793457031
101.24000549316406
102.51000213623047
101.13999938964844
100.93000793457031
101.07000732421875
102.7800064086914
101.0
101.18000030517578
101.3600082397461
101.88999938964844
101.31000518798828
103.4800033569336
102.19001007080078
102.05001068115234
100.21000671386719
102.69000244140625
100.91000366210938
98.45000457763672
100.10000610351563
101.11000061035156
101.25000762939453
99.11000061035156
98.91000366210938
100.49000549316406
101.4000015258789
100.70999908447266
100.68000793457031
100.72000122070313
100.97000122070313
101.61000061035156
100.91999816894531
102.80000305175781
102.2300033569336
101.83999633789063
100.95000457763672
101.08000946044922
103.45000457763672
100.96000671386719
100.93000793457031
101.46000671386719
100.67000579833984
101.8800048828125
100.72000122070313
100.91999816894531
100.69000244140625
99.86000061035156
99.61000061035156
99.81001281738281
98.99000549316406
100.70000457763672
99.88999938964844
97.87001037597656
98.85000610351563
98.39000701904297
99.260009765625
99.95001220703125
100.01000213623047
98.99000549316406
99.84000396728516
102.260009765625
103.15000915527344
101.39000701904297
101.48001098632813
102.1500015258789
101.08000946044922
100.47000885009766
100.35000610351563
99.1300048828125
99.14000701904297
100.8800048828125
101.010009765625
100.47000885009766
99.3800048828125
98.32000732421875
100.3800048828125
102.43000030517578
100.44999694824219
99.83000946044922
101.85000610351563
102.12001037597656
99.30000305175781
100.70000457763672
99.62001037597656
102.25
103.1300048828125
102.20000457763672
101.15000915527344
99.91000366210938
99.52000427246094
100.25000762939453
98.27999877929688
96.95999908447266
98.7300033569336
100.01000213623047
100.23001098632813
99.2800064086914
100.58000183105469
98.68000030517578
99.81001281738281
101.20001220703125
99.64000701904297
100.16000366210938
99.66999816894531
100.12000274658203
101.49000549316406
101.2300033569336
100.16999816894531
101.17000579833984
101.64000701904297
101.11000061035156
102.54000854492188
101.41000366210938
102.38999938964844
104.67001342773438
101.3600082397461
104.18000030517578
104.31999969482422
101.64000701904297
102.79000091552734
105.260009765625
101.93000793457031
102.24000549316406
102.05001068115234
103.13999938964844
100.9800033569336
101.3600082397461
101.81999969482422
101.7300033569336
101.80000305175781
102.7800064086914
103.65000915527344
102.73001098632813
102.59001159667969
104.82000732421875
103.59000396728516
102.01000213623047
103.77000427246094
104.05999755859375
104.19999694824219
103.77000427246094
104.75
101.95000457763672
103.32000732421875
102.93000030517578
105.34000396728516
105.30000305175781
104.30000305175781
103.58000946044922
104.01000213623047
103.4800033569336
101.67000579833984
102.97000885009766
102.25
102.12001037597656
102.73001098632813
103.95000457763672
105.40000915527344
102.2300033569336
103.99000549316406
101.50000762939453
103.08000183105469
101.24000549316406
101.09000396728516
102.14000701904297
100.6300048828125
99.35000610351563
100.06000518798828
99.94000244140625
97.99000549316406
98.43000793457031
99.81001281738281
102.16000366210938
100.55000305175781
101.33000183105469
101.7800064086914
101.58000946044922
102.05001068115234
102.51000213623047
101.88999938964844
102.9800033569336
102.07000732421875
101.27000427246094
100.97000122070313
100.56000518798828
101.05000305175781
103.1100082397461
101.9100112915039
100.97000122070313
102.77000427246094
102.43000030517578
101.58000946044922
101.95999908447266
101.27999877929688
100.62000274658203
100.62000274658203
100.87001037597656
98.98001098632813
100.0
100.42000579833984
100.42000579833984
102.04000854492188
99.29000854492188
100.05000305175781
100.60000610351563
100.32000732421875
99.69001007080078
99.2300033569336
102.27000427246094
101.27000427246094
102.42000579833984
101.19000244140625
101.15000915527344
101.19000244140625
101.02000427246094
101.2300033569336
102.260009765625
101.88999938964844
102.07000732421875
100.91000366210938
102.25
101.30000305175781
100.93000793457031
101.5300064086914
100.80001068115234
100.26000213623047
100.510009765625
99.15000915527344
99.86000061035156
99.05000305175781
99.35000610351563
97.92000579833984
100.9800033569336
101.18000030517578
100.77999877929688
101.83999633789063
102.30000305175781
104.09000396728516
104.16000366210938
103.62000274658203
102.37000274658203
102.80999755859375
101.46000671386719
101.02000427246094
101.18000030517578
102.89000701904297
103.61000061035156
100.23001098632813
99.5999984741211
100.55000305175781
100.5300064086914
98.95000457763672
102.09000396728516
100.89000701904297
99.80000305175781
101.20001220703125
101.22000885009766
102.2300033569336
99.02000427246094
99.61000061035156
101.45000457763672
101.32000732421875
98.80000305175781
99.95001220703125
99.50000762939453
100.04000854492188
99.00000762939453
97.3800048828125
98.5300064086914
98.7300033569336
98.39000701904297
99.68000793457031
100.12000274658203
100.56999969482422
98.98001098632813
101.1300048828125
100.510009765625
99.3600082397461
98.82000732421875
98.25000762939453
99.31000518798828
98.10000610351563
98.95000457763672
100.06000518798828
99.760009765625
99.7800064086914
99.7800064086914
100.87001037597656
99.33999633789063
102.34000396728516
101.5300064086914
102.14000701904297
100.41000366210938
102.4800033569336
101.66000366210938
103.36000061035156
101.37000274658203
100.23001098632813
100.22000122070313
101.55000305175781
99.82000732421875
103.60000610351563
102.01000213623047
102.02999877929688
102.2800064086914
104.05000305175781
102.91000366210938
102.21000671386719
101.51000213623047
100.56999969482422
97.91000366210938
98.60000610351563
100.9800033569336
100.56000518798828
102.00000762939453
101.55999755859375
101.64000701904297
100.18000793457031
102.04000854492188
101.48001098632813
100.8800048828125
101.58000946044922
102.18000793457031
101.11000061035156
100.91000366210938
101.95000457763672
103.18000793457031
102.22000122070313
104.57000732421875
103.29000854492188
104.16000366210938
104.72000122070313
104.93000030517578
105.69000244140625
103.41000366210938
103.66000366210938
103.0
102.69000244140625
103.26000213623047
103.18000793457031
104.01000213623047
101.68000030517578
104.29000854492188
103.08999633789063
102.0999984741211
101.12000274658203
101.3800048828125
102.47000885009766
103.13999938964844
104.6300048828125
105.8499984741211
106.60000610351563
104.55001068115234
103.99000549316406
103.02000427246094
103.85000610351563
103.94000244140625
103.57000732421875
103.23001098632813
103.5
103.0300064086914
102.29000091552734
102.36000061035156
102.20000457763672
102.60000610351563
101.59000396728516
101.8800048828125
100.94001007080078
101.77000427246094
102.25
100.0
100.56000518798828
101.54000091552734
100.40000915527344
101.26000213623047
98.98001098632813
99.85000610351563
99.69001007080078
99.79000091552734
98.85000610351563
100.70999908447266
99.52999877929688
99.59000396728516
101.27000427246094
101.1300048828125
100.41000366210938
100.07000732421875
100.70999908447266
101.43000793457031
99.4100112915039
101.19000244140625
101.04000091552734
100.44000244140625
102.14000701904297
101.24000549316406
101.54000091552734
101.75
101.07000732421875
100.44000244140625
102.42000579833984
102.40000915527344
101.79000854492188
101.20001220703125
101.19000244140625
99.72000122070313
100.74000549316406
104.62001037597656
102.07000732421875
103.6300048828125
102.01000213623047
101.81999969482422
99.96000671386719
98.4000015258789
101.55999755859375
101.21000671386719
101.87000274658203
102.22000122070313
101.55000305175781
101.72000885009766
103.36000061035156
99.55001068115234
100.5300064086914
101.98001098632813
99.94000244140625
101.16000366210938
100.96000671386719
102.42000579833984
99.24000549316406
100.46000671386719
99.18000030517578
99.08000946044922
100.3800048828125
99.19999694824219
100.56999969482422
100.87001037597656
100.58999633789063
103.32000732421875
102.86000061035156
103.36000061035156
101.2300033569336
101.49000549316406
101.6300048828125
102.68000793457031
101.92000579833984
100.91000366210938
102.93000030517578
100.01000213623047
100.70999908447266
102.16000366210938
101.77000427246094
99.9800033569336
103.41000366210938
104.0300064086914
103.61000061035156
105.83000183105469
103.80000305175781
103.41000366210938
101.9100112915039
103.54000091552734
102.87001037597656
102.6300048828125
102.2300033569336
101.77000427246094
103.59000396728516
101.58000946044922
103.7300033569336
102.51000213623047
100.55000305175781
99.87000274658203
101.67000579833984
100.1300048828125
100.05000305175781
99.71000671386719
99.42000579833984
98.74000549316406
100.44000244140625
99.43000793457031
99.45000457763672
99.08000946044922
101.07000732421875
99.52999877929688
101.51000213623047
99.14000701904297
101.44000244140625
100.510009765625
100.49000549316406
100.01000213623047
99.99000549316406
99.2300033569336
99.3800048828125
97.72000122070313
100.30000305175781
99.35000610351563
100.5
102.34000396728516
102.80000305175781
102.29000091552734
102.46000671386719
104.2800064086914
102.59001159667969
101.49000549316406
100.9800033569336
99.00000762939453
98.56001281738281
99.07000732421875
97.12001037597656
97.3800048828125
99.62001037597656
101.57000732421875
102.30000305175781
99.84000396728516
99.11000061035156
99.79000091552734
98.82000732421875
99.6500015258789
99.8800048828125
99.44000244140625
100.52000427246094
98.74000549316406
98.89000701904297
98.8800048828125
98.33000183105469
99.66000366210938
100.40000915527344
99.9800033569336
99.42000579833984
100.89000701904297
101.97000122070313
101.48001098632813
102.6300048828125
102.04000854492188
101.33000183105469
99.49000549316406
100.60000610351563
100.8800048828125
99.04000091552734
100.72000122070313
99.44000244140625
100.44999694824219
100.91000366210938
101.46000671386719
100.58999633789063
102.04000854492188
100.4800033569336
98.24000549316406
99.38999938964844
98.98001098632813
101.18000030517578
98.94000244140625
99.72000122070313
98.5
99.01000213623047
99.07000732421875
99.49000549316406
97.97000885009766
98.30001068115234
99.08000946044922
98.08999633789063
97.58000183105469
97.6300048828125
99.56000518798828
99.00000762939453
97.6500015258789
96.81000518798828
99.3600082397461
98.66000366210938
100.44999694824219
97.06000518798828
101.19000244140625
100.09001159667969
100.25000762939453
99.8800048828125
99.31000518798828
98.08000183105469
98.3800048828125
99.59000396728516
99.49000549316406
98.41999816894531
97.93000030517578
98.60000610351563
98.60000610351563
99.760009765625
100.0
98.1300048828125
98.54000091552734
99.31999969482422
99.33000183105469
100.96000671386719
99.4100112915039
98.8800048828125
98.8600082397461
99.7300033569336
97.25
99.54000854492188
99.45000457763672
99.52000427246094
99.09000396728516
100.70000457763672
98.77999877929688
101.52000427246094
98.93000793457031
100.35000610351563
100.70000457763672
100.54000854492188
100.30999755859375
101.09000396728516
100.68000793457031
100.87001037597656
100.43000030517578
101.77000427246094
98.96000671386719
100.1100082397461
100.1500015258789
101.88999938964844
100.83000183105469
101.55999755859375
101.18000030517578
101.66000366210938
101.2300033569336
100.60000610351563
100.30000305175781
100.4800033569336
100.01000213623047
98.95000457763672
100.56000518798828
100.27000427246094
99.88999938964844
101.99000549316406
101.92000579833984
101.37000274658203
103.32000732421875
103.5300064086914
102.8800048828125
103.83000183105469
104.11000061035156
103.57000732421875
104.79000091552734
102.90000915527344
103.15000915527344
103.46000671386719
104.15000915527344
103.19000244140625
100.70000457763672
101.010009765625
101.43000793457031
99.42000579833984
102.31001281738281
103.41000366210938
101.50000762939453
101.04000091552734
99.19000244140625
100.83000183105469
101.66000366210938
99.97000885009766
99.6300048828125
101.50000762939453
101.57000732421875
100.73001098632813
102.27000427246094
100.30999755859375
100.60000610351563
100.91000366210938
99.05000305175781
99.0300064086914
99.09000396728516
100.01000213623047
98.72000885009766
98.57000732421875
99.61000061035156
101.8600082397461
103.08000183105469
103.08999633789063
102.31001281738281
103.68000030517578
103.06999969482422
102.74000549316406
102.14000701904297
101.95000457763672
102.30000305175781
102.59001159667969
101.08000946044922
102.29000091552734
101.47000122070313
101.16000366210938
100.33000946044922
99.260009765625
100.47000885009766
102.90000915527344
99.22000885009766
100.01000213623047
100.60000610351563
99.7800064086914
102.06000518798828
102.01000213623047
99.9800033569336
100.2800064086914
102.1500015258789
101.17000579833984
100.89000701904297
100.58999633789063
101.18000030517578
100.34000396728516
102.7800064086914
103.89000701904297
102.05001068115234
101.81999969482422
101.12000274658203
102.09000396728516
101.32000732421875
101.65000915527344
102.68000793457031
103.19000244140625
101.29000854492188
101.760009765625
102.9800033569336
100.58000183105469
102.08000183105469
100.06000518798828
98.87000274658203
98.46000671386719
98.62000274658203
100.91000366210938
97.80999755859375
100.42000579833984
99.55001068115234
99.93000030517578
99.72000122070313
100.34000396728516
99.31999969482422
100.0
100.27000427246094
101.05000305175781
102.14000701904297
102.6300048828125
101.58000946044922
103.05000305175781
103.06999969482422
102.6500015258789
103.58000946044922
103.85000610351563
102.77000427246094
102.6300048828125
103.60000610351563
101.71000671386719
103.24000549316406
102.77000427246094
105.16999816894531
103.08000183105469
100.83000183105469
102.87001037597656
102.68000793457031
100.26000213623047
101.54000091552734
102.75000762939453
101.81000518798828
100.83000183105469
101.55999755859375
101.71000671386719
101.62001037597656
100.5
103.1100082397461
101.46000671386719
102.32000732421875
101.95000457763672
98.08999633789063
99.21000671386719
100.58999633789063
100.30000305175781
99.52999877929688
99.66000366210938
100.43000030517578
101.93000793457031
103.26000213623047
102.57000732421875
103.13999938964844
102.54000854492188
98.5
100.87001037597656
100.70000457763672
100.46000671386719
99.11000061035156
98.97000122070313
100.97000122070313
99.69001007080078
99.64000701904297
101.65000915527344
101.04000091552734
99.99000549316406
101.04000091552734
99.55001068115234
100.76000213623047
100.84000396728516
101.92000579833984
101.50000762939453
100.4800033569336
100.37001037597656
101.46000671386719
101.60000610351563
100.91000366210938
100.5300064086914
100.26000213623047
101.52000427246094
100.1300048828125
100.01000213623047
101.24000549316406
100.65000915527344
98.510009765625
98.1100082397461
100.16999816894531
100.30000305175781
101.3600082397461
102.29000091552734
100.46000671386719
101.61000061035156
100.8800048828125
101.1300048828125
100.02000427246094
99.25
99.33000183105469
100.63999938964844
98.5
98.1100082397461
99.24000549316406
99.2800064086914
99.61000061035156
100.8499984741211
100.87001037597656
100.9000015258789
100.3800048828125
99.48001098632813
99.77000427246094
99.04000091552734
97.75000762939453
97.76000213623047
97.25
96.83999633789063
97.54000854492188
99.55001068115234
98.10000610351563
99.02000427246094
97.30000305175781
98.010009765625
96.83999633789063
96.0300064086914
96.48001098632813
96.08000946044922
98.32000732421875
97.73001098632813
98.44001007080078
98.08999633789063
98.79000854492188
100.32000732421875
98.56001281738281
96.41000366210938
98.06000518798828
99.25
99.75
100.19000244140625
97.93000030517578
98.77999877929688
98.3499984741211
96.06001281738281
96.760009765625
97.82000732421875
99.6300048828125
99.58000183105469
98.1600112915039
97.47000885009766
98.7300033569336
99.0300064086914
98.0300064086914
98.44001007080078
94.71000671386719
97.2800064086914
97.14000701904297
97.16999816894531
95.3800048828125
93.30001068115234
95.05000305175781
93.37001037597656
95.42000579833984
95.5300064086914
95.08000183105469
94.9800033569336
97.16000366210938
96.27000427246094
97.06000518798828
98.46000671386719
95.26000213623047
96.83999633789063
100.75000762939453
99.69001007080078
99.84000396728516
98.05000305175781
100.5
98.39000701904297
99.7300033569336
98.98001098632813
98.61000061035156
97.74000549316406
100.21000671386719
99.81001281738281
100.41000366210938
98.36000061035156
97.52999877929688
100.14000701904297
101.74000549316406
97.6500015258789
97.60000610351563
100.07000732421875
99.70000457763672
101.35000610351563
100.72000122070313
98.54000091552734
100.44000244140625
97.1500015258789
97.42000579833984
98.44001007080078
97.56000518798828
97.69000244140625
94.18000030517578
96.72000885009766
96.31000518798828
97.79000091552734
97.74000549316406
97.38999938964844
98.98001098632813
97.77000427246094
101.24000549316406
98.87000274658203
99.00000762939453
97.82000732421875
101.4000015258789
98.39000701904297
99.11000061035156
100.55000305175781
99.69001007080078
101.12000274658203
97.68000793457031
99.66999816894531
99.1300048828125
100.47000885009766
100.67000579833984
100.74000549316406
98.72000885009766
98.75
98.77999877929688
97.0999984741211
99.09000396728516
99.15000915527344
99.55001068115234
98.57000732421875
99.71000671386719
100.54000854492188
98.25000762939453
97.74000549316406
97.83000183105469
98.8800048828125
96.8600082397461
97.16000366210938
96.69999694824219
95.72000122070313
95.44000244140625
95.86000061035156
96.69000244140625
97.6100082397461
98.4800033569336
98.33000183105469
99.25
98.9000015258789
97.2300033569336
97.71000671386719
98.02000427246094
97.79000091552734
97.97000885009766
98.3800048828125
96.93000793457031
98.06000518798828
96.26000213623047
97.37000274658203
96.20001220703125
95.96000671386719
98.05000305175781
97.94000244140625
96.8600082397461
97.45001220703125
96.3600082397461
97.41000366210938
96.7800064086914
96.02000427246094
99.21000671386719
98.45000457763672
96.760009765625
98.24000549316406
96.3600082397461
97.09000396728516
97.96000671386719
99.19000244140625
99.22000885009766
99.75
99.43000793457031
97.6300048828125
99.35000610351563
98.6300048828125
97.71000671386719
97.46000671386719
96.92000579833984
95.08000183105469
96.60000610351563
97.2300033569336
96.59000396728516
95.6300048828125
96.33000183105469
99.58000183105469
97.3800048828125
98.52000427246094
98.3800048828125
100.72000122070313
99.40000915527344
100.74000549316406
98.69000244140625
98.010009765625
96.29000854492188
97.75000762939453
95.56999969482422
96.21000671386719
97.94000244140625
96.69999694824219
99.30000305175781
97.40000915527344
98.94000244140625
98.12000274658203
98.66000366210938
97.52000427246094
99.70000457763672
100.09001159667969
100.87001037597656
101.44000244140625
99.88999938964844
100.24000549316406
102.33000946044922
99.38999938964844
98.44001007080078
96.41000366210938
100.75000762939453
100.41000366210938
97.55000305175781
99.760009765625
98.1600112915039
98.54000091552734
97.12001037597656
96.6300048828125
97.02999877929688
99.35000610351563
99.6500015258789
101.48001098632813
101.87000274658203
101.22000885009766
99.81001281738281
98.47000122070313
102.22000122070313
101.04000091552734
101.20001220703125
101.95000457763672
103.1300048828125
101.19000244140625
99.97000885009766
99.07000732421875
99.82000732421875
102.37000274658203
101.26000213623047
103.6300048828125
100.91999816894531
99.55001068115234
100.37001037597656
99.55001068115234
99.18000030517578
101.67000579833984
99.5999984741211
101.24000549316406
98.3499984741211
98.33000183105469
99.00000762939453
99.69001007080078
99.08000946044922
99.07000732421875
99.7300033569336
101.04000091552734
98.67000579833984
101.15000915527344
101.97000122070313
101.24000549316406
101.81000518798828
99.9800033569336
100.6300048828125
99.4100112915039
100.56999969482422
101.81000518798828
100.99000549316406
100.68000793457031
100.01000213623047
101.0300064086914
99.62001037597656
100.80001068115234
99.02000427246094
99.15000915527344
98.25000762939453
98.7300033569336
99.47000122070313
97.05001068115234
96.94000244140625
98.52000427246094
98.5
98.010009765625
100.02000427246094
97.85000610351563
96.8800048828125
96.6300048828125
97.51000213623047
98.68000030517578
97.31001281738281
99.1300048828125
100.1100082397461
97.94999694824219
99.10000610351563
99.00000762939453
98.57000732421875
99.95001220703125
99.45000457763672
99.66000366210938
97.9800033569336
96.8600082397461
100.65000915527344
98.66000366210938
99.84000396728516
99.15000915527344
97.7800064086914
99.29000854492188
99.29000854492188
99.27000427246094
98.87000274658203
98.9000015258789
98.60000610351563
100.65000915527344
101.39000701904297
100.43000030517578
101.26000213623047
101.50000762939453
101.90000915527344
103.4000015258789
105.34000396728516
103.46000671386719
100.3800048828125
100.9800033569336
101.75
101.85000610351563
101.60000610351563
101.31000518798828
101.30000305175781
100.4800033569336
104.16000366210938
101.59000396728516
100.68000793457031
98.98001098632813
99.3600082397461
98.61000061035156
101.07000732421875
100.34000396728516
101.94000244140625
100.79000854492188
101.55000305175781
101.9100112915039
99.82000732421875
101.58000946044922
101.59000396728516
100.6600112915039
99.42000579833984
100.56000518798828
101.54000091552734
101.09000396728516
100.07000732421875
102.44000244140625
102.47000885009766
101.44000244140625
101.77000427246094
102.09000396728516
102.6100082397461
103.31000518798828
101.08000946044922
101.95000457763672
100.510009765625
100.3800048828125
100.56999969482422
99.91000366210938
98.89000701904297
98.75
98.25000762939453
98.59000396728516
99.17000579833984
97.91000366210938
99.760009765625
97.3800048828125
97.32000732421875
99.82000732421875
97.51000213623047
99.19000244140625
100.14000701904297
98.85000610351563
101.0
100.19000244140625
101.88999938964844
99.54000854492188
100.04000854492188
98.06999969482422
98.43000793457031
96.7300033569336
98.79000854492188
98.010009765625
98.74000549316406
97.84000396728516
99.6500015258789
98.20000457763672
97.7800064086914
100.44000244140625
97.6500015258789
97.97000885009766
98.57000732421875
96.60000610351563
97.33000946044922
98.91999816894531
99.3800048828125
101.69999694824219
100.02999877929688
100.74000549316406
102.6100082397461
101.7300033569336
100.9800033569336
98.95000457763672
99.15000915527344
100.09001159667969
100.70000457763672
99.87000274658203
98.93000793457031
97.3800048828125
97.00000762939453
97.25
99.00000762939453
99.69001007080078
101.0300064086914
99.90000915527344
100.99000549316406
102.05001068115234
99.85000610351563
101.55000305175781
98.510009765625
99.97000885009766
99.99000549316406
97.77000427246094
98.41000366210938
99.4100112915039
98.63999938964844
99.04000091552734
96.62001037597656
98.20000457763672
97.22000122070313
100.0
100.68000793457031
101.72000885009766
98.41000366210938
98.8600082397461
99.70000457763672
98.52000427246094
98.10000610351563
99.45999908447266
98.85000610351563
99.6300048828125
100.91999816894531
100.33000946044922
99.99000549316406
101.26000213623047
100.12000274658203
98.54000091552734
100.47000885009766
98.54000091552734
99.16000366210938
98.68000030517578
100.8800048828125
100.94001007080078
98.93000793457031
97.57000732421875
100.79000854492188
100.8800048828125
101.12000274658203
101.17000579833984
100.14000701904297
99.86000061035156
99.59000396728516
100.23001098632813
98.79000854492188
100.25000762939453
98.71000671386719
97.58000183105469
96.83000183105469
98.06000518798828
98.4000015258789
98.41999816894531
97.42000579833984
99.84000396728516
101.15000915527344
