103.20999908447266
103.05000305175781
103.76000213623047
102.73001098632813
103.57000732421875
105.60000610351563
104.19000244140625
103.27999877929688
102.44000244140625
102.86000061035156
103.10000610351563
103.510009765625
105.29000091552734
105.1100082397461
106.60000610351563
107.00000762939453
106.83000183105469
106.32000732421875
107.94999694824219
104.87000274658203
105.69000244140625
103.80000305175781
104.58000183105469
102.97000885009766
106.0
103.94000244140625
103.59000396728516
104.01000213623047
103.75000762939453
105.08000183105469
105.47000885009766
104.91000366210938
104.16000366210938
105.81000518798828
105.510009765625
106.0300064086914
106.13999938964844
107.99000549316406
107.3800048828125
106.92000579833984
106.66000366210938
106.24000549316406
103.95000457763672
105.99000549316406
102.44000244140625
101.88999938964844
101.41000366210938
103.59000396728516
106.47000122070313
107.18000793457031
105.10000610351563
106.02000427246094
106.81000518798828
104.72000122070313
105.02000427246094
104.96000671386719
107.7800064086914
107.24000549316406
104.55001068115234
105.99000549316406
104.15000915527344
104.3600082397461
105.4800033569336
106.2300033569336
106.59000396728516
107.05001068115234
104.04000091552734
106.95000457763672
105.97000122070313
106.17000579833984
103.08000183105469
104.55001068115234
105.93000793457031
106.62001037597656
105.46000671386719
105.14000701904297
106.32000732421875
105.80001068115234
105.14000701904297
103.79000854492188
104.66000366210938
105.58000183105469
105.5300064086914
104.72000122070313
105.02999877929688
104.95001220703125
104.0300064086914
103.1300048828125
103.76000213623047
105.10000610351563
105.20000457763672
103.5
105.29000091552734
103.12000274658203
103.18000793457031
102.82000732421875
101.60000610351563
103.8600082397461
105.1500015258789
102.44000244140625
103.05000305175781
103.08000183105469
102.86000061035156
102.87001037597656
102.2300033569336
104.04000091552734
104.31999969482422
105.74000549316406
105.76000213623047
104.44000244140625
105.18000793457031
104.40000915527344
103.43000793457031
103.25000762939453
104.88999938964844
103.36000061035156
102.4800033569336
104.54000854492188
106.60000610351563
106.84001159667969
107.20000457763672
105.14000701904297
103.93000793457031
105.12000274658203
103.84001159667969
104.01000213623047
102.19001007080078
102.1300048828125
103.65000915527344
104.55001068115234
103.41000366210938
103.12000274658203
103.24000549316406
104.12001037597656
103.5
104.49000549316406
104.49000549316406
104.5999984741211
103.65000915527344
103.87000274658203
104.52999877929688
105.70000457763672
104.21000671386719
104.760009765625
105.59001159667969
103.13999938964844
104.80000305175781
106.08000946044922
106.32000732421875
105.63999938964844
104.62001037597656
103.8600082397461
103.8600082397461
103.5300064086914
102.9800033569336
103.47000122070313
103.29000854492188
103.18000793457031
105.18000793457031
103.20000457763672
105.02999877929688
105.2800064086914
104.12001037597656
103.56001281738281
105.23001098632813
105.02000427246094
104.07000732421875
105.1300048828125
104.08000946044922
103.56001281738281
102.6500015258789
104.2800064086914
103.39000701904297
102.51000213623047
104.91000366210938
102.94999694824219
104.07000732421875
104.24000549316406
102.05001068115234
104.18000030517578
104.33000183105469
103.69000244140625
105.00000762939453
105.9000015258789
106.49000549316406
103.39000701904297
103.93000793457031
106.93000793457031
104.52000427246094
105.77999877929688
105.93000793457031
103.32000732421875
104.16000366210938
105.44999694824219
104.75
105.93000793457031
105.86000061035156
105.22000122070313
104.97000885009766
104.61000061035156
104.52999877929688
106.71000671386719
105.67000579833984
108.4000015258789
107.29000091552734
107.4800033569336
105.60000610351563
107.01000213623047
105.56000518798828
104.12001037597656
103.7300033569336
105.84000396728516
105.8800048828125
104.62001037597656
105.29000091552734
106.35000610351563
106.81000518798828
107.50000762939453
107.02999877929688
106.31000518798828
106.47000122070313
106.97000122070313
104.4100112915039
105.510009765625
104.62001037597656
104.33000183105469
104.97000885009766
103.54000091552734
105.44000244140625
103.56001281738281
103.7300033569336
104.30000305175781
104.05999755859375
103.94000244140625
103.5
102.69000244140625
103.60000610351563
103.31000518798828
103.20000457763672
104.66000366210938
105.23001098632813
105.9800033569336
104.71000671386719
104.50000762939453
104.3600082397461
102.59001159667969
102.16000366210938
102.6500015258789
104.48001098632813
102.20000457763672
104.71000671386719
107.00000762939453
106.66000366210938
105.29000091552734
106.44000244140625
108.34000396728516
106.74000549316406
104.91000366210938
105.19000244140625
105.99000549316406
105.93000793457031
106.11000061035156
105.65000915527344
104.83000946044922
103.75000762939453
104.21000671386719
106.24000549316406
107.31001281738281
105.4800033569336
104.97000885009766
106.87000274658203
105.02999877929688
105.4800033569336
104.96000671386719
105.43000030517578
105.54000854492188
107.72000122070313
106.58000946044922
106.02000427246094
106.32000732421875
104.95001220703125
105.35000610351563
104.8800048828125
104.11000061035156
103.25000762939453
105.1100082397461
104.3600082397461
102.92000579833984
104.7300033569336
103.0
104.97000885009766
106.50000762939453
103.80000305175781
106.08000946044922
104.52000427246094
105.00000762939453
105.62000274658203
105.80001068115234
103.13999938964844
104.10000610351563
104.51000213623047
104.59000396728516
104.86000061035156
104.30000305175781
104.8800048828125
106.20001220703125
103.94000244140625
105.14000701904297
104.9800033569336
102.260009765625
103.56001281738281
106.09000396728516
103.57000732421875
104.43000793457031
104.24000549316406
106.05000305175781
104.86000061035156
105.39000701904297
103.3800048828125
104.86000061035156
105.30000305175781
106.17000579833984
106.79000854492188
104.94000244140625
104.40000915527344
106.41000366210938
105.39000701904297
105.40000915527344
106.58000946044922
106.24000549316406
105.29000091552734
104.8800048828125
105.32000732421875
104.50000762939453
106.45000457763672
103.72000885009766
103.83000183105469
102.82000732421875
103.30001068115234
103.5300064086914
104.08000946044922
103.65000915527344
102.56000518798828
103.06999969482422
104.50000762939453
104.62001037597656
105.08000183105469
103.93000793457031
104.72000122070313
103.70001220703125
106.13999938964844
104.07000732421875
105.24000549316406
102.16000366210938
103.08999633789063
103.6300048828125
104.74000549316406
105.14000701904297
104.47000122070313
104.9800033569336
105.2800064086914
104.21000671386719
105.260009765625
106.77000427246094
105.95000457763672
106.11000061035156
107.55000305175781
106.65000915527344
107.00000762939453
107.31001281738281
107.11000061035156
107.16000366210938
106.510009765625
104.6300048828125
104.86000061035156
106.5300064086914
106.6300048828125
107.6100082397461
106.02000427246094
104.61000061035156
106.4000015258789
105.23001098632813
106.1300048828125
106.64000701904297
106.13999938964844
105.97000122070313
104.5999984741211
104.56000518798828
103.75000762939453
104.37000274658203
103.20999908447266
103.39000701904297
103.69000244140625
102.04000854492188
103.6300048828125
104.91000366210938
104.77000427246094
104.25
103.08999633789063
105.510009765625
105.32000732421875
105.60000610351563
106.8600082397461
104.82000732421875
104.02000427246094
104.69001007080078
105.63999938964844
105.510009765625
104.48001098632813
103.32000732421875
104.2300033569336
105.47000885009766
105.02000427246094
106.06001281738281
106.11000061035156
104.04000091552734
103.89000701904297
102.77000427246094
102.34000396728516
103.54000091552734
102.22000122070313
102.24000549316406
102.29000091552734
104.25
103.04000854492188
102.69000244140625
103.84001159667969
103.17000579833984
105.44000244140625
106.04000091552734
106.67000579833984
103.22000122070313
104.16000366210938
105.04000854492188
104.55001068115234
104.42000579833984
106.81999969482422
106.3800048828125
105.2800064086914
106.06001281738281
107.52000427246094
107.30000305175781
104.19999694824219
105.87001037597656
104.67001342773438
104.47000122070313
106.09000396728516
106.13999938964844
106.79000854492188
102.75000762939453
103.04000854492188
105.07000732421875
104.94000244140625
102.2300033569336
103.67000579833984
104.2300033569336
104.47000122070313
104.92000579833984
103.8800048828125
102.99000549316406
102.57000732421875
104.75
105.02000427246094
105.56000518798828
105.43000030517578
104.07000732421875
105.56999969482422
105.24000549316406
104.97000885009766
103.71000671386719
102.69000244140625
102.27000427246094
101.57000732421875
102.35000610351563
103.04000854492188
101.72000885009766
104.08000946044922
102.50000762939453
104.1300048828125
103.5
103.510009765625
103.08000183105469
103.36000061035156
102.38999938964844
102.51000213623047
103.91999816894531
104.45000457763672
103.06000518798828
103.87000274658203
104.22000885009766
102.27000427246094
101.3600082397461
103.94000244140625
101.90000915527344
102.51000213623047
102.01000213623047
102.38999938964844
103.62000274658203
102.06000518798828
101.64000701904297
101.85000610351563
101.90000915527344
100.42000579833984
101.27000427246094
101.83000183105469
102.84000396728516
102.6100082397461
101.760009765625
100.8800048828125
101.18000030517578
100.86000061035156
100.82000732421875
101.19000244140625
102.11000061035156
102.6100082397461
103.1100082397461
102.2800064086914
104.48001098632813
102.87001037597656
104.21000671386719
103.81000518798828
103.22000122070313
103.54000091552734
102.96000671386719
102.40000915527344
100.75000762939453
101.55999755859375
101.49000549316406
102.22000122070313
101.69000244140625
101.09000396728516
101.64000701904297
100.35000610351563
103.510009765625
102.29000091552734
102.36000061035156
103.5
102.56000518798828
101.3600082397461
102.80000305175781
101.99000549316406
103.47000122070313
104.33000183105469
103.77000427246094
101.51000213623047
102.11000061035156
101.09000396728516
101.74000549316406
100.91000366210938
101.12000274658203
102.46000671386719
103.34000396728516
101.97000122070313
101.13999938964844
101.20001220703125
103.12000274658203
103.25000762939453
103.76000213623047
103.12000274658203
101.64000701904297
103.05000305175781
101.57000732421875
100.63999938964844
101.20001220703125
101.99000549316406
103.58000946044922
103.42001342773438
103.46000671386719
102.55000305175781
105.30000305175781
102.94000244140625
104.81001281738281
102.55000305175781
102.50000762939453
103.08999633789063
103.31000518798828
103.46000671386719
103.43000793457031
102.79000091552734
103.87000274658203
102.6500015258789
103.81000518798828
104.15000915527344
104.2800064086914
103.32000732421875
102.52999877929688
102.97000885009766
103.24000549316406
102.7800064086914
103.43000793457031
104.04000091552734
103.13999938964844
103.57000732421875
103.33000183105469
104.19999694824219
102.94999694824219
102.17001342773438
103.84001159667969
103.24000549316406
103.44001007080078
102.50000762939453
103.22000122070313
102.52000427246094
102.68000793457031
104.29000854492188
107.22000122070313
106.11000061035156
107.55000305175781
104.48001098632813
106.1300048828125
104.9800033569336
101.94000244140625
104.95001220703125
105.82000732421875
104.85000610351563
102.68000793457031
103.27000427246094
105.77999877929688
103.20999908447266
104.12001037597656
102.9800033569336
102.14000701904297
103.49000549316406
102.89000701904297
102.6300048828125
103.70001220703125
103.0300064086914
102.76000213623047
103.04000854492188
104.24000549316406
102.84000396728516
105.36000061035156
103.20000457763672
102.92000579833984
104.79000091552734
104.30000305175781
104.37000274658203
102.06000518798828
103.91999816894531
103.6300048828125
103.49000549316406
101.39000701904297
103.3499984741211
103.87000274658203
103.17000579833984
103.77999877929688
103.62000274658203
105.82000732421875
107.72000122070313
104.8800048828125
104.66000366210938
103.57000732421875
105.1500015258789
104.62001037597656
104.8800048828125
103.7300033569336
105.36000061035156
104.9800033569336
103.96000671386719
102.11000061035156
104.31000518798828
103.8800048828125
102.08000183105469
101.88999938964844
101.8800048828125
102.08000183105469
102.94999694824219
101.10000610351563
101.85000610351563
102.16000366210938
103.77999877929688
102.6500015258789
102.66999816894531
102.7800064086914
103.24000549316406
103.5300064086914
104.05000305175781
104.40000915527344
104.80000305175781
103.85000610351563
106.510009765625
104.83000946044922
105.82000732421875
104.58000183105469
106.08000946044922
107.59001159667969
107.24000549316406
104.6500015258789
104.30000305175781
105.39000701904297
106.11000061035156
106.46000671386719
104.83000946044922
104.61000061035156
106.48001098632813
104.95001220703125
103.69000244140625
103.05000305175781
103.54000091552734
105.04000854492188
104.62001037597656
105.10000610351563
104.45000457763672
104.69001007080078
104.99000549316406
104.14000701904297
104.67001342773438
104.260009765625
104.5999984741211
101.79000854492188
102.66000366210938
102.2800064086914
101.77000427246094
101.62001037597656
101.64000701904297
103.0
101.98001098632813
104.55001068115234
105.1300048828125
103.47000122070313
105.52000427246094
103.76000213623047
104.21000671386719
103.65000915527344
103.66000366210938
102.04000854492188
101.47000122070313
105.19000244140625
102.4800033569336
104.31000518798828
104.82000732421875
103.44001007080078
104.0300064086914
104.19000244140625
104.34001159667969
102.34000396728516
102.0999984741211
102.05001068115234
102.45001220703125
103.36000061035156
103.85000610351563
102.6300048828125
103.0
103.20999908447266
102.57000732421875
101.10000610351563
102.12001037597656
101.30000305175781
102.02000427246094
100.33000946044922
101.85000610351563
102.30000305175781
103.66000366210938
103.41000366210938
103.84001159667969
103.4800033569336
104.58000183105469
105.19000244140625
102.56000518798828
105.32000732421875
104.47000122070313
104.77000427246094
104.12001037597656
102.85000610351563
102.30000305175781
103.4000015258789
104.07000732421875
105.33000946044922
104.02000427246094
102.92000579833984
105.02000427246094
104.85000610351563
104.86000061035156
105.16999816894531
102.09000396728516
102.94000244140625
103.19000244140625
103.34000396728516
103.8600082397461
104.27000427246094
101.95000457763672
103.1300048828125
103.24000549316406
100.60000610351563
104.66000366210938
103.3499984741211
103.34000396728516
103.41000366210938
102.11000061035156
103.84001159667969
103.65000915527344
103.34000396728516
102.54000854492188
102.29000091552734
102.38999938964844
102.2800064086914
103.5300064086914
102.92000579833984
102.9800033569336
102.6300048828125
103.26000213623047
102.71000671386719
101.4000015258789
102.96000671386719
102.66999816894531
102.11000061035156
102.0999984741211
100.02000427246094
101.44000244140625
100.91000366210938
104.17000579833984
101.74000549316406
102.41000366210938
101.4000015258789
102.12001037597656
103.20999908447266
103.69000244140625
102.45001220703125
102.04000854492188
102.0999984741211
101.87000274658203
102.50000762939453
103.62000274658203
103.44001007080078
103.9000015258789
104.30000305175781
105.77000427246094
103.74000549316406
103.06999969482422
104.35000610351563
102.41000366210938
102.52999877929688
103.05000305175781
100.09001159667969
102.66000366210938
100.56999969482422
99.260009765625
102.02999877929688
101.64000701904297
103.06999969482422
103.15000915527344
100.8499984741211
101.58000946044922
102.94000244140625
100.5
102.74000549316406
104.35000610351563
104.31000518798828
102.71000671386719
103.20999908447266
102.86000061035156
102.66000366210938
103.56001281738281
102.24000549316406
102.82000732421875
103.24000549316406
103.79000854492188
102.6100082397461
102.82000732421875
101.8800048828125
102.38999938964844
103.41000366210938
103.19000244140625
102.70000457763672
104.19000244140625
103.36000061035156
103.3800048828125
104.31999969482422
102.75000762939453
103.29000854492188
102.72000122070313
103.17000579833984
103.04000854492188
104.79000091552734
105.25000762939453
103.3499984741211
102.59001159667969
102.1500015258789
104.35000610351563
102.86000061035156
102.94000244140625
101.83000183105469
102.09000396728516
103.97000122070313
103.27999877929688
102.20000457763672
103.15000915527344
103.49000549316406
102.1300048828125
102.55000305175781
102.24000549316406
102.16000366210938
103.510009765625
102.43000030517578
105.81000518798828
103.98001098632813
103.3499984741211
103.67000579833984
103.93000793457031
104.61000061035156
104.72000122070313
104.66000366210938
105.2800064086914
105.55000305175781
106.010009765625
106.59000396728516
104.87000274658203
106.25000762939453
104.22000885009766
105.41000366210938
103.15000915527344
103.0300064086914
104.80000305175781
103.74000549316406
104.16000366210938
104.08000946044922
104.37000274658203
104.69001007080078
103.98001098632813
103.58000946044922
103.58000946044922
103.62000274658203
103.9000015258789
105.33000946044922
104.6500015258789
104.260009765625
104.21000671386719
103.7300033569336
102.80000305175781
105.10000610351563
103.55000305175781
103.55000305175781
102.30000305175781
103.44001007080078
103.06999969482422
102.52999877929688
101.99000549316406
103.99000549316406
102.01000213623047
102.12001037597656
104.04000091552734
103.5300064086914
103.69000244140625
104.00000762939453
105.49000549316406
103.57000732421875
104.25
103.98001098632813
103.49000549316406
104.24000549316406
103.52000427246094
103.69000244140625
102.94000244140625
104.02000427246094
105.1300048828125
101.9100112915039
104.19000244140625
104.19000244140625
104.97000885009766
106.15000915527344
104.92000579833984
104.67001342773438
104.09000396728516
104.08000946044922
106.24000549316406
106.8800048828125
106.010009765625
102.93000030517578
104.5999984741211
103.65000915527344
104.92000579833984
104.4100112915039
104.64000701904297
104.21000671386719
104.91000366210938
105.42000579833984
104.52000427246094
104.35000610351563
103.58000946044922
103.010009765625
102.02999877929688
103.8600082397461
102.82000732421875
104.25
102.18000793457031
104.15000915527344
103.44001007080078
104.7300033569336
104.11000061035156
104.97000885009766
106.20001220703125
104.17000579833984
103.82000732421875
103.91999816894531
103.43000793457031
104.75
103.84001159667969
102.6300048828125
101.58000946044922
103.3499984741211
103.08000183105469
105.55000305175781
104.58000183105469
101.54000091552734
103.0
102.40000915527344
103.010009765625
102.66999816894531
101.68000030517578
103.34000396728516
102.35000610351563
101.64000701904297
101.92000579833984
102.45001220703125
101.10000610351563
102.57000732421875
100.27000427246094
102.46000671386719
103.63999938964844
103.33000183105469
102.32000732421875
101.24000549316406
101.81000518798828
100.99000549316406
100.02999877929688
100.56000518798828
100.82000732421875
102.94999694824219
102.69000244140625
101.07000732421875
101.12000274658203
101.27999877929688
101.16000366210938
100.87001037597656
101.26000213623047
102.24000549316406
102.40000915527344
102.04000854492188
101.55000305175781
102.2800064086914
101.88999938964844
103.1300048828125
103.13999938964844
104.0300064086914
102.80999755859375
102.69000244140625
103.99000549316406
103.22000122070313
103.87000274658203
102.80999755859375
102.38999938964844
102.31001281738281
102.14000701904297
102.19001007080078
101.97000122070313
104.02000427246094
103.82000732421875
104.10000610351563
105.01000213623047
103.94000244140625
104.5999984741211
103.81000518798828
103.91999816894531
103.1600112915039
102.17001342773438
103.44001007080078
103.31000518798828
103.77999877929688
100.73001098632813
101.010009765625
100.33000946044922
102.46000671386719
101.51000213623047
103.12000274658203
103.0
103.56001281738281
101.57000732421875
102.08000183105469
102.87001037597656
100.74000549316406
102.12001037597656
107.07000732421875
104.93000030517578
105.33000946044922
104.86000061035156
104.37000274658203
102.16000366210938
103.3499984741211
104.08000946044922
103.0300064086914
101.59000396728516
104.95001220703125
104.19999694824219
104.37000274658203
101.760009765625
102.14000701904297
103.15000915527344
104.2300033569336
102.02999877929688
102.66000366210938
104.14000701904297
103.24000549316406
102.99000549316406
104.22000885009766
102.49000549316406
103.29000854492188
101.12000274658203
102.76000213623047
102.66000366210938
99.74000549316406
101.3800048828125
101.34001159667969
100.77999877929688
100.46000671386719
99.760009765625
100.72000122070313
101.83000183105469
101.46000671386719
100.21000671386719
101.97000122070313
100.70000457763672
100.35000610351563
99.760009765625
102.60000610351563
101.010009765625
101.49000549316406
102.38999938964844
101.80000305175781
102.16000366210938
101.69999694824219
101.9100112915039
101.69999694824219
102.70000457763672
104.2300033569336
103.24000549316406
101.17000579833984
101.4000015258789
102.11000061035156
102.72000122070313
102.17001342773438
105.23001098632813
101.64000701904297
102.91000366210938
102.79000091552734
102.02000427246094
100.91999816894531
100.37001037597656
102.93000030517578
100.80001068115234
100.58999633789063
102.24000549316406
101.31000518798828
100.14000701904297
101.52000427246094
100.9800033569336
103.18000793457031
102.62000274658203
104.02000427246094
103.82000732421875
103.89000701904297
103.06999969482422
103.94000244140625
103.49000549316406
101.760009765625
101.4000015258789
103.94000244140625
102.86000061035156
103.84001159667969
103.98001098632813
102.87001037597656
102.19001007080078
101.99000549316406
101.41999816894531
103.47000122070313
104.83000946044922
104.48001098632813
103.52000427246094
102.85000610351563
104.19000244140625
105.30000305175781
104.81001281738281
106.69000244140625
105.08000183105469
104.11000061035156
105.02999877929688
104.05000305175781
104.9800033569336
105.25000762939453
106.06001281738281
103.75000762939453
104.99000549316406
103.46000671386719
102.94000244140625
105.99000549316406
104.51000213623047
104.21000671386719
103.67000579833984
103.60000610351563
101.39000701904297
102.74000549316406
102.12001037597656
101.32000732421875
103.36000061035156
101.760009765625
104.37000274658203
103.57000732421875
103.87000274658203
102.46000671386719
105.16999816894531
104.44000244140625
106.15000915527344
104.70000457763672
103.81000518798828
103.91999816894531
103.8800048828125
102.85000610351563
102.74000549316406
104.81001281738281
102.07000732421875
104.64000701904297
104.42000579833984
104.00000762939453
102.99000549316406
102.80999755859375
101.69999694824219
101.60000610351563
103.85000610351563
104.42000579833984
104.86000061035156
104.0300064086914
104.52999877929688
103.47000122070313
102.55000305175781
100.42000579833984
100.8499984741211
104.12001037597656
104.31000518798828
100.70000457763672
102.66999816894531
103.5
103.66000366210938
102.04000854492188
103.23001098632813
104.50000762939453
105.35000610351563
105.34000396728516
105.10000610351563
105.95000457763672
103.59000396728516
101.97000122070313
102.38999938964844
104.260009765625
102.2300033569336
101.43000793457031
102.93000030517578
101.95000457763672
102.31001281738281
102.66999816894531
101.51000213623047
101.77000427246094
104.44000244140625
102.57000732421875
105.1300048828125
104.44000244140625
102.76000213623047
103.31000518798828
103.29000854492188
103.4800033569336
104.7800064086914
105.1100082397461
105.30999755859375
102.02999877929688
103.70001220703125
102.84000396728516
103.42001342773438
102.6300048828125
103.0
101.81999969482422
105.42000579833984
104.91000366210938
105.41000366210938
105.99000549316406
105.52000427246094
105.30999755859375
103.81000518798828
102.2800064086914
101.54000091552734
102.62000274658203
103.1100082397461
102.82000732421875
101.49000549316406
101.98001098632813
102.86000061035156
103.0300064086914
102.19001007080078
102.36000061035156
101.69000244140625
101.74000549316406
103.06999969482422
102.3800048828125
101.79000854492188
100.97000122070313
101.05000305175781
101.57000732421875
103.5300064086914
103.55000305175781
102.55000305175781
101.50000762939453
101.48001098632813
100.99000549316406
100.63999938964844
100.72000122070313
101.5300064086914
102.6500015258789
101.24000549316406
102.59001159667969
102.64000701904297
101.6300048828125
103.58000946044922
102.83000946044922
103.13999938964844
102.05001068115234
102.68000793457031
105.63999938964844
103.010009765625
103.63999938964844
103.1600112915039
103.49000549316406
104.16000366210938
103.89000701904297
105.55000305175781
103.59000396728516
103.98001098632813
104.84000396728516
103.71000671386719
105.69000244140625
104.19000244140625
104.35000610351563
104.34001159667969
105.12000274658203
105.29000091552734
105.96000671386719
104.4100112915039
101.19000244140625
102.00000762939453
100.44999694824219
101.81000518798828
103.27999877929688
102.99000549316406
102.9800033569336
102.02000427246094
102.69000244140625
100.77000427246094
100.52000427246094
99.80000305175781
99.86000061035156
99.18000030517578
100.74000549316406
100.4800033569336
99.80000305175781
100.82000732421875
101.93000793457031
103.75000762939453
102.29000091552734
101.90000915527344
101.20001220703125
102.59001159667969
101.75
102.16000366210938
103.13999938964844
104.24000549316406
103.10000610351563
102.12001037597656
103.4000015258789
102.33000946044922
100.46000671386719
101.29000854492188
101.83000183105469
102.91000366210938
102.46000671386719
101.72000885009766
102.24000549316406
100.5
100.89000701904297
101.48001098632813
101.77000427246094
101.7800064086914
100.9000015258789
101.12000274658203
101.46000671386719
100.63999938964844
101.81999969482422
99.05000305175781
100.1300048828125
102.52000427246094
102.36000061035156
99.91000366210938
101.7300033569336
100.29000091552734
102.92000579833984
101.3800048828125
102.66999816894531
101.760009765625
100.43000030517578
100.1500015258789
99.93000030517578
100.46000671386719
101.71000671386719
102.29000091552734
101.99000549316406
100.95000457763672
101.18000030517578
98.79000854492188
100.09001159667969
98.46000671386719
99.18000030517578
98.80000305175781
100.30000305175781
98.04000854492188
98.05000305175781
98.6300048828125
98.17000579833984
100.2800064086914
99.70000457763672
100.74000549316406
101.68000030517578
102.37000274658203
101.85000610351563
99.57000732421875
99.3600082397461
100.70000457763672
102.1500015258789
102.64000701904297
101.98001098632813
102.77000427246094
101.69999694824219
102.73001098632813
101.57000732421875
102.85000610351563
103.33000183105469
103.30001068115234
103.12000274658203
103.02000427246094
102.12001037597656
102.16000366210938
100.81000518798828
103.7300033569336
101.69000244140625
101.46000671386719
101.22000885009766
101.60000610351563
102.12001037597656
101.55000305175781
101.010009765625
103.54000091552734
101.55999755859375
103.31000518798828
104.55001068115234
104.6500015258789
103.20999908447266
102.08000183105469
102.45001220703125
101.55999755859375
102.38999938964844
103.24000549316406
103.75000762939453
103.75000762939453
105.510009765625
105.86000061035156
103.66000366210938
104.90000915527344
103.31000518798828
103.8600082397461
104.01000213623047
102.21000671386719
103.20000457763672
101.9100112915039
103.93000793457031
104.07000732421875
103.83000183105469
101.8600082397461
102.14000701904297
103.47000122070313
104.11000061035156
104.18000030517578
103.24000549316406
104.11000061035156
103.87000274658203
102.8800048828125
103.7300033569336
103.44001007080078
103.79000854492188
102.91000366210938
103.1100082397461
103.82000732421875
104.50000762939453
104.8800048828125
102.80000305175781
103.24000549316406
104.27000427246094
