101.74000549316406
101.9100112915039
102.9800033569336
102.02000427246094
101.35000610351563
103.6300048828125
104.52999877929688
104.12001037597656
104.21000671386719
103.27000427246094
105.10000610351563
104.50000762939453
103.31000518798828
103.6300048828125
103.510009765625
105.18000793457031
103.1100082397461
101.3800048828125
101.47000122070313
101.06001281738281
102.89000701904297
100.97000122070313
100.76000213623047
99.55001068115234
102.05001068115234
100.43000030517578
101.10000610351563
101.55000305175781
100.27000427246094
102.31001281738281
102.30000305175781
103.58000946044922
102.84000396728516
104.35000610351563
104.34001159667969
101.7800064086914
102.25
104.02000427246094
102.47000885009766
102.41000366210938
101.81000518798828
100.96000671386719
99.8800048828125
102.72000122070313
98.57000732421875
100.80001068115234
98.61000061035156
98.45000457763672
100.65000915527344
100.6100082397461
100.23001098632813
102.83000946044922
100.80001068115234
99.59000396728516
100.44999694824219
101.41999816894531
105.14000701904297
102.49000549316406
100.6600112915039
104.66000366210938
101.71000671386719
101.24000549316406
103.30001068115234
104.64000701904297
105.42000579833984
103.67000579833984
100.3800048828125
103.3800048828125
100.94001007080078
101.13999938964844
98.57000732421875
100.34000396728516
101.37000274658203
100.04000854492188
102.30000305175781
101.83999633789063
104.70000457763672
104.52000427246094
103.08000183105469
101.07000732421875
102.45001220703125
100.36000061035156
103.04000854492188
104.17000579833984
103.49000549316406
103.33000183105469
103.58000946044922
101.66000366210938
100.56000518798828
100.73001098632813
102.89000701904297
101.22000885009766
101.33000183105469
99.08000946044922
98.83000183105469
98.58000946044922
96.69000244140625
97.44000244140625
100.25000762939453
98.82000732421875
98.10000610351563
100.60000610351563
97.00000762939453
98.33000183105469
98.76000213623047
99.2800064086914
101.32000732421875
102.94999694824219
102.31001281738281
101.58000946044922
102.99000549316406
101.71000671386719
101.21000671386719
102.60000610351563
102.09000396728516
100.56000518798828
99.93000030517578
99.99000549316406
101.83000183105469
100.93000793457031
102.24000549316406
100.4800033569336
100.0
101.04000091552734
101.6300048828125
102.99000549316406
101.17000579833984
101.15000915527344
102.7800064086914
103.34000396728516
104.260009765625
104.86000061035156
104.2300033569336
105.80001068115234
104.260009765625
104.92000579833984
106.55000305175781
105.95000457763672
105.56999969482422
105.92001342773438
105.19000244140625
106.18000030517578
105.70000457763672
104.18000030517578
102.6100082397461
102.02000427246094
104.08000946044922
105.41000366210938
104.09000396728516
104.95001220703125
103.3800048828125
103.59000396728516
102.96000671386719
101.95999908447266
103.19000244140625
102.1300048828125
100.86000061035156
101.25000762939453
102.69000244140625
101.5300064086914
102.35000610351563
102.72000122070313
100.22000122070313
101.60000610351563
101.44000244140625
102.24000549316406
102.07000732421875
102.2800064086914
102.80999755859375
103.17000579833984
102.86000061035156
101.7800064086914
101.95000457763672
99.86000061035156
100.69000244140625
101.69999694824219
100.77000427246094
100.9000015258789
100.20000457763672
100.34000396728516
102.38999938964844
102.05001068115234
100.86000061035156
100.14000701904297
102.84000396728516
100.84000396728516
100.87001037597656
102.07000732421875
100.93000793457031
101.41000366210938
101.58000946044922
99.3800048828125
100.55000305175781
102.85000610351563
100.70000457763672
100.39000701904297
101.3800048828125
102.01000213623047
101.13999938964844
100.10000610351563
101.90000915527344
103.8800048828125
104.2800064086914
102.56000518798828
102.64000701904297
101.95999908447266
99.24000549316406
102.34000396728516
101.3600082397461
102.14000701904297
101.22000885009766
101.30000305175781
101.47000122070313
100.34000396728516
99.3600082397461
101.0300064086914
99.66000366210938
98.4800033569336
100.6100082397461
98.26000213623047
100.12000274658203
101.760009765625
100.81000518798828
100.8800048828125
103.1100082397461
100.8800048828125
102.260009765625
101.27999877929688
102.56000518798828
100.86000061035156
102.59001159667969
103.57000732421875
103.22000122070313
103.25000762939453
102.27000427246094
103.0
103.08999633789063
103.67000579833984
104.35000610351563
101.760009765625
102.55000305175781
102.59001159667969
102.86000061035156
100.46000671386719
102.260009765625
100.5300064086914
102.87001037597656
102.54000854492188
103.33000183105469
101.48001098632813
101.49000549316406
103.79000854492188
102.72000122070313
101.0300064086914
101.83999633789063
102.260009765625
100.80001068115234
100.510009765625
102.04000854492188
101.4000015258789
100.16999816894531
99.92000579833984
101.32000732421875
100.06000518798828
99.04000091552734
99.35000610351563
101.25000762939453
103.20999908447266
101.760009765625
101.77000427246094
102.40000915527344
101.8600082397461
101.37000274658203
101.90000915527344
98.4800033569336
100.40000915527344
100.94001007080078
102.42000579833984
101.17000579833984
100.21000671386719
101.07000732421875
100.44999694824219
98.62000274658203
96.12000274658203
98.54000091552734
100.12000274658203
100.35000610351563
99.61000061035156
102.02999877929688
100.1300048828125
98.91000366210938
100.89000701904297
97.66999816894531
101.16000366210938
101.69999694824219
101.1300048828125
101.44000244140625
102.36000061035156
102.04000854492188
103.20000457763672
102.60000610351563
102.19001007080078
103.0300064086914
101.44000244140625
100.68000793457031
101.65000915527344
100.14000701904297
99.92000579833984
102.33000946044922
101.10000610351563
100.35000610351563
100.99000549316406
99.4100112915039
101.41000366210938
101.29000854492188
100.05000305175781
99.85000610351563
101.32000732421875
100.96000671386719
103.20999908447266
103.30001068115234
103.57000732421875
105.89000701904297
104.2300033569336
104.8800048828125
106.52000427246094
103.95000457763672
101.83000183105469
103.18000793457031
104.7800064086914
103.61000061035156
103.44001007080078
102.85000610351563
102.6100082397461
103.76000213623047
102.99000549316406
104.95001220703125
102.99000549316406
103.68000030517578
103.33000183105469
104.67001342773438
102.49000549316406
103.18000793457031
104.71000671386719
103.96000671386719
102.41000366210938
101.50000762939453
102.56000518798828
103.30001068115234
101.11000061035156
103.30001068115234
103.04000854492188
102.82000732421875
102.64000701904297
101.32000732421875
103.5
102.20000457763672
101.55999755859375
102.33000946044922
101.50000762939453
100.26000213623047
102.6100082397461
102.74000549316406
103.81000518798828
100.22000122070313
101.31000518798828
103.26000213623047
102.94999694824219
102.40000915527344
102.93000030517578
103.76000213623047
104.27000427246094
102.89000701904297
103.96000671386719
101.44000244140625
101.58000946044922
103.7300033569336
103.52000427246094
104.92000579833984
104.59000396728516
105.34000396728516
106.11000061035156
106.16000366210938
105.05000305175781
103.7300033569336
104.70000457763672
103.98001098632813
102.89000701904297
101.54000091552734
103.9000015258789
104.90000915527344
103.33000183105469
105.63999938964844
102.84000396728516
104.37000274658203
106.48001098632813
105.10000610351563
102.99000549316406
102.75000762939453
105.34000396728516
104.83000946044922
106.010009765625
104.94000244140625
104.33000183105469
103.62000274658203
102.79000091552734
103.20999908447266
103.77999877929688
104.6500015258789
103.17000579833984
102.46000671386719
104.61000061035156
103.31000518798828
104.11000061035156
105.4800033569336
104.62001037597656
103.18000793457031
103.8800048828125
104.44000244140625
102.80000305175781
105.65000915527344
104.08000946044922
102.04000854492188
105.16999816894531
107.04000854492188
105.20000457763672
106.07000732421875
106.17000579833984
105.70000457763672
105.01000213623047
104.16000366210938
101.29000854492188
103.13999938964844
102.57000732421875
100.91000366210938
100.80001068115234
101.04000091552734
101.21000671386719
98.32000732421875
98.59000396728516
100.86000061035156
99.90000915527344
99.40000915527344
100.70999908447266
99.95001220703125
98.39000701904297
100.43000030517578
102.08000183105469
102.7800064086914
100.77000427246094
101.46000671386719
103.67000579833984
102.19001007080078
101.61000061035156
100.16000366210938
99.99000549316406
100.97000122070313
101.93000793457031
100.74000549316406
102.37000274658203
102.4800033569336
102.90000915527344
103.59000396728516
101.79000854492188
103.3800048828125
101.51000213623047
101.81999969482422
102.36000061035156
102.69000244140625
101.77000427246094
102.86000061035156
103.91000366210938
103.3499984741211
103.15000915527344
104.96000671386719
104.90000915527344
105.16999816894531
103.75000762939453
104.16000366210938
103.8800048828125
105.9800033569336
103.42001342773438
104.84000396728516
105.73001098632813
107.56000518798828
105.01000213623047
107.31001281738281
107.22000122070313
103.58000946044922
104.80000305175781
103.54000091552734
103.02000427246094
105.25000762939453
104.66000366210938
104.70000457763672
106.1300048828125
106.77000427246094
104.7800064086914
105.68000793457031
105.23001098632813
103.91999816894531
103.17000579833984
104.7800064086914
106.12000274658203
105.52000427246094
105.23001098632813
105.9800033569336
104.83000946044922
103.47000122070313
104.16000366210938
104.56000518798828
105.72000122070313
105.76000213623047
104.43000793457031
104.31000518798828
102.27000427246094
101.69000244140625
102.9800033569336
102.31001281738281
103.57000732421875
104.69001007080078
104.77000427246094
106.39000701904297
106.2300033569336
107.36000061035156
107.36000061035156
106.12000274658203
106.08000946044922
106.760009765625
106.66000366210938
106.7800064086914
107.01000213623047
105.5300064086914
105.91000366210938
105.73001098632813
104.7800064086914
104.85000610351563
105.35000610351563
105.30999755859375
107.70000457763672
106.65000915527344
109.38999938964844
108.19000244140625
107.08000183105469
106.760009765625
106.41999816894531
108.0
107.6500015258789
107.08000183105469
105.74000549316406
106.08000946044922
106.67000579833984
104.14000701904297
104.74000549316406
105.18000793457031
103.22000122070313
103.62000274658203
104.25
102.96000671386719
103.66000366210938
104.90000915527344
103.23001098632813
102.0999984741211
104.21000671386719
104.00000762939453
103.8600082397461
103.0300064086914
103.010009765625
102.86000061035156
104.4100112915039
103.32000732421875
105.63999938964844
103.60000610351563
103.79000854492188
105.00000762939453
104.25
103.54000091552734
103.22000122070313
102.83000946044922
104.14000701904297
103.20000457763672
104.94000244140625
104.1300048828125
104.00000762939453
103.94000244140625
105.52000427246094
104.85000610351563
104.260009765625
104.59000396728516
102.34000396728516
104.7800064086914
104.96000671386719
105.46000671386719
106.0
104.48001098632813
104.4100112915039
103.72000885009766
107.82000732421875
105.12000274658203
105.39000701904297
105.27000427246094
104.6500015258789
103.8800048828125
102.42000579833984
102.43000030517578
104.56000518798828
105.97000122070313
105.20000457763672
103.95000457763672
105.25000762939453
105.05000305175781
103.0300064086914
103.74000549316406
106.46000671386719
105.63999938964844
106.510009765625
106.45000457763672
107.30000305175781
104.09000396728516
106.62001037597656
104.18000030517578
103.31000518798828
105.62000274658203
103.510009765625
105.00000762939453
104.72000122070313
104.19000244140625
107.4800033569336
107.58000183105469
106.3800048828125
106.43000793457031
108.1100082397461
107.71000671386719
106.07000732421875
105.8499984741211
106.98001098632813
107.50000762939453
105.47000885009766
104.94000244140625
108.09001159667969
106.69999694824219
105.02000427246094
107.02999877929688
107.33000946044922
105.36000061035156
105.27000427246094
104.27000427246094
106.3800048828125
103.7300033569336
104.15000915527344
104.94000244140625
104.84000396728516
102.77000427246094
103.55000305175781
104.49000549316406
103.30001068115234
103.49000549316406
103.23001098632813
103.69000244140625
101.95999908447266
105.00000762939453
104.49000549316406
101.19000244140625
103.3499984741211
101.65000915527344
100.81000518798828
103.08999633789063
102.0999984741211
100.30000305175781
100.1300048828125
99.82000732421875
98.31000518798828
98.87000274658203
98.0300064086914
100.70999908447266
100.19000244140625
98.6300048828125
98.81000518798828
99.69001007080078
98.510009765625
100.02999877929688
100.94001007080078
101.05000305175781
99.82000732421875
99.72000122070313
100.70999908447266
101.90000915527344
102.36000061035156
103.02000427246094
106.3600082397461
103.6300048828125
104.93000030517578
102.75000762939453
103.20000457763672
100.52000427246094
101.8800048828125
99.35000610351563
98.66000366210938
101.22000885009766
102.4800033569336
104.6500015258789
105.54000854492188
104.31999969482422
104.51000213623047
104.07000732421875
104.95001220703125
105.4800033569336
105.41000366210938
105.6600112915039
103.57000732421875
102.91000366210938
103.05000305175781
100.6300048828125
102.64000701904297
102.75000762939453
102.21000671386719
101.87000274658203
102.9800033569336
104.4100112915039
102.9800033569336
104.09000396728516
103.72000885009766
103.8600082397461
101.93000793457031
102.6300048828125
103.66000366210938
102.89000701904297
103.44001007080078
103.61000061035156
102.16000366210938
102.11000061035156
103.04000854492188
102.79000091552734
103.59000396728516
102.71000671386719
101.67000579833984
102.51000213623047
103.31000518798828
102.52000427246094
102.4800033569336
104.79000091552734
103.31000518798828
105.87001037597656
105.5
105.5300064086914
103.79000854492188
103.76000213623047
104.4100112915039
103.83000183105469
100.99000549316406
102.22000122070313
102.31001281738281
101.46000671386719
99.86000061035156
98.77000427246094
100.21000671386719
100.44000244140625
100.73001098632813
99.12001037597656
102.77000427246094
101.66000366210938
101.52000427246094
100.27000427246094
101.47000122070313
100.35000610351563
101.93000793457031
102.37000274658203
102.80999755859375
99.87000274658203
100.9800033569336
102.82000732421875
101.12000274658203
101.68000030517578
101.50000762939453
100.20000457763672
102.09000396728516
102.44000244140625
101.93000793457031
105.42000579833984
102.34000396728516
101.45000457763672
102.37000274658203
104.56000518798828
102.07000732421875
102.90000915527344
101.52000427246094
101.52000427246094
101.54000091552734
101.99000549316406
101.52000427246094
103.74000549316406
103.29000854492188
102.60000610351563
103.0
101.71000671386719
101.64000701904297
102.1300048828125
102.6100082397461
103.1100082397461
101.74000549316406
105.47000885009766
103.1100082397461
104.4100112915039
105.20000457763672
104.55001068115234
105.56999969482422
105.62000274658203
104.71000671386719
105.80001068115234
103.84001159667969
104.3800048828125
102.85000610351563
105.25000762939453
103.24000549316406
102.21000671386719
101.98001098632813
104.72000122070313
101.74000549316406
103.34000396728516
104.1300048828125
104.45000457763672
105.81000518798828
104.71000671386719
105.18000793457031
104.70000457763672
105.86000061035156
105.55000305175781
104.35000610351563
101.07000732421875
103.02000427246094
103.26000213623047
102.8800048828125
102.06000518798828
100.09001159667969
101.19000244140625
100.9000015258789
99.07000732421875
102.50000762939453
104.45000457763672
104.6300048828125
102.25
100.76000213623047
101.26000213623047
101.64000701904297
99.52999877929688
99.82000732421875
100.87001037597656
101.99000549316406
100.73001098632813
100.02999877929688
99.90000915527344
101.79000854492188
101.83000183105469
99.96000671386719
101.37000274658203
102.50000762939453
101.7300033569336
99.57000732421875
101.17000579833984
100.82000732421875
102.92000579833984
102.66000366210938
101.74000549316406
101.30000305175781
104.80000305175781
103.7300033569336
103.67000579833984
103.17000579833984
104.7300033569336
104.16000366210938
106.4000015258789
105.75000762939453
103.25000762939453
104.52000427246094
105.07000732421875
106.07000732421875
105.55000305175781
105.81000518798828
106.18000030517578
104.59000396728516
105.52000427246094
105.74000549316406
105.18000793457031
106.06001281738281
105.6600112915039
101.5300064086914
102.51000213623047
104.31999969482422
102.35000610351563
105.18000793457031
106.02000427246094
103.89000701904297
105.40000915527344
104.34001159667969
106.7300033569336
104.50000762939453
105.55000305175781
104.00000762939453
104.70000457763672
104.94000244140625
104.6500015258789
103.69000244140625
103.20999908447266
103.77000427246094
101.60000610351563
103.23001098632813
101.04000091552734
103.27999877929688
101.06001281738281
102.0999984741211
101.05000305175781
101.95000457763672
104.54000854492188
100.49000549316406
103.54000091552734
106.17000579833984
105.32000732421875
103.49000549316406
102.44000244140625
100.52000427246094
101.58000946044922
104.3600082397461
105.56999969482422
105.08000183105469
106.60000610351563
103.69000244140625
104.59000396728516
104.260009765625
103.42001342773438
104.64000701904297
104.11000061035156
105.56000518798828
103.91000366210938
105.16000366210938
101.8800048828125
103.74000549316406
104.33000183105469
104.8800048828125
102.91000366210938
102.84000396728516
105.91000366210938
104.45000457763672
103.66000366210938
104.95001220703125
107.7800064086914
104.7800064086914
105.1100082397461
103.6300048828125
103.17000579833984
101.50000762939453
100.29000091552734
101.11000061035156
101.41000366210938
102.9800033569336
102.44000244140625
99.17000579833984
101.15000915527344
101.83000183105469
102.32000732421875
101.80000305175781
101.88999938964844
103.89000701904297
100.81000518798828
102.17001342773438
103.19000244140625
102.05001068115234
102.57000732421875
99.69001007080078
101.48001098632813
100.70000457763672
101.69000244140625
99.09000396728516
101.05000305175781
101.31000518798828
101.48001098632813
100.21000671386719
101.7800064086914
101.8800048828125
100.56999969482422
101.45000457763672
103.22000122070313
103.55000305175781
103.52000427246094
102.94000244140625
101.92000579833984
100.35000610351563
100.91000366210938
102.12001037597656
101.88999938964844
102.62000274658203
102.11000061035156
103.08000183105469
103.9000015258789
101.47000122070313
100.5300064086914
99.79000091552734
101.75
99.6300048828125
98.33000183105469
102.02999877929688
102.86000061035156
103.8800048828125
106.26000213623047
101.95999908447266
104.19999694824219
103.66000366210938
104.87000274658203
103.68000030517578
102.4800033569336
101.65000915527344
104.17000579833984
101.95999908447266
104.52999877929688
104.29000854492188
103.68000030517578
103.77000427246094
104.97000885009766
105.12000274658203
104.92000579833984
102.49000549316406
102.58000183105469
104.15000915527344
104.59000396728516
102.4800033569336
102.6100082397461
103.33000183105469
100.35000610351563
100.04000854492188
101.25000762939453
101.87000274658203
104.02000427246094
101.41000366210938
101.60000610351563
100.6600112915039
100.46000671386719
98.71000671386719
99.4100112915039
103.3499984741211
100.65000915527344
103.56001281738281
101.97000122070313
99.25
101.02000427246094
99.55001068115234
98.83000183105469
99.99000549316406
99.75
99.05999755859375
102.89000701904297
99.93000030517578
98.41999816894531
97.83000183105469
96.92000579833984
98.7300033569336
98.77000427246094
99.05999755859375
101.21000671386719
98.08999633789063
97.37000274658203
100.1500015258789
101.55999755859375
99.61000061035156
99.45999908447266
97.16999816894531
99.7800064086914
99.44000244140625
98.59000396728516
98.80000305175781
97.68000793457031
99.50000762939453
99.72000122070313
101.9100112915039
99.6500015258789
98.96000671386719
99.07000732421875
102.05001068115234
100.68000793457031
100.42000579833984
100.91000366210938
98.58000946044922
99.48001098632813
103.46000671386719
98.79000854492188
100.1100082397461
98.43000793457031
101.45000457763672
98.99000549316406
98.27999877929688
100.16999816894531
98.56001281738281
97.59001159667969
100.27000427246094
100.01000213623047
100.18000793457031
96.92000579833984
95.37001037597656
97.83000183105469
100.84000396728516
94.72000122070313
97.37000274658203
99.52999877929688
99.19999694824219
99.47000122070313
98.37001037597656
98.52000427246094
99.96000671386719
98.60000610351563
98.8600082397461
99.51000213623047
99.47000122070313
100.16000366210938
97.20000457763672
98.36000061035156
99.02000427246094
99.8800048828125
98.5300064086914
98.66000366210938
101.07000732421875
99.08000946044922
103.29000854492188
101.18000030517578
101.62001037597656
100.40000915527344
103.52000427246094
100.1500015258789
101.94000244140625
101.7300033569336
100.83000183105469
101.81999969482422
100.29000091552734
100.6300048828125
100.37001037597656
101.95999908447266
104.01000213623047
101.44000244140625
101.5300064086914
101.77000427246094
100.18000793457031
98.85000610351563
102.27000427246094
101.47000122070313
101.4000015258789
101.51000213623047
101.72000885009766
101.88999938964844
100.42000579833984
101.35000610351563
101.10000610351563
102.08000183105469
101.2300033569336
101.22000885009766
100.58999633789063
101.21000671386719
101.64000701904297
99.19000244140625
100.42000579833984
99.5999984741211
100.70999908447266
101.02000427246094
101.74000549316406
101.04000091552734
101.06001281738281
100.19000244140625
100.4800033569336
100.58000183105469
98.84001159667969
102.73001098632813
101.15000915527344
102.37000274658203
102.54000854492188
102.51000213623047
100.74000549316406
101.0
103.06999969482422
104.62001037597656
103.3800048828125
103.97000122070313
102.3800048828125
102.22000122070313
102.55000305175781
101.46000671386719
104.52000427246094
103.18000793457031
101.85000610351563
103.26000213623047
103.49000549316406
102.09000396728516
105.77000427246094
104.42000579833984
104.52999877929688
104.75
105.08000183105469
105.94001007080078
104.19000244140625
102.17001342773438
103.08000183105469
103.36000061035156
101.92000579833984
99.61000061035156
101.3800048828125
101.43000793457031
100.67000579833984
101.30000305175781
101.5300064086914
104.95001220703125
102.02000427246094
101.02000427246094
100.36000061035156
102.64000701904297
102.33000946044922
104.45999908447266
104.57000732421875
102.51000213623047
100.91000366210938
102.57000732421875
101.010009765625
100.21000671386719
101.32000732421875
101.87000274658203
104.24000549316406
102.05001068115234
104.33000183105469
104.1300048828125
105.41000366210938
104.44000244140625
106.5300064086914
106.54000091552734
107.58000183105469
105.99000549316406
104.16000366210938
103.4800033569336
106.57000732421875
104.31000518798828
101.83999633789063
99.59000396728516
103.49000549316406
102.05001068115234
96.62001037597656
98.55000305175781
98.61000061035156
100.73001098632813
99.30000305175781
98.95000457763672
99.69001007080078
101.44000244140625
101.09000396728516
100.510009765625
102.30000305175781
103.20999908447266
102.37000274658203
103.10000610351563
105.69000244140625
102.66000366210938
103.08000183105469
102.84000396728516
105.24000549316406
102.68000793457031
102.0999984741211
101.65000915527344
101.49000549316406
103.0300064086914
100.1100082397461
103.23001098632813
100.10000610351563
98.20999908447266
99.4100112915039
98.60000610351563
100.40000915527344
100.72000122070313
101.27000427246094
102.50000762939453
102.37000274658203
102.02999877929688
101.48001098632813
100.6300048828125
99.94000244140625
99.49000549316406
99.66000366210938
102.43000030517578
99.7300033569336
100.07000732421875
102.57000732421875
101.30000305175781
103.29000854492188
103.6300048828125
104.17000579833984
102.41000366210938
102.42000579833984
102.80000305175781
104.62001037597656
102.08000183105469
102.80000305175781
100.95000457763672
102.27000427246094
101.760009765625
101.72000885009766
101.77000427246094
103.12000274658203
101.29000854492188
103.25000762939453
101.47000122070313
102.97000885009766
101.7300033569336
104.04000091552734
102.84000396728516
105.8499984741211
101.18000030517578
100.22000122070313
100.77000427246094
102.37000274658203
102.37000274658203
101.67000579833984
104.04000091552734
105.18000793457031
103.19000244140625
105.10000610351563
102.52000427246094
103.87000274658203
102.87001037597656
102.54000854492188
103.0300064086914
101.71000671386719
102.87001037597656
104.68000793457031
101.83000183105469
102.52000427246094
100.49000549316406
100.70999908447266
102.4800033569336
102.54000854492188
102.66000366210938
101.8800048828125
104.21000671386719
102.75000762939453
104.87000274658203
101.95999908447266
104.17000579833984
104.00000762939453
105.9000015258789
104.83000946044922
103.02000427246094
108.22000122070313
105.6600112915039
106.77000427246094
106.10000610351563
105.99000549316406
105.39000701904297
103.27000427246094
104.2300033569336
103.34000396728516
102.45001220703125
107.25
105.52000427246094
105.83000183105469
105.46000671386719
106.43000793457031
107.1300048828125
107.68000793457031
104.45000457763672
105.63999938964844
106.12000274658203
107.57000732421875
107.1500015258789
107.17001342773438
104.80000305175781
102.40000915527344
103.6300048828125
104.24000549316406
104.15000915527344
105.27000427246094
103.15000915527344
103.36000061035156
105.20000457763672
104.37000274658203
104.54000854492188
104.94000244140625
105.16999816894531
105.07000732421875
106.7300033569336
106.60000610351563
106.69000244140625
106.3800048828125
104.7300033569336
105.37001037597656
104.27000427246094
103.74000549316406
102.41000366210938
101.95000457763672
103.15000915527344
101.83999633789063
100.80001068115234
101.97000122070313
101.12000274658203
102.24000549316406
102.83000946044922
105.06000518798828
104.04000091552734
104.31000518798828
103.47000122070313
104.08000946044922
103.010009765625
102.38999938964844
101.7800064086914
102.22000122070313
100.44000244140625
101.85000610351563
98.46000671386719
100.86000061035156
101.54000091552734
102.56000518798828
102.24000549316406
103.08000183105469
102.60000610351563
100.2800064086914
101.66000366210938
100.95000457763672
101.90000915527344
102.11000061035156
100.0
102.3800048828125
103.75000762939453
104.52999877929688
107.37000274658203
105.30000305175781
105.36000061035156
105.77999877929688
105.16000366210938
105.9000015258789
103.08000183105469
103.27999877929688
103.82000732421875
102.77000427246094
101.48001098632813
100.3800048828125
100.10000610351563
100.05000305175781
100.9800033569336
102.52000427246094
104.25
104.93000030517578
104.8800048828125
106.81000518798828
105.54000854492188
103.18000793457031
103.97000122070313
103.3499984741211
102.7800064086914
104.09000396728516
101.92000579833984
104.9800033569336
102.92000579833984
102.29000091552734
103.71000671386719
103.63999938964844
102.80999755859375
100.30999755859375
103.76000213623047
103.31000518798828
102.93000030517578
102.1500015258789
103.26000213623047
102.99000549316406
104.01000213623047
103.60000610351563
103.8800048828125
104.42000579833984
104.05000305175781
104.7300033569336
104.66000366210938
104.00000762939453
103.02000427246094
102.74000549316406
101.65000915527344
102.14000701904297
100.36000061035156
101.05000305175781
101.05000305175781
100.6600112915039
102.02000427246094
99.99000549316406
100.8499984741211
102.85000610351563
103.510009765625
103.55000305175781
104.49000549316406
104.88999938964844
104.79000091552734
104.82000732421875
102.91000366210938
103.37001037597656
105.93000793457031
104.38999938964844
104.05000305175781
104.54000854492188
104.69001007080078
104.45999908447266
103.57000732421875
103.25000762939453
104.87000274658203
106.10000610351563
