112.3800048828125
112.84000396728516
112.50000762939453
111.12000274658203
111.010009765625
113.32000732421875
112.51000213623047
113.19000244140625
114.8800048828125
112.92000579833984
112.6500015258789
115.2800064086914
115.75000762939453
114.18000030517578
113.96000671386719
115.75000762939453
115.05000305175781
114.29000854492188
114.16000366210938
112.87001037597656
113.43000793457031
113.42001342773438
112.73001098632813
110.80001068115234
113.36000061035156
111.10000610351563
112.31001281738281
112.83000946044922
111.16000366210938
113.52000427246094
111.87000274658203
112.80999755859375
112.27000427246094
116.05000305175781
115.24000549316406
113.10000610351563
114.3800048828125
114.7800064086914
114.50000762939453
113.95000457763672
113.08000183105469
112.22000122070313
111.41000366210938
113.05000305175781
110.02999877929688
109.70000457763672
108.82000732421875
110.44000244140625
113.46000671386719
113.55000305175781
112.80999755859375
115.1500015258789
114.27001190185547
111.46000671386719
110.92001342773438
110.58000183105469
113.74000549316406
114.0300064086914
111.5300064086914
113.71000671386719
112.31001281738281
113.52000427246094
113.69000244140625
115.1300048828125
115.34000396728516
114.17000579833984
111.29000854492188
115.5300064086914
113.3800048828125
114.35000610351563
110.06000518798828
111.3600082397461
114.35000610351563
114.84000396728516
114.74000549316406
114.07000732421875
117.79000091552734
116.95000457763672
113.43000793457031
112.08000183105469
113.87000274658203
113.62000274658203
114.27001190185547
114.34001159667969
116.19000244140625
114.92000579833984
115.33000946044922
112.86000061035156
114.42000579833984
115.81000518798828
115.6300048828125
113.45000457763672
113.84001159667969
111.19000244140625
112.18000793457031
111.94000244140625
110.1500015258789
111.43000793457031
114.04000091552734
110.42000579833984
110.77000427246094
113.81000518798828
112.77000427246094
113.010009765625
112.41000366210938
113.52000427246094
117.1300048828125
117.8800048828125
116.510009765625
115.35000610351563
117.41000366210938
116.9100112915039
115.43000030517578
116.45000457763672
116.8600082397461
114.43000793457031
113.94001007080078
116.30000305175781
118.74000549316406
117.50000762939453
118.82000732421875
116.72000885009766
116.80000305175781
117.41000366210938
117.66999816894531
118.0
115.05000305175781
116.0
116.93000793457031
116.83000183105469
117.2300033569336
115.9800033569336
114.88999938964844
117.6100082397461
115.96000671386719
116.39000701904297
116.7300033569336
118.25000762939453
115.2800064086914
117.30000305175781
117.3600082397461
117.72000122070313
117.73001098632813
116.9100112915039
116.12000274658203
114.66000366210938
115.41000366210938
117.82000732421875
116.87000274658203
116.70001220703125
117.57000732421875
116.1100082397461
114.8800048828125
114.6300048828125
114.10000610351563
114.77000427246094
114.33000183105469
114.61000061035156
116.27999877929688
112.87001037597656
114.29000854492188
114.58000183105469
112.02000427246094
112.30000305175781
112.24000549316406
110.55000305175781
110.60000610351563
111.35000610351563
109.82000732421875
110.70000457763672
110.8800048828125
111.46000671386719
110.6300048828125
107.93000030517578
109.71000671386719
110.1100082397461
110.91000366210938
111.11000061035156
111.27000427246094
110.77000427246094
112.68000793457031
111.27000427246094
111.10000610351563
112.20000457763672
113.98001098632813
111.54000091552734
111.68000030517578
113.39000701904297
111.81999969482422
111.3600082397461
112.41000366210938
110.83000183105469
112.05001068115234
112.41000366210938
111.8600082397461
112.1300048828125
112.46000671386719
113.0
112.97000885009766
112.00000762939453
111.79000854492188
114.45000457763672
114.59000396728516
114.33000183105469
112.70000457763672
113.46000671386719
112.54000854492188
113.06000518798828
112.19001007080078
112.52000427246094
111.69999694824219
112.51000213623047
113.22000122070313
113.65000915527344
111.95000457763672
112.58000183105469
111.65000915527344
110.4800033569336
111.11000061035156
112.19001007080078
113.1100082397461
113.44001007080078
112.64000701904297
112.17001342773438
113.19000244140625
111.81000518798828
112.68000793457031
112.43000793457031
113.63999938964844
112.56000518798828
112.22000122070313
113.60000610351563
113.1100082397461
111.71000671386719
110.02999877929688
110.75000762939453
112.68000793457031
112.12001037597656
112.49000549316406
111.510009765625
113.39000701904297
113.5300064086914
113.52000427246094
111.19000244140625
111.8600082397461
111.05000305175781
111.81000518798828
111.71000671386719
112.94999694824219
110.29000091552734
109.86000061035156
111.95999908447266
112.6100082397461
111.07000732421875
112.80000305175781
114.27001190185547
113.31000518798828
110.97000122070313
112.32000732421875
111.35000610351563
110.74000549316406
110.56999969482422
110.84000396728516
109.51000213623047
110.30000305175781
110.04000854492188
112.69001007080078
114.56000518798828
112.69001007080078
111.55999755859375
111.64000701904297
110.44000244140625
110.29000091552734
110.36000061035156
109.52999877929688
111.68000030517578
113.36000061035156
111.0
110.42000579833984
110.44999694824219
110.27000427246094
110.85000610351563
109.35000610351563
109.37000274658203
109.33000183105469
111.64000701904297
110.44999694824219
110.44999694824219
110.260009765625
108.45000457763672
109.43000793457031
110.05000305175781
107.6500015258789
109.54000854492188
110.58000183105469
111.11000061035156
110.87001037597656
112.51000213623047
111.90000915527344
112.56000518798828
111.19000244140625
111.29000854492188
112.2300033569336
110.91000366210938
110.35000610351563
112.06000518798828
109.92000579833984
110.09001159667969
110.39000701904297
108.56001281738281
109.12001037597656
110.30000305175781
108.58000946044922
110.05000305175781
109.83000946044922
110.83000183105469
108.10000610351563
111.72000885009766
109.97000885009766
111.66000366210938
112.08000183105469
113.37001037597656
113.91999816894531
112.18000793457031
110.16999816894531
112.3800048828125
111.58000946044922
109.57000732421875
111.24000549316406
110.8800048828125
109.44000244140625
109.19000244140625
110.46000671386719
109.49000549316406
110.84000396728516
110.07000732421875
109.31000518798828
108.4800033569336
108.5
109.95001220703125
111.16000366210938
109.58000183105469
110.76000213623047
111.45000457763672
111.8600082397461
110.23001098632813
109.71000671386719
110.07000732421875
110.02999877929688
109.68000793457031
111.25000762939453
110.86000061035156
112.11000061035156
110.69000244140625
109.55001068115234
110.46000671386719
111.30000305175781
110.18000793457031
110.40000915527344
110.18000793457031
111.07000732421875
110.49000549316406
112.94999694824219
111.81999969482422
110.72000122070313
111.04000091552734
113.12000274658203
113.17000579833984
112.47000885009766
111.88999938964844
112.47000885009766
112.75000762939453
114.21000671386719
112.02000427246094
112.08000183105469
113.27999877929688
113.45000457763672
113.99000549316406
113.24000549316406
113.55000305175781
114.97000885009766
112.34000396728516
113.7300033569336
113.83000183105469
112.51000213623047
113.0
111.74000549316406
110.08000183105469
110.260009765625
112.42000579833984
110.01000213623047
108.82000732421875
110.83000183105469
109.33000183105469
111.3600082397461
112.05001068115234
111.99000549316406
111.20001220703125
109.97000885009766
111.95999908447266
112.25
111.80000305175781
112.77000427246094
111.57000732421875
111.95999908447266
109.85000610351563
109.96000671386719
109.27000427246094
109.37000274658203
108.20999908447266
108.77999877929688
111.54000091552734
110.260009765625
110.9800033569336
111.65000915527344
111.55000305175781
111.17000579833984
111.05000305175781
110.16000366210938
108.67000579833984
111.27000427246094
110.42000579833984
109.010009765625
111.48001098632813
111.93000793457031
108.60000610351563
110.56999969482422
109.30000305175781
109.2300033569336
109.51000213623047
108.52000427246094
105.68000793457031
107.38999938964844
107.66999816894531
106.37000274658203
106.62001037597656
108.60000610351563
106.41999816894531
105.52000427246094
107.0999984741211
109.68000793457031
109.57000732421875
107.75000762939453
108.0300064086914
106.10000610351563
106.08000946044922
108.5300064086914
108.52000427246094
107.68000793457031
105.67000579833984
106.0
108.39000701904297
105.94001007080078
105.8800048828125
106.37000274658203
107.49000549316406
109.31999969482422
110.16000366210938
109.1300048828125
111.65000915527344
109.9800033569336
108.30001068115234
109.24000549316406
108.87000274658203
108.05000305175781
107.72000122070313
108.74000549316406
107.77000427246094
109.77000427246094
105.87001037597656
107.2800064086914
106.81000518798828
105.63999938964844
106.35000610351563
106.83000183105469
107.35000610351563
108.34000396728516
107.02000427246094
108.06000518798828
108.24000549316406
110.44000244140625
107.16000366210938
108.27999877929688
107.87001037597656
107.760009765625
107.42000579833984
109.31000518798828
108.30001068115234
107.18000793457031
106.5300064086914
106.06001281738281
105.30000305175781
106.83000183105469
107.6500015258789
106.57000732421875
107.14000701904297
107.07000732421875
106.92000579833984
107.17001342773438
107.52999877929688
107.04000854492188
108.0300064086914
107.46000671386719
109.4100112915039
109.0300064086914
108.32000732421875
109.67001342773438
108.41000366210938
106.55000305175781
108.59000396728516
107.97000885009766
106.90000915527344
105.81000518798828
108.05000305175781
107.44000244140625
106.55000305175781
105.70000457763672
107.75000762939453
105.40000915527344
107.760009765625
108.0
106.79000854492188
108.18000793457031
106.92000579833984
108.77000427246094
106.1300048828125
106.84001159667969
107.43000793457031
105.84000396728516
106.65000915527344
107.86000061035156
107.260009765625
106.32000732421875
106.58000946044922
106.7300033569336
106.99000549316406
107.77000427246094
106.87000274658203
107.14000701904297
109.82000732421875
107.57000732421875
109.67001342773438
109.05999755859375
109.66000366210938
106.3600082397461
106.52000427246094
108.96000671386719
109.31000518798828
107.91000366210938
108.3499984741211
107.51000213623047
107.70000457763672
105.56999969482422
104.42000579833984
106.05000305175781
108.0300064086914
108.71000671386719
107.47000885009766
106.67000579833984
105.89000701904297
107.18000793457031
107.66999816894531
106.17000579833984
105.9800033569336
107.54000854492188
109.45999908447266
108.43000793457031
108.26000213623047
109.31999969482422
111.13999938964844
107.99000549316406
110.77999877929688
107.6300048828125
109.6300048828125
110.25000762939453
108.65000915527344
109.70000457763672
109.00000762939453
108.77000427246094
110.42000579833984
107.89000701904297
109.760009765625
108.41000366210938
108.80000305175781
106.81999969482422
108.10000610351563
109.18000030517578
109.60000610351563
109.44000244140625
108.12000274658203
109.4100112915039
109.40000915527344
110.12000274658203
110.42000579833984
110.27000427246094
110.74000549316406
109.35000610351563
111.3600082397461
110.9800033569336
111.06001281738281
110.06000518798828
109.11000061035156
110.59001159667969
110.43000030517578
112.02000427246094
113.05000305175781
114.6300048828125
113.87000274658203
112.08000183105469
113.0300064086914
112.10000610351563
111.3600082397461
112.60000610351563
114.05999755859375
113.85000610351563
110.34000396728516
111.98001098632813
112.37000274658203
110.65000915527344
112.74000549316406
110.72000122070313
109.77000427246094
111.54000091552734
109.70000457763672
111.20001220703125
111.22000885009766
109.47000122070313
110.99000549316406
110.93000793457031
110.81000518798828
111.81999969482422
114.7800064086914
112.62000274658203
111.65000915527344
111.55000305175781
112.83000946044922
111.79000854492188
109.42000579833984
109.7800064086914
110.9000015258789
110.1500015258789
108.31000518798828
110.70000457763672
111.81999969482422
108.83000183105469
109.34001159667969
109.60000610351563
111.69000244140625
110.95000457763672
109.17000579833984
109.19999694824219
108.49000549316406
110.56000518798828
109.87000274658203
109.7800064086914
110.260009765625
110.70000457763672
110.37001037597656
110.60000610351563
108.23001098632813
109.54000854492188
109.61000061035156
107.92000579833984
108.06000518798828
107.06000518798828
108.9000015258789
108.22000122070313
106.85000610351563
108.3800048828125
107.42000579833984
107.47000885009766
106.92000579833984
108.57000732421875
105.6100082397461
107.74000549316406
106.69999694824219
104.9800033569336
106.0
106.39000701904297
106.58000946044922
109.83000946044922
107.66999816894531
110.23001098632813
107.59001159667969
107.04000854492188
109.05000305175781
109.29000854492188
107.50000762939453
106.61000061035156
109.27000427246094
109.4100112915039
112.1300048828125
110.52001190185547
110.52001190185547
110.5
109.11000061035156
108.25000762939453
108.85000610351563
109.47000122070313
111.43000793457031
111.87000274658203
113.59000396728516
114.22000885009766
112.58000183105469
113.0
113.09001159667969
113.0
112.18000793457031
112.11000061035156
111.35000610351563
111.45000457763672
110.37001037597656
108.80000305175781
106.99000549316406
107.6100082397461
107.69000244140625
106.95000457763672
107.6300048828125
109.68000793457031
108.0300064086914
108.4800033569336
107.74000549316406
110.54000854492188
107.21000671386719
107.18000793457031
108.23001098632813
106.2300033569336
108.98001098632813
109.30000305175781
109.17000579833984
108.27999877929688
108.19000244140625
109.10000610351563
110.01000213623047
108.99000549316406
108.58000946044922
108.76000213623047
108.41000366210938
109.08000946044922
109.15000915527344
110.5300064086914
111.20001220703125
112.18000793457031
111.95000457763672
112.52999877929688
109.87000274658203
111.19000244140625
110.54000854492188
110.92001342773438
110.07000732421875
111.0300064086914
109.92000579833984
109.4100112915039
109.51000213623047
107.38999938964844
108.43000793457031
109.8800048828125
109.22000885009766
108.96000671386719
112.04000854492188
110.5300064086914
109.02000427246094
107.18000793457031
107.99000549316406
106.67000579833984
108.67000579833984
110.260009765625
110.79000854492188
109.60000610351563
109.54000854492188
110.73001098632813
109.54000854492188
110.19000244140625
110.47000885009766
108.75000762939453
109.59000396728516
111.97000122070313
111.02000427246094
112.4800033569336
112.42000579833984
110.70000457763672
110.79000854492188
111.35000610351563
108.18000793457031
110.80001068115234
110.10000610351563
109.010009765625
109.07000732421875
109.04000091552734
109.45999908447266
110.32000732421875
111.17000579833984
109.45999908447266
108.29000854492188
108.12000274658203
108.89000701904297
109.71000671386719
108.56001281738281
109.14000701904297
108.010009765625
110.70000457763672
108.19000244140625
108.1100082397461
109.11000061035156
106.43000793457031
108.8800048828125
108.52000427246094
106.54000091552734
108.0300064086914
107.83000946044922
110.02999877929688
108.06999969482422
108.65000915527344
106.64000701904297
106.80000305175781
108.85000610351563
110.59001159667969
111.55999755859375
110.23001098632813
109.27000427246094
112.73001098632813
112.3800048828125
111.12000274658203
111.65000915527344
111.97000122070313
110.27000427246094
110.74000549316406
109.92000579833984
109.3600082397461
110.23001098632813
107.42000579833984
107.86000061035156
108.45000457763672
106.27000427246094
108.3499984741211
104.72000122070313
104.97000885009766
108.08000183105469
110.83000183105469
108.81000518798828
108.04000854492188
106.87000274658203
106.92000579833984
107.31001281738281
105.92001342773438
105.93000793457031
109.35000610351563
108.7300033569336
107.71000671386719
109.6300048828125
107.84000396728516
109.48001098632813
111.17000579833984
109.24000549316406
110.3800048828125
111.04000091552734
110.82000732421875
108.77999877929688
108.72000885009766
108.1300048828125
108.46000671386719
109.07000732421875
109.56000518798828
109.21000671386719
109.45000457763672
108.81000518798828
109.16000366210938
108.510009765625
107.92000579833984
110.67000579833984
110.82000732421875
109.71000671386719
109.45000457763672
111.30000305175781
110.21000671386719
111.31000518798828
110.24000549316406
110.63999938964844
112.56000518798828
111.39000701904297
110.5300064086914
109.25
110.44000244140625
109.47000122070313
111.05000305175781
107.02000427246094
108.9000015258789
109.00000762939453
106.49000549316406
110.24000549316406
109.90000915527344
108.23001098632813
109.24000549316406
107.94000244140625
108.02000427246094
107.92000579833984
107.14000701904297
107.75000762939453
107.43000793457031
107.84000396728516
107.87001037597656
108.25000762939453
108.89000701904297
109.19999694824219
108.69000244140625
108.56001281738281
106.7800064086914
108.62000274658203
107.90000915527344
106.8600082397461
105.82000732421875
107.73001098632813
109.0300064086914
107.80000305175781
107.73001098632813
109.40000915527344
108.99000549316406
108.59000396728516
107.18000793457031
105.22000122070313
106.2300033569336
109.21000671386719
108.37001037597656
108.65000915527344
108.85000610351563
107.64000701904297
107.58000183105469
107.55000305175781
106.16000366210938
106.97000122070313
105.8499984741211
107.79000091552734
107.75000762939453
105.67000579833984
104.22000885009766
104.760009765625
105.29000091552734
106.37000274658203
105.89000701904297
105.9800033569336
109.07000732421875
107.94999694824219
106.81999969482422
106.44000244140625
109.77000427246094
108.72000885009766
107.52000427246094
105.77000427246094
107.2800064086914
107.11000061035156
105.86000061035156
107.05001068115234
107.80000305175781
108.95000457763672
109.19000244140625
106.50000762939453
108.24000549316406
107.45001220703125
108.8800048828125
109.11000061035156
109.7800064086914
108.87000274658203
106.88999938964844
109.37000274658203
109.43000793457031
109.97000885009766
109.08000946044922
106.60000610351563
107.97000885009766
108.04000854492188
108.7300033569336
108.22000122070313
109.18000030517578
109.0300064086914
109.42000579833984
109.82000732421875
108.91999816894531
107.80999755859375
106.31000518798828
104.93000030517578
104.43000793457031
106.22000885009766
107.04000854492188
106.16000366210938
105.02999877929688
106.7800064086914
107.05001068115234
106.7300033569336
106.20001220703125
107.94999694824219
107.46000671386719
106.71000671386719
107.32000732421875
105.84000396728516
104.6300048828125
105.94001007080078
106.59000396728516
105.33000946044922
105.24000549316406
107.24000549316406
107.75000762939453
109.30000305175781
109.81001281738281
105.76000213623047
107.29000091552734
105.79000854492188
107.35000610351563
105.02999877929688
102.79000091552734
103.1100082397461
102.66000366210938
101.24000549316406
104.50000762939453
103.99000549316406
102.55000305175781
103.43000793457031
104.58000183105469
105.72000122070313
106.60000610351563
100.94001007080078
101.68000030517578
102.29000091552734
103.02000427246094
102.84000396728516
101.02000427246094
103.87000274658203
99.70000457763672
101.52000427246094
102.85000610351563
102.31001281738281
103.91999816894531
103.71000671386719
103.1300048828125
103.54000091552734
105.44000244140625
102.52999877929688
103.17000579833984
104.59000396728516
106.41999816894531
108.69000244140625
105.20000457763672
103.99000549316406
105.30999755859375
105.56000518798828
103.39000701904297
104.35000610351563
104.5999984741211
103.3800048828125
104.34001159667969
101.45000457763672
102.37000274658203
99.25
101.20001220703125
101.31000518798828
101.010009765625
102.89000701904297
104.11000061035156
101.8600082397461
104.07000732421875
104.22000885009766
104.93000030517578
104.66000366210938
104.01000213623047
102.60000610351563
103.8600082397461
103.29000854492188
104.37000274658203
104.74000549316406
103.19000244140625
101.98001098632813
104.260009765625
106.11000061035156
105.1100082397461
103.72000885009766
104.57000732421875
105.8800048828125
103.30001068115234
102.6100082397461
103.91000366210938
102.25
102.6500015258789
107.16000366210938
104.2800064086914
104.29000854492188
103.71000671386719
105.30999755859375
102.9800033569336
102.94999694824219
104.62001037597656
102.4800033569336
103.27999877929688
105.29000091552734
103.54000091552734
103.79000854492188
101.49000549316406
100.510009765625
101.95000457763672
104.47000122070313
100.55000305175781
101.62001037597656
102.86000061035156
102.12001037597656
101.58000946044922
102.89000701904297
99.71000671386719
101.26000213623047
100.70000457763672
100.77999877929688
100.6100082397461
99.52999877929688
100.5
99.12001037597656
99.79000091552734
98.43000793457031
99.64000701904297
99.17000579833984
100.46000671386719
101.8800048828125
101.08000946044922
102.49000549316406
101.65000915527344
100.9000015258789
97.9800033569336
101.46000671386719
100.08000183105469
99.82000732421875
99.8800048828125
99.50000762939453
102.44000244140625
100.1300048828125
99.93000030517578
99.72000122070313
102.1500015258789
104.29000854492188
102.19001007080078
101.21000671386719
99.97000885009766
101.33000183105469
100.30999755859375
100.04000854492188
102.05001068115234
100.67000579833984
101.18000030517578
101.81999969482422
100.86000061035156
98.80000305175781
101.31000518798828
102.02000427246094
100.18000793457031
102.42000579833984
103.10000610351563
102.54000854492188
103.18000793457031
103.72000885009766
101.49000549316406
101.77000427246094
100.27000427246094
103.06000518798828
103.31000518798828
102.94999694824219
102.0999984741211
103.5
102.56000518798828
102.06000518798828
100.91999816894531
101.39000701904297
103.55000305175781
102.6500015258789
103.95000457763672
102.17001342773438
104.05999755859375
102.80999755859375
102.38999938964844
105.52000427246094
105.96000671386719
105.67000579833984
104.59000396728516
103.22000122070313
103.74000549316406
105.34000396728516
102.6100082397461
107.09000396728516
104.7800064086914
104.17000579833984
104.94000244140625
103.99000549316406
103.84001159667969
105.75000762939453
103.85000610351563
103.71000671386719
103.8600082397461
102.24000549316406
103.19000244140625
103.06000518798828
101.92000579833984
102.33000946044922
101.80000305175781
100.84000396728516
98.84001159667969
100.04000854492188
100.43000030517578
101.04000091552734
102.75000762939453
101.18000030517578
103.25000762939453
102.08000183105469
102.85000610351563
101.4000015258789
103.4000015258789
102.89000701904297
104.44000244140625
105.93000793457031
103.71000671386719
104.72000122070313
101.67000579833984
101.74000549316406
101.72000885009766
104.61000061035156
102.21000671386719
104.67001342773438
103.84001159667969
103.72000885009766
104.3800048828125
104.24000549316406
104.52999877929688
104.85000610351563
105.3800048828125
106.59000396728516
105.06000518798828
102.99000549316406
103.27999877929688
104.50000762939453
103.0
100.77999877929688
100.89000701904297
103.37001037597656
103.20000457763672
97.06000518798828
100.32000732421875
100.63999938964844
102.30000305175781
101.08000946044922
101.62001037597656
103.10000610351563
102.4800033569336
101.24000549316406
102.36000061035156
103.97000122070313
104.19999694824219
102.06000518798828
101.29000854492188
102.69000244140625
102.01000213623047
101.46000671386719
102.05001068115234
103.7300033569336
102.43000030517578
102.68000793457031
100.76000213623047
102.00000762939453
102.74000549316406
100.72000122070313
104.11000061035156
101.57000732421875
100.36000061035156
101.1300048828125
100.10000610351563
100.94001007080078
102.01000213623047
101.65000915527344
103.1100082397461
102.0999984741211
102.91000366210938
102.56000518798828
102.52999877929688
101.22000885009766
99.68000793457031
100.27000427246094
103.20999908447266
101.97000122070313
103.42001342773438
103.60000610351563
103.12000274658203
102.99000549316406
102.75000762939453
101.64000701904297
100.1300048828125
101.07000732421875
101.41000366210938
100.44000244140625
99.70000457763672
99.2300033569336
97.1500015258789
99.6300048828125
99.51000213623047
99.50000762939453
99.54000854492188
101.17000579833984
100.8499984741211
100.6600112915039
101.62001037597656
104.05000305175781
100.89000701904297
101.55999755859375
103.7300033569336
104.59000396728516
101.59000396728516
101.66000366210938
102.6300048828125
102.77000427246094
102.80000305175781
103.08999633789063
104.96000671386719
106.39000701904297
103.22000122070313
105.1300048828125
103.74000549316406
103.34000396728516
103.32000732421875
104.6500015258789
103.69000244140625
102.32000732421875
102.80999755859375
104.85000610351563
102.01000213623047
104.47000122070313
102.73001098632813
104.21000671386719
104.69001007080078
104.86000061035156
105.77000427246094
105.35000610351563
105.81000518798828
106.04000091552734
104.55001068115234
107.80999755859375
107.2300033569336
106.95000457763672
106.62001037597656
106.29000854492188
105.09001159667969
106.84001159667969
104.2800064086914
104.81001281738281
105.77999877929688
105.14000701904297
106.55999755859375
105.82000732421875
105.97000122070313
104.57000732421875
104.09000396728516
104.59000396728516
104.45999908447266
104.09000396728516
103.91999816894531
104.54000854492188
105.84000396728516
106.8800048828125
105.00000762939453
105.40000915527344
105.35000610351563
107.71000671386719
109.04000091552734
106.79000854492188
105.4800033569336
104.88999938964844
105.1500015258789
102.6500015258789
105.33000946044922
105.74000549316406
106.58000946044922
104.45000457763672
104.75
106.34001159667969
104.55001068115234
104.19000244140625
106.81999969482422
106.11000061035156
107.8800048828125
107.94999694824219
106.32000732421875
104.83000946044922
105.02999877929688
104.7800064086914
104.16000366210938
104.74000549316406
104.3800048828125
103.3800048828125
105.94001007080078
104.69001007080078
103.3800048828125
102.7800064086914
103.84001159667969
104.90000915527344
104.24000549316406
105.75000762939453
104.58000183105469
104.260009765625
102.97000885009766
108.46000671386719
103.60000610351563
103.83000183105469
103.36000061035156
102.75000762939453
100.84000396728516
104.69001007080078
101.30000305175781
104.25
106.65000915527344
105.6600112915039
103.8800048828125
103.91999816894531
103.22000122070313
103.17000579833984
102.0999984741211
102.2800064086914
102.91000366210938
104.19999694824219
103.06000518798828
102.79000091552734
102.32000732421875
104.40000915527344
105.510009765625
104.29000854492188
104.12001037597656
104.18000030517578
104.10000610351563
106.09000396728516
102.12001037597656
103.47000122070313
103.12000274658203
104.35000610351563
103.99000549316406
104.87000274658203
104.99000549316406
105.44000244140625
105.8800048828125
105.91000366210938
106.010009765625
107.31001281738281
106.010009765625
106.94000244140625
106.11000061035156
105.83000183105469
105.62000274658203
105.44999694824219
105.35000610351563
105.16000366210938
105.74000549316406
106.010009765625
104.45999908447266
105.70000457763672
106.02000427246094
105.8800048828125
106.25000762939453
103.97000122070313
107.1500015258789
107.260009765625
108.44001007080078
107.05001068115234
105.99000549316406
106.04000091552734
106.84001159667969
106.64000701904297
109.45999908447266
107.82000732421875
106.26000213623047
108.7300033569336
109.67001342773438
106.60000610351563
107.21000671386719
105.16999816894531
106.43000793457031
105.82000732421875
102.54000854492188
103.71000671386719
103.23001098632813
102.89000701904297
103.98001098632813
102.1300048828125
101.85000610351563
102.11000061035156
103.26000213623047
104.52999877929688
104.19000244140625
104.96000671386719
106.7300033569336
105.65000915527344
105.60000610351563
104.71000671386719
106.7800064086914
106.0
105.77000427246094
105.77999877929688
106.69999694824219
106.72000885009766
106.05000305175781
105.02999877929688
104.54000854492188
104.88999938964844
