113.27000427246094
113.69000244140625
114.22000885009766
113.74000549316406
114.33000183105469
115.85000610351563
114.2300033569336
113.94001007080078
112.72000122070313
113.77000427246094
113.44001007080078
114.17000579833984
116.12000274658203
115.40000915527344
117.06000518798828
117.59001159667969
117.02000427246094
116.48001098632813
117.54000854492188
115.07000732421875
115.65000915527344
113.5300064086914
114.7300033569336
112.80999755859375
116.12000274658203
113.1600112915039
113.54000091552734
114.66000366210938
114.6300048828125
115.35000610351563
116.31000518798828
115.09001159667969
114.27001190185547
116.25000762939453
115.67000579833984
116.58000946044922
116.02000427246094
118.15000915527344
117.51000213623047
117.44000244140625
117.03001403808594
116.8600082397461
114.45000457763672
116.19000244140625
113.0
112.08000183105469
111.7300033569336
113.3800048828125
116.84001159667969
117.32000732421875
115.43000030517578
116.62001037597656
116.95000457763672
114.77000427246094
115.14000701904297
115.76000213623047
118.6100082397461
117.86000061035156
115.73001098632813
116.37000274658203
114.47000122070313
115.24000549316406
115.6300048828125
116.80000305175781
116.99000549316406
117.3800048828125
114.16000366210938
117.56000518798828
116.52000427246094
116.41999816894531
114.05999755859375
115.19001007080078
117.04000854492188
117.40000915527344
115.36000061035156
115.54000854492188
116.41000366210938
116.55000305175781
114.97000885009766
113.81000518798828
114.90000915527344
115.39000701904297
115.78001403808594
115.30999755859375
115.25000762939453
114.77000427246094
114.81001281738281
113.91000366210938
114.4100112915039
115.8800048828125
116.0
114.15000915527344
115.55000305175781
114.09000396728516
113.98001098632813
113.44001007080078
112.09000396728516
114.27001190185547
115.6600112915039
113.22000122070313
113.57000732421875
113.82000732421875
113.15000915527344
112.96000671386719
112.79000091552734
114.50000762939453
114.90000915527344
116.8600082397461
116.24000549316406
115.02999877929688
116.08000946044922
115.01000213623047
114.0300064086914
114.38999938964844
115.24000549316406
114.19999694824219
112.86000061035156
115.20000457763672
116.90000915527344
116.99000549316406
117.37000274658203
115.75000762939453
114.58000183105469
115.65000915527344
114.88999938964844
115.08000183105469
112.90000915527344
112.94000244140625
114.08000946044922
114.8600082397461
114.59000396728516
113.5
114.25
114.84000396728516
113.93000793457031
114.82000732421875
115.55000305175781
115.02000427246094
114.31999969482422
114.48001098632813
114.87000274658203
116.44001007080078
114.80000305175781
114.760009765625
116.2300033569336
113.77999877929688
115.14000701904297
116.10000610351563
116.57000732421875
115.73001098632813
114.96000671386719
114.8600082397461
114.42000579833984
113.49000549316406
113.510009765625
114.18000030517578
113.95000457763672
113.27000427246094
115.22000122070313
113.74000549316406
115.34000396728516
115.8800048828125
114.75
114.30000305175781
115.33000946044922
115.68000793457031
114.11000061035156
115.39000701904297
114.67001342773438
113.72000885009766
113.33000183105469
114.80000305175781
114.25
113.1300048828125
115.6600112915039
113.67000579833984
114.17000579833984
115.22000122070313
112.4800033569336
115.07000732421875
115.25000762939453
114.72000122070313
115.8800048828125
116.04000091552734
116.50000762939453
113.77999877929688
114.33000183105469
117.56000518798828
114.93000793457031
116.20001220703125
116.06001281738281
113.41000366210938
114.14000701904297
116.43000793457031
114.88999938964844
116.05000305175781
116.39000701904297
115.5300064086914
115.54000854492188
114.91000366210938
115.16000366210938
116.84001159667969
115.96000671386719
118.46000671386719
117.6100082397461
117.4800033569336
116.25000762939453
116.9100112915039
115.44999694824219
114.00000762939453
113.30001068115234
115.81000518798828
115.43000030517578
113.99000549316406
114.77000427246094
115.9800033569336
116.8600082397461
116.98001098632813
116.45000457763672
115.79000854492188
116.29000854492188
116.29000854492188
114.260009765625
115.39000701904297
114.62001037597656
114.08000946044922
115.00000762939453
113.3800048828125
115.09001159667969
113.7300033569336
113.72000885009766
114.1300048828125
114.59000396728516
113.99000549316406
113.37001037597656
113.3800048828125
113.7300033569336
113.6100082397461
113.72000885009766
114.57000732421875
115.43000030517578
115.9000015258789
114.57000732421875
114.7300033569336
114.33000183105469
112.77000427246094
112.54000854492188
112.92000579833984
114.52999877929688
112.29000091552734
115.07000732421875
116.81000518798828
116.87000274658203
115.25000762939453
116.44001007080078
117.87001037597656
116.22000885009766
114.35000610351563
114.60000610351563
115.30000305175781
115.39000701904297
115.9000015258789
115.6100082397461
114.96000671386719
113.84001159667969
113.65000915527344
116.13999938964844
116.79000854492188
115.67000579833984
114.7800064086914
116.41999816894531
114.8600082397461
115.20000457763672
115.04000854492188
115.46000671386719
115.80001068115234
117.62000274658203
116.68000030517578
115.75000762939453
116.22000885009766
114.80000305175781
114.8800048828125
114.79000091552734
113.96000671386719
114.44000244140625
115.18000793457031
114.31999969482422
112.62000274658203
114.51000213623047
113.36000061035156
115.5
116.41000366210938
114.6500015258789
117.14000701904297
115.24000549316406
115.77000427246094
116.58000946044922
115.76000213623047
114.15000915527344
113.95000457763672
114.70000457763672
114.9800033569336
115.44999694824219
115.67000579833984
115.6100082397461
117.19001007080078
114.31999969482422
115.85000610351563
116.06001281738281
112.6300048828125
114.8600082397461
116.58000946044922
114.52999877929688
114.57000732421875
114.79000091552734
116.09000396728516
115.5
115.44000244140625
113.56001281738281
115.08000183105469
115.63999938964844
116.13999938964844
116.75
115.52001190185547
115.30999755859375
117.31001281738281
116.27999877929688
116.0
116.8600082397461
116.8600082397461
115.69000244140625
114.8800048828125
115.9800033569336
114.74000549316406
116.65000915527344
114.760009765625
114.44000244140625
113.49000549316406
113.97000122070313
114.12001037597656
114.4100112915039
113.69000244140625
113.32000732421875
113.96000671386719
115.36000061035156
114.8600082397461
115.63999938964844
114.12001037597656
115.44000244140625
113.76000213623047
116.68000030517578
114.7800064086914
115.02000427246094
112.57000732421875
113.67000579833984
114.2800064086914
114.52999877929688
115.06000518798828
114.760009765625
114.70000457763672
115.56999969482422
115.18000793457031
115.27000427246094
116.8600082397461
116.32000732421875
116.47000122070313
117.96000671386719
117.04000854492188
117.14000701904297
117.73001098632813
117.74000549316406
117.24000549316406
117.07000732421875
115.08000183105469
114.91000366210938
116.18000793457031
116.62001037597656
117.42000579833984
116.27999877929688
115.00000762939453
116.75
115.58000183105469
116.31000518798828
116.81000518798828
116.46000671386719
115.93000793457031
115.02000427246094
114.57000732421875
114.09000396728516
114.51000213623047
113.37001037597656
113.62000274658203
113.72000885009766
112.40000915527344
114.08000946044922
115.00000762939453
114.94000244140625
114.88999938964844
113.3800048828125
115.9000015258789
115.84000396728516
116.31000518798828
116.8600082397461
115.43000030517578
113.87000274658203
114.6500015258789
116.0
115.6600112915039
114.54000854492188
114.12001037597656
114.7300033569336
115.510009765625
115.67000579833984
116.41999816894531
116.32000732421875
114.42000579833984
114.07000732421875
113.52000427246094
112.84000396728516
113.99000549316406
112.84000396728516
113.12000274658203
113.04000854492188
114.62001037597656
113.79000854492188
112.94999694824219
114.47000122070313
113.55000305175781
115.4800033569336
116.58000946044922
116.79000854492188
113.77000427246094
114.81001281738281
115.8800048828125
114.90000915527344
114.88999938964844
117.1500015258789
116.81000518798828
115.09001159667969
116.32000732421875
117.60000610351563
117.66000366210938
114.18000030517578
116.24000549316406
114.42000579833984
114.4100112915039
116.1300048828125
116.02000427246094
116.57000732421875
113.010009765625
113.44001007080078
115.89000701904297
115.16000366210938
112.55000305175781
113.65000915527344
114.22000885009766
114.7300033569336
115.22000122070313
114.21000671386719
113.58000946044922
113.30001068115234
114.760009765625
114.80000305175781
115.44000244140625
115.44999694824219
113.79000854492188
115.42000579833984
115.1100082397461
115.36000061035156
113.13999938964844
112.91000366210938
112.20000457763672
111.43000793457031
112.16000366210938
113.69000244140625
112.10000610351563
113.6300048828125
113.010009765625
114.19999694824219
113.82000732421875
114.010009765625
113.37001037597656
113.83000183105469
112.17001342773438
113.4000015258789
114.05999755859375
114.7800064086914
113.25000762939453
114.10000610351563
114.19000244140625
112.760009765625
111.93000793457031
114.58000183105469
112.50000762939453
112.94999694824219
112.52999877929688
112.84000396728516
113.62000274658203
112.24000549316406
111.83000183105469
112.260009765625
112.31001281738281
110.23001098632813
111.95999908447266
111.95999908447266
113.1100082397461
113.36000061035156
112.44000244140625
111.57000732421875
111.39000701904297
111.6300048828125
111.46000671386719
111.4000015258789
112.87001037597656
113.1300048828125
113.79000854492188
112.80999755859375
114.70000457763672
112.27000427246094
114.56000518798828
113.66000366210938
113.37001037597656
113.41000366210938
113.15000915527344
112.82000732421875
110.92001342773438
111.81999969482422
111.510009765625
112.19001007080078
112.19001007080078
111.72000885009766
112.60000610351563
110.68000793457031
113.63999938964844
112.46000671386719
112.30000305175781
113.12000274658203
112.82000732421875
111.81000518798828
113.37001037597656
111.99000549316406
114.19999694824219
114.47000122070313
113.91000366210938
112.52000427246094
112.86000061035156
111.510009765625
112.01000213623047
111.27999877929688
111.52000427246094
112.73001098632813
113.43000793457031
112.07000732421875
111.47000122070313
111.66000366210938
113.52000427246094
113.72000885009766
113.9000015258789
113.67000579833984
112.2800064086914
113.6100082397461
112.32000732421875
111.61000061035156
112.49000549316406
112.90000915527344
114.05999755859375
113.69000244140625
114.27001190185547
113.69000244140625
114.71000671386719
112.74000549316406
114.91000366210938
112.91000366210938
113.39000701904297
113.72000885009766
113.97000122070313
114.05000305175781
113.95000457763672
113.0300064086914
113.6300048828125
112.99000549316406
114.58000183105469
114.91000366210938
114.19000244140625
114.57000732421875
112.94999694824219
114.19999694824219
114.38999938964844
114.31999969482422
114.24000549316406
115.43000030517578
114.54000854492188
113.70001220703125
113.42001342773438
114.34001159667969
112.74000549316406
111.93000793457031
113.94001007080078
112.86000061035156
113.35000610351563
112.66999816894531
113.18000793457031
112.66000366210938
112.44000244140625
114.31999969482422
116.7800064086914
115.59001159667969
116.95999908447266
114.71000671386719
116.12000274658203
114.99000549316406
112.19001007080078
114.6500015258789
115.74000549316406
114.62001037597656
113.27999877929688
113.13999938964844
115.32000732421875
112.9800033569336
113.96000671386719
112.49000549316406
112.27000427246094
113.80000305175781
112.85000610351563
112.70000457763672
113.20000457763672
113.05000305175781
113.97000122070313
113.56001281738281
113.58000946044922
113.0300064086914
115.30999755859375
113.37001037597656
112.84000396728516
114.62001037597656
114.34001159667969
113.97000122070313
111.55999755859375
113.75000762939453
114.010009765625
114.17000579833984
111.98001098632813
114.00000762939453
114.9800033569336
114.05000305175781
114.64000701904297
114.45000457763672
116.16000366210938
118.4000015258789
115.83000183105469
115.84000396728516
114.16000366210938
115.35000610351563
115.36000061035156
115.59001159667969
114.37000274658203
115.35000610351563
115.19001007080078
113.76000213623047
112.83000946044922
115.21000671386719
113.49000549316406
112.12001037597656
112.260009765625
111.85000610351563
112.25
113.57000732421875
111.6300048828125
111.71000671386719
112.09000396728516
113.94001007080078
112.86000061035156
113.34000396728516
112.97000885009766
113.85000610351563
113.57000732421875
114.0300064086914
114.34001159667969
114.10000610351563
114.05999755859375
115.94001007080078
114.31999969482422
116.52000427246094
114.31999969482422
116.33000183105469
117.31001281738281
117.41000366210938
116.75
115.62000274658203
117.10000610351563
117.20000457763672
116.84001159667969
114.1300048828125
114.3600082397461
116.33000183105469
114.57000732421875
113.58000946044922
113.5300064086914
113.9000015258789
115.86000061035156
115.09001159667969
115.41000366210938
115.29000091552734
115.08000183105469
114.81001281738281
114.94000244140625
114.7800064086914
114.82000732421875
115.36000061035156
112.51000213623047
113.17000579833984
113.09001159667969
112.77000427246094
112.41000366210938
112.79000091552734
113.94001007080078
112.91000366210938
115.02000427246094
115.89000701904297
114.34001159667969
115.78001403808594
114.05999755859375
114.37000274658203
113.56001281738281
113.04000854492188
112.99000549316406
111.71000671386719
114.82000732421875
112.93000030517578
114.61000061035156
115.24000549316406
113.77999877929688
114.45999908447266
114.17000579833984
114.82000732421875
113.13999938964844
112.47000885009766
112.260009765625
113.55000305175781
113.81000518798828
113.80000305175781
113.06000518798828
114.3800048828125
114.05999755859375
113.1600112915039
112.10000610351563
113.12000274658203
112.33000946044922
113.56001281738281
111.10000610351563
112.79000091552734
113.4800033569336
114.37000274658203
113.57000732421875
114.18000030517578
114.05000305175781
115.37001037597656
116.3800048828125
113.37001037597656
115.89000701904297
115.16000366210938
115.76000213623047
114.52999877929688
113.23001098632813
112.71000671386719
114.24000549316406
114.96000671386719
116.3600082397461
114.80000305175781
114.30000305175781
115.75000762939453
115.76000213623047
115.52001190185547
116.22000885009766
112.47000885009766
113.72000885009766
114.54000854492188
114.4100112915039
115.20000457763672
115.21000671386719
112.8800048828125
113.69000244140625
114.08000946044922
111.41999816894531
115.54000854492188
114.48001098632813
114.04000091552734
114.15000915527344
113.1100082397461
114.56000518798828
114.88999938964844
113.59000396728516
112.92000579833984
112.91000366210938
112.89000701904297
113.7300033569336
113.91999816894531
113.80000305175781
113.74000549316406
113.72000885009766
114.54000854492188
112.86000061035156
112.66999816894531
113.43000793457031
113.81000518798828
112.79000091552734
113.15000915527344
110.30000305175781
112.33000946044922
111.81999969482422
114.81001281738281
112.41000366210938
113.55000305175781
111.98001098632813
112.62000274658203
113.70001220703125
114.34001159667969
112.89000701904297
113.32000732421875
112.40000915527344
112.72000122070313
113.7300033569336
113.98001098632813
115.00000762939453
114.4100112915039
115.00000762939453
116.44001007080078
114.71000671386719
114.29000854492188
114.83000946044922
112.69001007080078
113.67000579833984
114.260009765625
111.12000274658203
113.43000793457031
111.54000091552734
110.19000244140625
112.89000701904297
112.89000701904297
113.95000457763672
113.91000366210938
112.19001007080078
112.93000030517578
113.87000274658203
111.71000671386719
113.4800033569336
115.36000061035156
115.12000274658203
113.33000183105469
114.10000610351563
113.47000122070313
113.37001037597656
114.38999938964844
112.9800033569336
113.45000457763672
113.20000457763672
114.35000610351563
113.26000213623047
113.9000015258789
113.31000518798828
113.27000427246094
114.54000854492188
114.31000518798828
113.39000701904297
114.84000396728516
113.75000762939453
114.29000854492188
115.01000213623047
113.77999877929688
113.7300033569336
112.80999755859375
113.46000671386719
113.71000671386719
115.25000762939453
115.56000518798828
113.3800048828125
113.0300064086914
113.35000610351563
115.30000305175781
112.94999694824219
113.29000854492188
112.45001220703125
112.72000122070313
114.02000427246094
114.22000885009766
112.49000549316406
113.36000061035156
114.24000549316406
113.20999908447266
113.0
112.56000518798828
112.99000549316406
113.8600082397461
112.41000366210938
115.83000183105469
114.14000701904297
114.15000915527344
114.91000366210938
114.19000244140625
114.50000762939453
114.760009765625
114.48001098632813
115.63999938964844
115.20000457763672
115.2800064086914
116.15000915527344
114.35000610351563
116.15000915527344
113.95000457763672
114.84000396728516
112.6300048828125
113.09001159667969
114.66000366210938
113.29000854492188
114.12001037597656
113.18000793457031
113.68000793457031
113.80000305175781
113.68000793457031
112.42000579833984
113.19000244140625
112.46000671386719
112.91000366210938
114.85000610351563
113.95000457763672
113.20999908447266
113.32000732421875
113.95000457763672
110.58000183105469
113.6100082397461
111.85000610351563
111.13999938964844
110.8800048828125
112.32000732421875
111.65000915527344
110.9800033569336
110.20000457763672
112.16000366210938
109.91000366210938
110.24000549316406
112.2300033569336
111.18000793457031
111.21000671386719
111.49000549316406
113.20000457763672
111.8600082397461
112.08000183105469
112.42000579833984
111.54000091552734
112.1500015258789
111.13999938964844
111.95000457763672
111.04000091552734
112.11000061035156
113.010009765625
109.6300048828125
112.25
112.57000732421875
112.75000762939453
113.81000518798828
112.64000701904297
112.58000183105469
111.99000549316406
112.64000701904297
113.85000610351563
116.0
114.59000396728516
110.69000244140625
113.27000427246094
111.33000183105469
111.27000427246094
111.81000518798828
111.0300064086914
111.29000854492188
112.02000427246094
111.72000885009766
110.86000061035156
111.95999908447266
110.43000030517578
109.91000366210938
108.44001007080078
110.42000579833984
109.45000457763672
110.96000671386719
108.56001281738281
109.47000122070313
109.45000457763672
111.18000793457031
108.0300064086914
109.96000671386719
111.04000091552734
109.19000244140625
109.19999694824219
108.91000366210938
108.8800048828125
110.43000030517578
110.41000366210938
108.81000518798828
107.1500015258789
107.50000762939453
108.39000701904297
111.50000762939453
109.91000366210938
106.66000366210938
107.56000518798828
107.49000549316406
108.36000061035156
107.9800033569336
106.3800048828125
108.010009765625
107.34000396728516
106.25000762939453
106.52000427246094
107.22000122070313
106.90000915527344
108.02000427246094
106.80000305175781
108.13999938964844
108.5
109.80000305175781
108.70001220703125
107.92000579833984
107.70000457763672
107.30000305175781
106.33000183105469
106.69999694824219
106.95999908447266
108.6300048828125
108.4000015258789
107.20000457763672
107.21000671386719
106.77000427246094
107.12001037597656
107.3800048828125
106.69000244140625
108.09001159667969
107.8800048828125
107.38999938964844
106.59000396728516
107.44000244140625
108.23001098632813
109.2800064086914
108.75000762939453
108.67000579833984
108.27999877929688
108.17000579833984
109.30000305175781
108.10000610351563
109.59000396728516
108.3499984741211
107.25
107.71000671386719
107.260009765625
107.18000793457031
108.43000793457031
109.93000793457031
109.14000701904297
109.60000610351563
110.14000701904297
108.65000915527344
109.50000762939453
108.91999816894531
108.72000885009766
108.55000305175781
107.20000457763672
107.80000305175781
107.74000549316406
108.99000549316406
105.67000579833984
106.37000274658203
105.39000701904297
107.30000305175781
106.32000732421875
107.9800033569336
107.77000427246094
108.09001159667969
106.17000579833984
106.72000885009766
107.34000396728516
105.62000274658203
106.61000061035156
112.09000396728516
109.62001037597656
110.16000366210938
109.94000244140625
109.42000579833984
107.21000671386719
108.1300048828125
108.91000366210938
107.75000762939453
106.15000915527344
109.7800064086914
110.42000579833984
110.16000366210938
107.2800064086914
107.36000061035156
107.91000366210938
109.66000366210938
107.72000122070313
107.79000091552734
108.93000793457031
108.26000213623047
108.60000610351563
109.11000061035156
107.18000793457031
108.34000396728516
106.24000549316406
108.05000305175781
107.85000610351563
104.55001068115234
106.67000579833984
105.9000015258789
105.9000015258789
105.70000457763672
105.30999755859375
105.36000061035156
107.06000518798828
106.05000305175781
104.92000579833984
107.0999984741211
105.22000122070313
105.12000274658203
104.80000305175781
107.34000396728516
105.8499984741211
106.47000122070313
107.56000518798828
107.2300033569336
107.6300048828125
106.41999816894531
106.61000061035156
106.55999755859375
107.86000061035156
109.61000061035156
108.23001098632813
106.11000061035156
106.79000854492188
107.43000793457031
108.27999877929688
107.19001007080078
110.72000122070313
107.04000854492188
107.70000457763672
107.49000549316406
107.38999938964844
106.31000518798828
105.44000244140625
107.760009765625
106.06001281738281
105.47000885009766
107.22000122070313
106.47000122070313
105.25000762939453
105.96000671386719
106.0300064086914
108.13999938964844
107.64000701904297
109.8800048828125
108.76000213623047
108.91999816894531
108.010009765625
108.79000854492188
108.59000396728516
107.18000793457031
106.7800064086914
108.96000671386719
107.62000274658203
108.85000610351563
109.14000701904297
108.19000244140625
107.25
107.51000213623047
106.41000366210938
108.57000732421875
109.70000457763672
109.30000305175781
108.32000732421875
108.12000274658203
108.95000457763672
110.2800064086914
109.57000732421875
112.04000854492188
110.43000030517578
109.1300048828125
109.99000549316406
108.91000366210938
110.46000671386719
110.27000427246094
110.84000396728516
108.5
109.69001007080078
108.43000793457031
108.1600112915039
110.79000854492188
109.54000854492188
108.57000732421875
108.58000946044922
108.510009765625
106.45000457763672
107.72000122070313
106.65000915527344
106.34001159667969
108.1100082397461
107.11000061035156
109.82000732421875
108.09001159667969
109.2800064086914
107.51000213623047
109.81001281738281
109.7800064086914
111.39000701904297
110.32000732421875
108.66000366210938
108.87000274658203
108.60000610351563
107.52000427246094
108.22000122070313
109.9800033569336
107.0999984741211
109.86000061035156
109.70000457763672
109.2300033569336
108.09001159667969
107.760009765625
106.94000244140625
106.62001037597656
109.010009765625
109.58000183105469
110.08000183105469
109.11000061035156
109.72000122070313
108.8600082397461
107.6500015258789
105.9000015258789
105.94001007080078
109.31000518798828
109.18000030517578
106.17000579833984
108.06000518798828
109.1300048828125
108.9000015258789
108.02000427246094
108.9000015258789
110.3800048828125
110.77999877929688
110.82000732421875
110.33000946044922
111.64000701904297
108.60000610351563
107.51000213623047
107.92000579833984
109.3800048828125
107.60000610351563
106.79000854492188
108.62000274658203
107.60000610351563
107.50000762939453
108.06000518798828
107.05001068115234
107.29000091552734
109.84000396728516
108.06000518798828
110.74000549316406
109.37000274658203
107.57000732421875
108.66000366210938
109.3600082397461
108.61000061035156
109.96000671386719
110.39000701904297
110.23001098632813
107.1300048828125
108.36000061035156
108.31000518798828
108.1600112915039
107.47000885009766
107.91000366210938
106.85000610351563
110.76000213623047
109.70000457763672
110.84000396728516
110.58000183105469
110.54000854492188
109.82000732421875
108.44001007080078
107.42000579833984
106.06001281738281
107.21000671386719
107.68000793457031
107.43000793457031
106.50000762939453
107.02999877929688
107.38999938964844
107.46000671386719
106.27999877929688
107.75000762939453
106.58000946044922
106.98001098632813
108.17000579833984
107.04000854492188
106.92000579833984
106.39000701904297
106.18000030517578
106.12000274658203
107.9800033569336
108.04000854492188
107.87001037597656
106.47000122070313
106.64000701904297
106.19000244140625
106.04000091552734
106.04000091552734
106.60000610351563
107.45001220703125
106.39000701904297
107.7800064086914
107.70000457763672
106.62001037597656
108.26000213623047
108.1300048828125
108.43000793457031
106.57000732421875
107.46000671386719
110.40000915527344
107.83000946044922
108.66000366210938
107.77000427246094
108.30001068115234
108.9000015258789
109.10000610351563
110.27000427246094
108.22000122070313
108.67000579833984
109.38999938964844
108.69000244140625
110.95000457763672
109.43000793457031
108.94000244140625
109.54000854492188
109.90000915527344
110.52001190185547
111.04000091552734
109.59000396728516
106.29000854492188
106.8800048828125
105.6100082397461
106.8800048828125
108.27999877929688
108.5
107.92000579833984
106.72000885009766
107.60000610351563
105.260009765625
105.6600112915039
104.99000549316406
104.88999938964844
104.33000183105469
105.84000396728516
105.510009765625
104.90000915527344
106.1300048828125
107.2300033569336
108.98001098632813
106.81000518798828
106.81000518798828
106.35000610351563
108.0300064086914
106.30000305175781
107.19001007080078
108.09001159667969
109.17000579833984
108.12000274658203
107.47000885009766
108.31000518798828
106.95000457763672
105.49000549316406
106.83000183105469
106.79000854492188
108.10000610351563
107.2800064086914
106.79000854492188
107.09000396728516
105.87001037597656
105.82000732421875
106.41000366210938
106.4000015258789
107.17001342773438
106.43000793457031
106.32000732421875
106.60000610351563
105.44000244140625
106.69000244140625
103.83000183105469
105.04000854492188
107.29000091552734
107.38999938964844
105.40000915527344
106.49000549316406
105.1100082397461
107.66000366210938
106.92000579833984
107.260009765625
106.75
105.47000885009766
105.30000305175781
104.93000030517578
105.52000427246094
106.34001159667969
107.6300048828125
106.57000732421875
106.10000610351563
106.09000396728516
103.10000610351563
105.21000671386719
103.5300064086914
104.27000427246094
103.80000305175781
105.5300064086914
102.73001098632813
103.37001037597656
103.4000015258789
103.26000213623047
105.29000091552734
104.72000122070313
105.8800048828125
107.06000518798828
107.37000274658203
106.6300048828125
104.49000549316406
104.45999908447266
105.6100082397461
107.62000274658203
107.72000122070313
106.30000305175781
107.43000793457031
106.64000701904297
107.31001281738281
106.54000091552734
107.89000701904297
108.79000854492188
108.0300064086914
107.66999816894531
108.0
106.7800064086914
107.69000244140625
106.0300064086914
108.19000244140625
106.55000305175781
106.35000610351563
106.26000213623047
106.25000762939453
107.0999984741211
106.34001159667969
105.92001342773438
108.27000427246094
106.45000457763672
107.77000427246094
109.07000732421875
109.61000061035156
107.92000579833984
106.81999969482422
107.54000854492188
106.21000671386719
107.56000518798828
108.4000015258789
108.66000366210938
108.19000244140625
110.20000457763672
110.10000610351563
108.44001007080078
109.80000305175781
108.20000457763672
108.75000762939453
108.8600082397461
107.36000061035156
107.90000915527344
106.94000244140625
108.84001159667969
109.34001159667969
109.0300064086914
107.34000396728516
107.260009765625
108.77000427246094
108.91000366210938
108.3800048828125
107.82000732421875
109.24000549316406
107.80999755859375
107.45001220703125
108.23001098632813
107.87001037597656
108.49000549316406
106.94000244140625
107.46000671386719
108.02000427246094
108.93000793457031
109.44000244140625
107.41000366210938
108.02000427246094
108.8800048828125
