111.94000244140625
112.42000579833984
113.0300064086914
111.85000610351563
111.7800064086914
113.77999877929688
114.85000610351563
114.19999694824219
114.40000915527344
113.66000366210938
115.84000396728516
115.35000610351563
113.49000549316406
113.34000396728516
114.00000762939453
115.43000030517578
113.56001281738281
112.04000854492188
112.04000854492188
112.82000732421875
114.3600082397461
111.3600082397461
110.75000762939453
109.05999755859375
111.81999969482422
110.3800048828125
110.9000015258789
111.47000122070313
110.75000762939453
112.38999938964844
112.14000701904297
113.37001037597656
112.73001098632813
114.47000122070313
113.98001098632813
111.760009765625
112.09000396728516
114.18000030517578
112.41000366210938
113.52000427246094
113.6100082397461
112.96000671386719
111.35000610351563
114.260009765625
109.760009765625
111.72000885009766
110.2800064086914
110.24000549316406
111.93000793457031
112.31001281738281
111.69999694824219
114.45999908447266
112.51000213623047
110.6600112915039
111.45000457763672
112.80999755859375
116.39000701904297
113.96000671386719
111.6300048828125
115.75000762939453
112.6300048828125
112.85000610351563
114.9800033569336
116.24000549316406
117.20000457763672
114.25
110.52001190185547
112.38999938964844
110.30000305175781
110.04000854492188
107.90000915527344
109.16000366210938
111.48001098632813
109.15000915527344
111.84001159667969
110.92001342773438
114.260009765625
114.37000274658203
113.1600112915039
110.62000274658203
112.45001220703125
109.62001037597656
110.92001342773438
114.21000671386719
113.82000732421875
114.19999694824219
113.8600082397461
112.02000427246094
110.83000183105469
111.17000579833984
113.79000854492188
110.02000427246094
111.77001190185547
110.25000762939453
110.10000610351563
109.57000732421875
107.58000183105469
108.55000305175781
110.73001098632813
109.50000762939453
109.04000091552734
111.34001159667969
107.73001098632813
108.9000015258789
109.43000793457031
110.34000396728516
112.27000427246094
113.6300048828125
113.010009765625
112.49000549316406
114.18000030517578
112.3800048828125
112.4800033569336
113.20999908447266
113.47000122070313
111.62001037597656
111.43000793457031
111.2300033569336
112.80000305175781
111.67000579833984
113.0300064086914
111.32000732421875
110.91000366210938
112.3800048828125
112.49000549316406
113.30001068115234
111.39000701904297
111.69999694824219
113.4000015258789
113.65000915527344
114.60000610351563
115.30999755859375
114.45999908447266
116.58000946044922
115.06000518798828
115.42000579833984
117.64000701904297
116.3800048828125
116.22000885009766
116.97000122070313
115.93000793457031
116.58000946044922
116.1300048828125
114.7300033569336
113.06999969482422
113.69000244140625
115.82000732421875
116.84001159667969
115.73001098632813
116.34001159667969
115.63999938964844
114.8800048828125
114.30000305175781
113.15000915527344
114.16000366210938
113.94001007080078
112.37000274658203
112.86000061035156
114.80000305175781
113.02001190185547
113.9000015258789
113.87000274658203
110.97000122070313
112.33000946044922
111.2300033569336
109.44000244140625
110.08000183105469
110.95000457763672
109.8800048828125
110.25000762939453
110.82000732421875
110.02999877929688
108.43000793457031
105.95000457763672
106.30000305175781
106.92000579833984
104.54000854492188
105.46000671386719
104.80000305175781
105.18000793457031
108.4800033569336
107.34000396728516
106.26000213623047
106.33000183105469
109.2300033569336
106.7300033569336
106.43000793457031
107.6500015258789
106.58000946044922
106.47000122070313
107.16000366210938
104.31000518798828
105.8499984741211
108.99000549316406
105.76000213623047
105.81000518798828
106.21000671386719
106.87000274658203
106.52000427246094
104.4100112915039
107.52000427246094
107.49000549316406
107.57000732421875
105.91000366210938
105.96000671386719
105.6600112915039
104.260009765625
106.15000915527344
105.08000183105469
106.0
105.72000122070313
104.56000518798828
105.87001037597656
105.36000061035156
105.1100082397461
105.65000915527344
104.49000549316406
102.14000701904297
104.21000671386719
102.80000305175781
103.8800048828125
105.09001159667969
104.2300033569336
104.57000732421875
106.30000305175781
103.97000122070313
105.1100082397461
104.18000030517578
105.94001007080078
103.91999816894531
105.10000610351563
107.06000518798828
106.94000244140625
106.760009765625
105.68000793457031
106.0
106.55999755859375
107.12001037597656
107.46000671386719
105.63999938964844
106.33000183105469
106.24000549316406
106.55000305175781
104.33000183105469
105.73001098632813
104.40000915527344
105.93000793457031
107.99000549316406
108.82000732421875
106.67000579833984
106.79000854492188
109.64000701904297
108.80000305175781
106.83000183105469
105.42000579833984
106.39000701904297
106.2300033569336
103.83000183105469
107.17001342773438
107.25
103.30001068115234
104.45999908447266
107.00000762939453
105.9800033569336
105.42000579833984
105.20000457763672
107.32000732421875
109.37000274658203
108.23001098632813
107.69000244140625
108.9000015258789
108.31000518798828
107.04000854492188
107.36000061035156
104.05999755859375
106.48001098632813
106.43000793457031
108.29000854492188
105.77000427246094
106.46000671386719
106.69000244140625
105.86000061035156
101.90000915527344
99.61000061035156
101.7300033569336
103.66000366210938
106.19000244140625
105.36000061035156
106.77000427246094
104.71000671386719
104.0300064086914
105.34000396728516
103.06000518798828
106.80000305175781
107.69000244140625
106.97000122070313
106.99000549316406
108.17000579833984
107.6500015258789
109.45000457763672
108.30001068115234
108.34000396728516
109.22000885009766
107.47000885009766
107.08000183105469
108.43000793457031
105.67000579833984
104.96000671386719
107.51000213623047
106.04000091552734
105.8800048828125
106.97000122070313
105.22000122070313
107.01000213623047
107.20000457763672
105.81000518798828
105.5
107.14000701904297
105.74000549316406
106.84001159667969
106.88999938964844
107.9800033569336
110.56000518798828
108.46000671386719
109.62001037597656
110.77999877929688
107.6500015258789
106.49000549316406
107.52000427246094
110.00000762939453
107.07000732421875
108.02000427246094
107.87001037597656
105.44000244140625
107.83000946044922
107.82000732421875
109.99000549316406
106.47000122070313
107.50000762939453
107.0999984741211
108.77999877929688
106.55000305175781
107.71000671386719
109.47000122070313
108.19000244140625
105.69000244140625
104.47000122070313
107.02999877929688
107.83000946044922
105.02999877929688
106.88999938964844
106.75
107.66999816894531
106.9100112915039
106.02000427246094
107.21000671386719
105.58000183105469
105.47000885009766
106.41000366210938
105.9000015258789
104.85000610351563
106.41999816894531
106.49000549316406
107.7800064086914
103.93000793457031
104.67001342773438
106.92000579833984
108.20000457763672
108.12000274658203
107.06000518798828
108.26000213623047
109.07000732421875
107.0999984741211
108.15000915527344
106.48001098632813
107.08000183105469
107.58000183105469
108.97000122070313
108.5
106.8800048828125
109.94000244140625
111.02000427246094
108.63999938964844
107.96000671386719
107.04000854492188
107.02000427246094
108.20999908447266
104.6500015258789
104.22000885009766
106.5300064086914
108.18000793457031
106.41999816894531
109.3800048828125
105.20000457763672
106.81000518798828
109.75
106.92000579833984
105.18000793457031
105.16000366210938
107.66999816894531
108.4000015258789
109.62001037597656
106.41999816894531
109.38999938964844
108.20999908447266
106.75
106.97000122070313
109.4100112915039
109.34001159667969
107.760009765625
106.16000366210938
109.75
108.1600112915039
107.92000579833984
108.68000793457031
108.72000885009766
107.80999755859375
108.60000610351563
105.62000274658203
103.91000366210938
105.93000793457031
104.49000549316406
102.30000305175781
106.22000885009766
107.37000274658203
105.70000457763672
106.94000244140625
106.41999816894531
106.09000396728516
104.19999694824219
104.90000915527344
101.47000122070313
104.24000549316406
102.7800064086914
101.8800048828125
101.16000366210938
101.95000457763672
102.08000183105469
99.35000610351563
99.85000610351563
101.81999969482422
100.91999816894531
98.62000274658203
101.0300064086914
100.39000701904297
98.34000396728516
100.6100082397461
102.69000244140625
103.57000732421875
101.08000946044922
102.16000366210938
105.1500015258789
107.50000762939453
106.010009765625
103.89000701904297
103.02000427246094
105.73001098632813
106.3600082397461
105.40000915527344
106.74000549316406
106.48001098632813
106.8600082397461
107.760009765625
106.20001220703125
108.26000213623047
105.86000061035156
106.81999969482422
105.79000854492188
107.80000305175781
105.3800048828125
106.81000518798828
105.93000793457031
106.55000305175781
107.56000518798828
108.91999816894531
108.95000457763672
109.1300048828125
107.86000061035156
108.81000518798828
108.9000015258789
110.07000732421875
106.79000854492188
108.72000885009766
110.59001159667969
110.94001007080078
109.3600082397461
111.10000610351563
110.47000885009766
108.32000732421875
107.93000030517578
107.14000701904297
107.62000274658203
109.33000183105469
108.68000793457031
109.42000579833984
110.68000793457031
110.1500015258789
109.12001037597656
108.61000061035156
109.07000732421875
108.54000091552734
107.06000518798828
109.10000610351563
111.0300064086914
110.76000213623047
108.79000854492188
108.20000457763672
106.5300064086914
105.04000854492188
108.27999877929688
108.3800048828125
109.55001068115234
109.91000366210938
108.77000427246094
107.260009765625
106.90000915527344
105.83000183105469
106.87000274658203
106.44000244140625
108.52000427246094
108.81000518798828
110.07000732421875
110.69000244140625
110.79000854492188
110.41000366210938
111.15000915527344
110.46000671386719
109.45999908447266
110.65000915527344
110.22000122070313
109.86000061035156
109.8800048828125
109.14000701904297
109.19000244140625
108.61000061035156
107.82000732421875
108.95000457763672
107.85000610351563
109.260009765625
110.63999938964844
110.21000671386719
111.4000015258789
112.31001281738281
111.37000274658203
110.94001007080078
110.1500015258789
112.25
110.55000305175781
111.16000366210938
110.6600112915039
110.1100082397461
110.94001007080078
108.68000793457031
109.1300048828125
109.57000732421875
107.80000305175781
108.27000427246094
108.82000732421875
107.4800033569336
107.02999877929688
108.93000793457031
107.00000762939453
106.34001159667969
108.19000244140625
108.56001281738281
107.54000854492188
106.99000549316406
106.5300064086914
106.21000671386719
107.7800064086914
108.02000427246094
110.1500015258789
107.96000671386719
107.93000030517578
108.05000305175781
109.25
106.55000305175781
106.43000793457031
105.63999938964844
107.49000549316406
106.44000244140625
109.2800064086914
106.94000244140625
106.95999908447266
106.50000762939453
108.61000061035156
107.49000549316406
107.34000396728516
107.62000274658203
106.95000457763672
108.91999816894531
108.75000762939453
109.62001037597656
110.79000854492188
108.62000274658203
107.92000579833984
107.91000366210938
111.64000701904297
108.5300064086914
109.21000671386719
108.7300033569336
108.77000427246094
108.19000244140625
106.80000305175781
106.97000122070313
108.58000946044922
110.42000579833984
110.65000915527344
107.91000366210938
110.04000854492188
108.4800033569336
106.35000610351563
108.33000183105469
110.87001037597656
110.02999877929688
110.4800033569336
109.90000915527344
111.59000396728516
108.83000183105469
109.86000061035156
107.55000305175781
107.97000885009766
109.68000793457031
107.29000091552734
109.21000671386719
108.9000015258789
107.25
111.0
110.69000244140625
110.6300048828125
110.01000213623047
112.45001220703125
111.79000854492188
110.02999877929688
109.94000244140625
111.04000091552734
111.31000518798828
109.9800033569336
109.05999755859375
112.86000061035156
110.29000091552734
107.85000610351563
110.84000396728516
109.90000915527344
109.04000091552734
108.77999877929688
109.09000396728516
109.71000671386719
109.12001037597656
108.91999816894531
109.24000549316406
107.83000946044922
106.3800048828125
106.26000213623047
107.4800033569336
106.8600082397461
107.94000244140625
107.11000061035156
107.94999694824219
105.8499984741211
109.54000854492188
109.00000762939453
105.40000915527344
106.09000396728516
106.45000457763672
104.9800033569336
107.37000274658203
104.43000793457031
103.66000366210938
105.22000122070313
102.9800033569336
103.0300064086914
103.75000762939453
100.83000183105469
105.30000305175781
104.31999969482422
102.29000091552734
102.90000915527344
101.95000457763672
103.06999969482422
104.88999938964844
105.02000427246094
105.14000701904297
104.05000305175781
103.22000122070313
104.58000183105469
105.84000396728516
106.5300064086914
107.52000427246094
111.16000366210938
107.35000610351563
108.82000732421875
105.75000762939453
106.7800064086914
104.54000854492188
107.70000457763672
103.79000854492188
103.8600082397461
104.70000457763672
105.76000213623047
109.0300064086914
108.91000366210938
108.010009765625
108.32000732421875
107.75000762939453
108.3800048828125
110.07000732421875
109.71000671386719
109.43000793457031
107.44000244140625
106.65000915527344
107.36000061035156
104.59000396728516
105.34000396728516
105.79000854492188
105.05000305175781
104.30000305175781
105.79000854492188
107.22000122070313
107.41000366210938
108.27000427246094
107.32000732421875
106.95000457763672
106.81999969482422
106.55999755859375
106.6300048828125
106.49000549316406
107.58000183105469
107.4800033569336
106.30000305175781
106.64000701904297
107.2800064086914
106.26000213623047
108.68000793457031
105.77999877929688
107.02000427246094
107.70000457763672
108.33000183105469
108.08000183105469
107.00000762939453
108.34000396728516
107.43000793457031
110.21000671386719
110.19000244140625
109.77000427246094
107.69000244140625
108.0300064086914
108.58000946044922
107.97000885009766
105.08000183105469
105.96000671386719
107.1500015258789
105.6600112915039
104.81001281738281
103.47000122070313
104.58000183105469
104.94000244140625
105.74000549316406
103.79000854492188
107.91000366210938
106.41000366210938
105.42000579833984
105.22000122070313
106.05000305175781
104.07000732421875
106.55999755859375
106.62001037597656
105.260009765625
104.64000701904297
106.16000366210938
107.52999877929688
105.59001159667969
106.55000305175781
107.05001068115234
104.77000427246094
106.97000122070313
107.02999877929688
105.89000701904297
109.37000274658203
107.24000549316406
106.44000244140625
106.87000274658203
108.32000732421875
107.02000427246094
107.68000793457031
105.95000457763672
106.46000671386719
105.54000854492188
106.04000091552734
105.5
107.89000701904297
108.61000061035156
107.50000762939453
107.90000915527344
107.29000091552734
106.10000610351563
106.24000549316406
107.12001037597656
107.21000671386719
106.81999969482422
110.3800048828125
108.1300048828125
109.22000885009766
110.18000793457031
109.07000732421875
110.58000183105469
110.37001037597656
106.29000854492188
110.1100082397461
108.80000305175781
107.6300048828125
107.00000762939453
109.18000030517578
107.62000274658203
107.19001007080078
106.08000946044922
109.02000427246094
106.52000427246094
108.27999877929688
108.30001068115234
108.75000762939453
110.510009765625
108.46000671386719
109.34001159667969
109.40000915527344
110.09001159667969
109.59000396728516
108.70001220703125
106.09000396728516
108.30001068115234
106.98001098632813
107.52999877929688
106.08000946044922
104.4100112915039
104.75
105.18000793457031
103.67000579833984
107.19001007080078
107.85000610351563
107.74000549316406
106.7800064086914
105.58000183105469
105.73001098632813
105.22000122070313
103.68000030517578
103.06000518798828
105.02999877929688
105.54000854492188
106.02000427246094
104.31999969482422
104.35000610351563
106.46000671386719
106.3800048828125
104.260009765625
104.85000610351563
106.94000244140625
105.29000091552734
104.69001007080078
105.46000671386719
104.760009765625
107.260009765625
107.70000457763672
106.37000274658203
106.54000091552734
108.72000885009766
108.54000091552734
107.0999984741211
106.27999877929688
107.29000091552734
107.57000732421875
110.97000122070313
104.6500015258789
101.94000244140625
102.66999816894531
103.70001220703125
104.45000457763672
103.55000305175781
104.29000854492188
104.84000396728516
103.0300064086914
103.94000244140625
103.79000854492188
103.55000305175781
105.16999816894531
104.6500015258789
100.32000732421875
101.010009765625
102.29000091552734
100.44999694824219
103.05000305175781
103.82000732421875
101.83999633789063
103.44001007080078
102.09000396728516
104.62001037597656
102.33000946044922
103.08999633789063
102.14000701904297
102.3800048828125
102.79000091552734
102.54000854492188
102.01000213623047
101.32000732421875
101.72000885009766
99.8800048828125
101.0300064086914
98.87000274658203
101.02000427246094
98.4000015258789
99.51000213623047
98.08999633789063
100.4800033569336
101.62001037597656
98.41000366210938
101.24000549316406
103.0
101.760009765625
100.5300064086914
99.33000183105469
97.8800048828125
98.1600112915039
100.65000915527344
102.22000122070313
102.59001159667969
103.60000610351563
100.9800033569336
101.95999908447266
102.12001037597656
100.41000366210938
101.64000701904297
99.8800048828125
102.43000030517578
100.56999969482422
101.34001159667969
97.3800048828125
99.83000946044922
100.32000732421875
101.4000015258789
99.01000213623047
99.43000793457031
101.11000061035156
100.65000915527344
100.09001159667969
101.33000183105469
104.61000061035156
103.27000427246094
102.09000396728516
100.6600112915039
101.35000610351563
99.07000732421875
97.56000518798828
98.66000366210938
99.72000122070313
100.18000793457031
100.07000732421875
97.1300048828125
99.30000305175781
99.77000427246094
99.5999984741211
99.2800064086914
99.71000671386719
100.74000549316406
97.97000885009766
100.44999694824219
100.99000549316406
100.40000915527344
100.9800033569336
97.32000732421875
99.19999694824219
98.5
99.75
97.72000122070313
98.13999938964844
99.31999969482422
99.37000274658203
99.12001037597656
100.39000701904297
101.0
98.7300033569336
99.30000305175781
100.12000274658203
100.55000305175781
100.19000244140625
99.760009765625
98.6300048828125
97.05001068115234
98.04000854492188
98.81000518798828
99.82000732421875
99.45000457763672
99.66999816894531
100.32000732421875
102.1500015258789
98.83000183105469
97.9800033569336
97.19001007080078
98.8600082397461
96.81999969482422
95.55000305175781
99.0300064086914
100.44999694824219
101.43000793457031
103.27999877929688
99.38999938964844
101.31000518798828
100.49000549316406
101.760009765625
101.50000762939453
100.6600112915039
99.77000427246094
101.83000183105469
99.50000762939453
101.80000305175781
101.94000244140625
101.26000213623047
101.31000518798828
101.98001098632813
102.96000671386719
102.91000366210938
100.6300048828125
100.18000793457031
101.55999755859375
102.54000854492188
100.44000244140625
100.56000518798828
101.3800048828125
98.46000671386719
98.41000366210938
99.33999633789063
99.62001037597656
101.9100112915039
99.47000122070313
99.31000518798828
98.6300048828125
98.72000885009766
97.16000366210938
96.55000305175781
100.37001037597656
98.56001281738281
101.08000946044922
98.60000610351563
96.19000244140625
99.08000946044922
96.98001098632813
96.49000549316406
96.99000549316406
95.73001098632813
95.5
99.61000061035156
97.19001007080078
96.58000183105469
95.01000213623047
94.07000732421875
95.3800048828125
95.02999877929688
94.92000579833984
97.97000885009766
95.44999694824219
95.22000122070313
97.52000427246094
98.52000427246094
97.90000915527344
97.59001159667969
95.23001098632813
98.83000183105469
98.25000762939453
96.99000549316406
96.02000427246094
96.12000274658203
96.69000244140625
97.21000671386719
99.02000427246094
97.21000671386719
96.02000427246094
96.7800064086914
99.1300048828125
97.04000854492188
96.92000579833984
98.32000732421875
95.60000610351563
96.95999908447266
101.010009765625
95.74000549316406
96.48001098632813
95.83000183105469
98.39000701904297
95.96000671386719
94.96000671386719
95.93000793457031
94.81001281738281
93.18000793457031
97.29000091552734
97.66999816894531
97.32000732421875
94.45999908447266
93.45000457763672
95.06000518798828
97.83000183105469
92.7800064086914
94.97000885009766
96.74000549316406
96.6300048828125
97.44000244140625
96.11000061035156
95.63999938964844
97.07000732421875
96.04000091552734
96.39000701904297
98.010009765625
96.64000701904297
97.43000030517578
94.73999786376953
96.80000305175781
96.22000885009766
97.35000610351563
95.70000457763672
95.27000427246094
98.52000427246094
96.26000213623047
100.73001098632813
98.47000122070313
98.66000366210938
96.93000793457031
101.48001098632813
97.2300033569336
99.22000885009766
99.1300048828125
97.9800033569336
99.52000427246094
98.17000579833984
97.0999984741211
97.49000549316406
98.77000427246094
101.62001037597656
99.14000701904297
99.0300064086914
99.2300033569336
98.8800048828125
97.18000793457031
99.79000091552734
99.33999633789063
98.70001220703125
98.91000366210938
98.75
100.20000457763672
98.26000213623047
98.3499984741211
98.95000457763672
99.62001037597656
98.83000183105469
99.90000915527344
99.00000762939453
98.99000549316406
99.91000366210938
96.77000427246094
98.010009765625
99.0300064086914
100.5300064086914
101.25000762939453
100.25000762939453
99.62001037597656
99.48001098632813
99.14000701904297
99.05000305175781
99.45999908447266
99.0300064086914
100.84000396728516
100.10000610351563
101.02000427246094
100.96000671386719
102.12001037597656
101.43000793457031
101.4000015258789
102.9800033569336
104.7300033569336
103.08000183105469
102.6300048828125
101.41000366210938
101.72000885009766
102.36000061035156
100.06000518798828
103.8800048828125
102.85000610351563
101.31000518798828
103.24000549316406
103.82000732421875
102.24000549316406
104.57000732421875
103.62000274658203
104.02000427246094
104.30000305175781
105.18000793457031
104.05999755859375
102.54000854492188
100.83000183105469
101.83000183105469
102.77000427246094
99.79000091552734
98.41000366210938
100.27000427246094
100.12000274658203
98.9000015258789
100.04000854492188
99.58000183105469
103.20999908447266
101.99000549316406
98.3800048828125
98.23001098632813
101.37000274658203
102.6300048828125
102.51000213623047
103.10000610351563
100.77000427246094
99.3600082397461
100.9800033569336
100.6100082397461
99.45999908447266
98.97000122070313
99.86000061035156
102.66999816894531
99.77000427246094
101.41999816894531
101.48001098632813
103.82000732421875
103.37001037597656
103.70001220703125
104.17000579833984
104.52000427246094
103.13999938964844
102.08000183105469
101.10000610351563
103.80000305175781
102.85000610351563
99.66000366210938
97.96000671386719
100.40000915527344
100.80001068115234
94.25
96.39000701904297
96.98001098632813
98.1600112915039
96.55000305175781
97.64000701904297
98.20999908447266
99.71000671386719
99.96000671386719
98.0300064086914
100.26000213623047
101.31000518798828
100.36000061035156
101.3800048828125
104.69001007080078
100.84000396728516
100.87001037597656
100.91999816894531
102.9800033569336
101.99000549316406
100.55000305175781
100.99000549316406
101.0300064086914
101.69999694824219
98.49000549316406
101.69000244140625
99.31000518798828
97.79000091552734
98.99000549316406
97.19001007080078
100.26000213623047
99.84000396728516
100.70000457763672
101.95000457763672
101.41999816894531
101.8600082397461
100.69000244140625
98.0
98.68000030517578
97.7800064086914
98.27000427246094
101.50000762939453
98.5300064086914
99.54000854492188
100.93000793457031
99.16000366210938
100.52000427246094
101.31000518798828
101.81999969482422
99.2300033569336
100.63999938964844
100.40000915527344
102.59001159667969
99.93000030517578
99.71000671386719
98.56001281738281
99.72000122070313
100.22000122070313
98.72000885009766
98.85000610351563
100.56999969482422
100.02999877929688
100.32000732421875
99.37000274658203
101.3800048828125
99.81001281738281
101.98001098632813
101.02000427246094
104.84000396728516
100.02999877929688
98.98001098632813
99.45000457763672
101.32000732421875
101.8800048828125
100.55000305175781
103.68000030517578
103.18000793457031
101.72000885009766
103.79000854492188
101.18000030517578
102.34000396728516
102.1500015258789
101.69999694824219
101.17000579833984
101.51000213623047
102.92000579833984
103.5300064086914
100.08000183105469
101.07000732421875
100.46000671386719
99.35000610351563
100.58000183105469
101.83000183105469
101.44000244140625
100.4800033569336
102.86000061035156
101.94000244140625
103.69000244140625
101.9100112915039
102.66999816894531
103.010009765625
105.23001098632813
103.61000061035156
101.9100112915039
105.82000732421875
105.02999877929688
105.18000793457031
105.9800033569336
105.260009765625
104.57000732421875
101.62001037597656
103.46000671386719
102.44000244140625
104.04000091552734
106.94000244140625
106.44000244140625
106.11000061035156
105.01000213623047
106.10000610351563
106.47000122070313
107.07000732421875
102.57000732421875
102.50000762939453
103.0300064086914
105.80001068115234
107.21000671386719
105.36000061035156
105.23001098632813
101.52000427246094
102.50000762939453
101.48001098632813
102.99000549316406
102.09000396728516
101.79000854492188
101.22000885009766
103.57000732421875
103.59000396728516
102.89000701904297
102.6300048828125
103.36000061035156
103.47000122070313
104.49000549316406
103.61000061035156
103.74000549316406
104.05999755859375
102.52000427246094
102.8800048828125
101.8600082397461
101.33000183105469
99.52999877929688
98.94000244140625
101.44000244140625
99.61000061035156
98.71000671386719
99.71000671386719
98.66000366210938
99.96000671386719
101.43000793457031
103.10000610351563
101.47000122070313
101.48001098632813
99.3800048828125
100.9000015258789
99.71000671386719
99.3600082397461
98.02000427246094
99.1300048828125
97.04000854492188
99.31000518798828
95.91999816894531
98.0
99.00000762939453
99.30000305175781
99.15000915527344
99.33999633789063
99.83000946044922
97.57000732421875
97.29000091552734
97.72000122070313
98.59000396728516
98.20000457763672
96.95000457763672
99.11000061035156
102.11000061035156
103.25000762939453
106.30000305175781
104.86000061035156
103.29000854492188
103.56001281738281
102.82000732421875
104.50000762939453
101.69999694824219
102.17001342773438
101.57000732421875
101.26000213623047
99.50000762939453
100.1500015258789
99.31999969482422
99.84000396728516
100.02999877929688
101.29000854492188
102.74000549316406
103.05000305175781
103.19000244140625
105.260009765625
103.75000762939453
100.91999816894531
101.27999877929688
101.30000305175781
101.010009765625
101.22000885009766
99.40000915527344
101.69999694824219
99.77000427246094
99.72000122070313
101.32000732421875
100.77000427246094
100.04000854492188
98.06000518798828
101.0
101.55999755859375
101.62001037597656
101.20001220703125
100.44999694824219
100.4800033569336
101.3800048828125
101.44000244140625
101.66000366210938
101.43000793457031
102.02999877929688
103.27000427246094
102.31001281738281
101.41000366210938
100.21000671386719
100.39000701904297
98.8600082397461
100.10000610351563
99.08000946044922
100.12000274658203
99.45999908447266
99.58000183105469
100.6300048828125
98.23001098632813
99.95001220703125
101.41000366210938
102.12001037597656
101.75
103.1100082397461
103.74000549316406
102.56000518798828
102.41000366210938
100.76000213623047
102.0999984741211
104.59000396728516
102.46000671386719
102.66999816894531
103.3800048828125
103.20999908447266
101.99000549316406
102.43000030517578
101.34001159667969
103.08000183105469
104.24000549316406
