113.36000061035156
112.64000701904297
115.27000427246094
113.96000671386719
114.17000579833984
115.62000274658203
115.6300048828125
114.07000732421875
113.29000854492188
113.18000793457031
115.07000732421875
113.34000396728516
114.24000549316406
115.73001098632813
116.50000762939453
116.17000579833984
115.44999694824219
113.71000671386719
114.9800033569336
114.67001342773438
115.8800048828125
113.13999938964844
112.69001007080078
110.93000793457031
113.47000122070313
111.32000732421875
110.260009765625
110.59001159667969
110.18000793457031
114.00000762939453
114.11000061035156
113.6300048828125
113.1600112915039
113.17000579833984
113.1600112915039
113.56001281738281
111.16000366210938
113.76000213623047
113.60000610351563
114.3800048828125
112.06000518798828
111.59000396728516
112.94000244140625
113.65000915527344
110.27000427246094
110.93000793457031
108.80000305175781
111.74000549316406
115.12000274658203
113.37001037597656
113.62000274658203
114.7800064086914
113.75000762939453
110.2800064086914
111.69000244140625
112.05001068115234
115.97000122070313
113.6300048828125
111.43000793457031
112.68000793457031
110.93000793457031
109.7300033569336
112.02999877929688
114.12001037597656
113.4000015258789
114.74000549316406
110.97000122070313
114.10000610351563
113.44001007080078
113.17000579833984
109.6300048828125
111.94000244140625
112.75000762939453
111.98001098632813
109.33000183105469
108.1600112915039
110.510009765625
110.21000671386719
108.54000091552734
108.57000732421875
109.91000366210938
107.82000732421875
110.5300064086914
111.50000762939453
110.21000671386719
111.92000579833984
111.62001037597656
111.39000701904297
109.8800048828125
111.010009765625
111.7300033569336
110.80001068115234
111.65000915527344
110.22000122070313
109.40000915527344
108.4800033569336
107.7800064086914
109.3600082397461
111.72000885009766
109.68000793457031
111.20001220703125
111.99000549316406
109.05000305175781
109.22000885009766
108.80000305175781
109.99000549316406
110.91000366210938
111.37000274658203
110.2800064086914
110.6300048828125
111.19000244140625
110.89000701904297
110.00000762939453
110.1500015258789
111.68000030517578
109.47000122070313
107.80999755859375
108.27000427246094
110.58000183105469
110.77000427246094
112.09000396728516
111.08000946044922
110.70999908447266
111.45000457763672
112.47000885009766
114.64000701904297
111.31000518798828
112.09000396728516
112.68000793457031
112.1300048828125
113.18000793457031
112.52000427246094
113.1300048828125
114.52000427246094
113.75000762939453
113.91000366210938
115.56000518798828
114.05999755859375
114.12001037597656
115.25000762939453
114.59000396728516
113.47000122070313
112.86000061035156
112.97000885009766
112.1500015258789
110.76000213623047
112.24000549316406
113.80000305175781
114.14000701904297
112.7800064086914
113.19000244140625
111.99000549316406
112.75000762939453
112.11000061035156
112.35000610351563
112.11000061035156
111.75
111.7300033569336
113.80000305175781
112.92000579833984
113.9000015258789
116.75
114.52000427246094
115.21000671386719
116.81000518798828
116.41000366210938
114.3800048828125
115.36000061035156
116.04000091552734
116.46000671386719
114.60000610351563
114.2300033569336
114.24000549316406
114.14000701904297
114.91000366210938
114.67001342773438
113.23001098632813
115.44000244140625
113.23001098632813
115.62000274658203
115.75000762939453
115.33000946044922
115.54000854492188
115.1100082397461
115.63999938964844
113.43000793457031
115.04000854492188
117.12001037597656
114.49000549316406
114.02000427246094
113.29000854492188
112.21000671386719
112.91000366210938
113.99000549316406
112.87001037597656
112.4800033569336
112.60000610351563
114.09000396728516
112.33000946044922
112.02999877929688
112.82000732421875
113.52000427246094
112.90000915527344
114.80000305175781
114.05000305175781
113.97000122070313
111.60000610351563
114.68000793457031
113.02001190185547
111.010009765625
112.3800048828125
113.37001037597656
113.6300048828125
111.2300033569336
111.27000427246094
112.6300048828125
113.33000183105469
112.06000518798828
111.9100112915039
112.20000457763672
113.20000457763672
114.05000305175781
113.20999908447266
114.81001281738281
114.1300048828125
113.27999877929688
113.43000793457031
112.49000549316406
115.58000183105469
111.85000610351563
111.60000610351563
113.8800048828125
112.49000549316406
113.93000793457031
112.24000549316406
112.94000244140625
112.49000549316406
112.21000671386719
112.01000213623047
111.8600082397461
111.75
113.17000579833984
111.95999908447266
110.10000610351563
111.77001190185547
110.73001098632813
111.11000061035156
112.1500015258789
112.30000305175781
110.89000701904297
111.95000457763672
113.8600082397461
115.56999969482422
113.04000854492188
113.76000213623047
114.18000030517578
113.26000213623047
111.80000305175781
112.38999938964844
111.61000061035156
110.10000610351563
111.95999908447266
112.49000549316406
112.02999877929688
110.68000793457031
109.69001007080078
112.05001068115234
114.19999694824219
111.8800048828125
111.19000244140625
113.82000732421875
112.89000701904297
111.37000274658203
112.22000122070313
110.99000549316406
113.76000213623047
114.4100112915039
113.74000549316406
113.08000183105469
111.3600082397461
112.2300033569336
111.90000915527344
109.75
108.02000427246094
110.27000427246094
111.10000610351563
111.510009765625
111.37000274658203
111.85000610351563
111.16000366210938
111.62001037597656
112.00000762939453
110.95000457763672
111.16000366210938
111.07000732421875
110.69000244140625
111.18000793457031
111.21000671386719
109.49000549316406
110.99000549316406
110.99000549316406
110.32000732421875
112.16000366210938
111.0
112.1300048828125
115.02000427246094
111.39000701904297
113.0300064086914
114.42000579833984
111.06001281738281
112.72000122070313
114.62001037597656
111.8600082397461
112.06000518798828
111.94000244140625
112.71000671386719
110.5
111.41999816894531
111.15000915527344
111.52000427246094
111.43000793457031
112.18000793457031
113.27000427246094
112.08000183105469
112.47000885009766
114.47000122070313
112.94000244140625
111.69000244140625
113.39000701904297
113.55000305175781
113.72000885009766
114.37000274658203
114.68000793457031
111.3600082397461
113.5
112.54000854492188
114.45999908447266
115.1500015258789
113.65000915527344
113.70001220703125
114.34001159667969
113.56001281738281
111.45000457763672
112.6500015258789
111.77001190185547
112.6100082397461
112.85000610351563
114.55001068115234
115.04000854492188
111.88999938964844
114.07000732421875
110.97000122070313
112.87001037597656
111.27999877929688
110.60000610351563
111.93000793457031
111.05000305175781
110.16000366210938
110.35000610351563
110.56000518798828
108.10000610351563
108.42001342773438
109.7800064086914
112.60000610351563
110.73001098632813
112.20000457763672
112.25
112.32000732421875
112.10000610351563
112.55000305175781
112.49000549316406
112.72000122070313
112.37000274658203
111.33000183105469
111.67000579833984
110.6100082397461
111.31000518798828
113.24000549316406
111.81000518798828
111.54000091552734
113.32000732421875
112.68000793457031
111.84001159667969
112.07000732421875
111.04000091552734
110.81000518798828
111.18000793457031
110.85000610351563
109.10000610351563
110.86000061035156
110.63999938964844
110.6100082397461
112.50000762939453
109.59000396728516
110.10000610351563
110.1500015258789
111.0300064086914
109.7300033569336
109.62001037597656
112.24000549316406
111.92000579833984
113.19000244140625
111.22000885009766
111.59000396728516
111.48001098632813
110.97000122070313
111.69000244140625
112.3800048828125
112.59001159667969
112.01000213623047
110.87001037597656
112.11000061035156
111.39000701904297
110.86000061035156
111.64000701904297
110.49000549316406
110.02000427246094
110.55000305175781
108.87000274658203
109.86000061035156
109.05999755859375
109.38999938964844
107.82000732421875
111.02000427246094
111.21000671386719
111.31000518798828
112.14000701904297
112.82000732421875
114.66000366210938
114.24000549316406
113.6300048828125
111.66000366210938
112.79000091552734
111.55999755859375
110.55000305175781
110.67000579833984
112.2800064086914
113.47000122070313
109.67001342773438
108.9000015258789
109.3600082397461
109.34001159667969
108.47000122070313
110.92001342773438
110.72000122070313
109.52000427246094
110.42000579833984
111.0300064086914
111.52000427246094
109.00000762939453
109.64000701904297
110.9000015258789
111.27000427246094
109.12001037597656
109.69001007080078
109.24000549316406
110.16999816894531
108.77999877929688
107.62000274658203
108.45000457763672
108.85000610351563
107.97000885009766
108.46000671386719
109.19999694824219
109.7800064086914
108.34000396728516
111.17000579833984
110.16000366210938
109.49000549316406
109.07000732421875
108.68000793457031
109.09000396728516
108.39000701904297
109.05999755859375
110.36000061035156
110.3800048828125
110.33000946044922
109.52999877929688
111.24000549316406
109.87000274658203
113.23001098632813
111.45000457763672
112.22000122070313
110.70999908447266
112.70000457763672
112.38999938964844
113.24000549316406
111.31000518798828
110.30000305175781
110.21000671386719
111.66000366210938
110.49000549316406
114.07000732421875
111.81999969482422
111.97000122070313
112.75000762939453
114.66000366210938
113.41000366210938
112.46000671386719
111.24000549316406
111.25000762939453
108.47000122070313
108.7300033569336
111.58000946044922
110.89000701904297
112.02000427246094
112.10000610351563
111.87000274658203
110.79000854492188
112.34000396728516
112.22000122070313
111.34001159667969
112.69001007080078
112.52999877929688
112.04000854492188
111.41999816894531
112.44000244140625
113.06999969482422
112.12001037597656
114.58000183105469
113.23001098632813
114.64000701904297
114.75
115.47000885009766
115.67000579833984
114.05000305175781
113.99000549316406
113.99000549316406
113.39000701904297
114.25
114.18000030517578
114.82000732421875
112.43000793457031
114.27001190185547
113.84001159667969
111.95000457763672
111.37000274658203
111.83000183105469
112.71000671386719
113.43000793457031
114.52999877929688
116.05000305175781
116.19000244140625
114.72000122070313
114.58000183105469
113.58000946044922
114.0300064086914
114.35000610351563
113.59000396728516
113.55000305175781
114.22000885009766
113.55000305175781
112.45001220703125
112.80999755859375
112.45001220703125
113.0300064086914
112.40000915527344
112.7800064086914
111.6300048828125
112.08000183105469
113.63999938964844
110.75000762939453
111.06001281738281
112.58000183105469
111.30000305175781
112.09000396728516
109.29000854492188
110.43000030517578
109.7300033569336
109.30000305175781
108.6300048828125
111.19000244140625
109.010009765625
109.59000396728516
110.92001342773438
112.11000061035156
110.1300048828125
109.54000854492188
109.62001037597656
110.63999938964844
109.6500015258789
111.24000549316406
110.37001037597656
110.52001190185547
111.8600082397461
111.47000122070313
112.1300048828125
111.41000366210938
110.72000122070313
110.68000793457031
112.00000762939453
111.13999938964844
111.44000244140625
111.31000518798828
111.22000885009766
109.7800064086914
110.83000183105469
114.69001007080078
111.74000549316406
113.77000427246094
112.46000671386719
112.02000427246094
110.1500015258789
108.3499984741211
111.62001037597656
110.91000366210938
111.64000701904297
112.08000183105469
111.2300033569336
111.66000366210938
113.91000366210938
109.2800064086914
110.30000305175781
112.18000793457031
109.19000244140625
111.85000610351563
110.46000671386719
111.77001190185547
109.15000915527344
109.97000885009766
108.65000915527344
108.61000061035156
110.20000457763672
108.87000274658203
110.92001342773438
111.27999877929688
110.96000671386719
113.41000366210938
113.08000183105469
112.9800033569336
111.46000671386719
111.87000274658203
111.6300048828125
112.11000061035156
111.98001098632813
110.6100082397461
112.46000671386719
109.42000579833984
111.0
112.6300048828125
111.99000549316406
110.02000427246094
113.30001068115234
113.87000274658203
113.62000274658203
115.43000030517578
113.79000854492188
113.32000732421875
111.94000244140625
113.010009765625
113.04000854492188
113.44001007080078
111.54000091552734
112.05001068115234
114.15000915527344
111.35000610351563
113.31000518798828
111.31000518798828
110.12000274658203
109.25
111.58000946044922
110.06000518798828
110.16999816894531
109.92000579833984
109.34001159667969
108.81000518798828
110.07000732421875
109.07000732421875
109.2800064086914
108.47000122070313
110.42000579833984
109.07000732421875
110.510009765625
107.85000610351563
109.58000183105469
109.71000671386719
110.10000610351563
108.93000793457031
109.40000915527344
108.8800048828125
109.15000915527344
107.70000457763672
109.50000762939453
109.3600082397461
110.75000762939453
112.2800064086914
112.60000610351563
112.6300048828125
112.10000610351563
114.35000610351563
112.47000885009766
111.61000061035156
110.82000732421875
109.00000762939453
107.96000671386719
109.15000915527344
106.65000915527344
107.64000701904297
109.3600082397461
111.0300064086914
112.19001007080078
109.96000671386719
108.70001220703125
109.47000122070313
108.69000244140625
109.02000427246094
109.37000274658203
108.89000701904297
109.47000122070313
108.8600082397461
108.43000793457031
108.31000518798828
108.1100082397461
109.35000610351563
110.46000671386719
109.75
109.3800048828125
110.74000549316406
112.12001037597656
111.50000762939453
112.41000366210938
111.94000244140625
111.18000793457031
109.94000244140625
110.47000885009766
110.63999938964844
108.93000793457031
110.62000274658203
108.91999816894531
110.06000518798828
110.16000366210938
111.54000091552734
110.70999908447266
112.08000183105469
110.95000457763672
108.42001342773438
109.16000366210938
108.85000610351563
111.10000610351563
108.66000366210938
109.71000671386719
108.06000518798828
108.43000793457031
108.4000015258789
108.83000183105469
107.19001007080078
108.27999877929688
108.09001159667969
107.56000518798828
106.32000732421875
106.79000854492188
108.36000061035156
108.23001098632813
106.77000427246094
105.79000854492188
108.3499984741211
107.7800064086914
109.56000518798828
106.75
110.30999755859375
109.19000244140625
109.54000854492188
109.02000427246094
108.52000427246094
107.33000946044922
108.5
109.52999877929688
109.31000518798828
107.43000793457031
106.9100112915039
107.41000366210938
107.31001281738281
108.65000915527344
109.1300048828125
107.04000854492188
107.70000457763672
108.42001342773438
108.77000427246094
109.95001220703125
109.05000305175781
108.26000213623047
108.20000457763672
109.04000091552734
107.12001037597656
108.4800033569336
108.27000427246094
108.30001068115234
108.71000671386719
109.74000549316406
107.85000610351563
110.93000793457031
108.80000305175781
109.12001037597656
109.95001220703125
110.25000762939453
109.90000915527344
110.44999694824219
109.88999938964844
110.6600112915039
109.72000122070313
111.20001220703125
108.24000549316406
109.69001007080078
109.31999969482422
111.33000183105469
109.96000671386719
110.41000366210938
110.56999969482422
110.79000854492188
110.54000854492188
110.5
109.85000610351563
110.22000122070313
109.6500015258789
107.97000885009766
110.08000183105469
110.10000610351563
109.61000061035156
111.29000854492188
111.39000701904297
110.46000671386719
112.6100082397461
112.64000701904297
112.41000366210938
113.45000457763672
113.4000015258789
112.90000915527344
113.77000427246094
112.00000762939453
112.71000671386719
112.57000732421875
113.13999938964844
112.25
110.29000091552734
110.08000183105469
110.95000457763672
109.09000396728516
111.58000946044922
112.50000762939453
110.91000366210938
110.42000579833984
107.62000274658203
110.22000122070313
110.94001007080078
109.61000061035156
108.7300033569336
110.59001159667969
110.72000122070313
110.16000366210938
111.06001281738281
109.49000549316406
109.77000427246094
109.6500015258789
108.34000396728516
108.09001159667969
107.96000671386719
109.34001159667969
108.19000244140625
107.90000915527344
108.63999938964844
110.8800048828125
112.62000274658203
111.99000549316406
111.77001190185547
112.87001037597656
111.77001190185547
111.57000732421875
111.6300048828125
111.68000030517578
111.52000427246094
112.31001281738281
110.46000671386719
111.52000427246094
110.84000396728516
110.40000915527344
110.20000457763672
108.37001037597656
109.05000305175781
111.52000427246094
108.02000427246094
108.94000244140625
109.59000396728516
108.87000274658203
111.55999755859375
111.61000061035156
109.38999938964844
109.760009765625
111.69000244140625
110.74000549316406
110.34000396728516
110.14000701904297
110.44999694824219
110.30999755859375
111.760009765625
112.89000701904297
111.55000305175781
110.82000732421875
110.37001037597656
110.95000457763672
110.260009765625
110.43000030517578
111.55000305175781
111.5300064086914
110.1500015258789
110.6600112915039
112.19001007080078
109.58000183105469
111.11000061035156
109.38999938964844
108.1600112915039
108.24000549316406
107.72000122070313
109.6300048828125
107.04000854492188
110.08000183105469
108.72000885009766
108.57000732421875
108.79000854492188
109.08000946044922
108.30001068115234
108.83000183105469
109.50000762939453
110.09001159667969
111.34001159667969
111.20001220703125
110.67000579833984
111.10000610351563
111.81000518798828
112.1300048828125
112.87001037597656
112.62000274658203
112.1500015258789
111.97000122070313
112.46000671386719
110.77999877929688
112.14000701904297
112.1300048828125
114.56000518798828
111.81999969482422
109.81001281738281
112.50000762939453
111.79000854492188
109.71000671386719
111.21000671386719
112.1500015258789
111.16000366210938
110.6300048828125
110.65000915527344
110.6300048828125
110.87001037597656
109.05999755859375
112.40000915527344
110.22000122070313
110.96000671386719
111.17000579833984
106.79000854492188
108.20999908447266
109.11000061035156
108.94000244140625
108.59000396728516
108.77999877929688
109.30000305175781
111.09000396728516
112.4800033569336
111.64000701904297
111.30000305175781
111.48001098632813
107.09000396728516
109.05999755859375
110.62000274658203
109.93000793457031
108.13999938964844
107.90000915527344
109.70000457763672
108.93000793457031
108.5
110.79000854492188
110.46000671386719
109.19999694824219
110.08000183105469
108.72000885009766
109.96000671386719
109.93000793457031
110.80001068115234
111.24000549316406
109.33000183105469
109.760009765625
110.16999816894531
110.74000549316406
109.9800033569336
109.43000793457031
108.84001159667969
110.32000732421875
109.05000305175781
109.68000793457031
110.34000396728516
110.47000885009766
107.41000366210938
107.29000091552734
109.42000579833984
108.99000549316406
110.73001098632813
111.52000427246094
109.40000915527344
110.52001190185547
109.49000549316406
110.56999969482422
109.00000762939453
108.09001159667969
109.08000946044922
109.52999877929688
107.00000762939453
107.07000732421875
108.37001037597656
107.83000946044922
109.27000427246094
110.68000793457031
110.47000885009766
109.18000030517578
109.72000122070313
108.010009765625
108.77999877929688
108.24000549316406
106.79000854492188
106.69000244140625
106.95999908447266
106.18000030517578
106.8800048828125
108.81000518798828
107.54000854492188
108.32000732421875
106.47000122070313
107.40000915527344
106.20001220703125
105.82000732421875
106.37000274658203
105.89000701904297
107.68000793457031
107.59001159667969
108.09001159667969
107.94000244140625
108.59000396728516
109.97000885009766
108.02000427246094
106.21000671386719
107.36000061035156
108.13999938964844
109.71000671386719
109.47000122070313
108.17000579833984
107.94999694824219
107.56000518798828
105.47000885009766
106.18000030517578
107.68000793457031
109.19000244140625
109.15000915527344
107.58000183105469
106.93000793457031
108.1600112915039
108.010009765625
106.52000427246094
107.02000427246094
103.77000427246094
106.59000396728516
105.96000671386719
105.9800033569336
103.95000457763672
102.38999938964844
103.46000671386719
102.46000671386719
102.92000579833984
104.45000457763672
103.68000030517578
103.8800048828125
106.57000732421875
105.83000183105469
106.12000274658203
107.02000427246094
104.24000549316406
104.43000793457031
108.8800048828125
108.33000183105469
109.1300048828125
107.49000549316406
110.06000518798828
106.65000915527344
107.97000885009766
108.45000457763672
107.91000366210938
106.58000946044922
109.45000457763672
108.91999816894531
109.54000854492188
108.34000396728516
106.5300064086914
109.15000915527344
111.47000122070313
107.05001068115234
106.61000061035156
108.82000732421875
108.98001098632813
109.51000213623047
110.16000366210938
107.84000396728516
109.1300048828125
106.55000305175781
106.25000762939453
107.18000793457031
106.33000183105469
106.30000305175781
103.45000457763672
105.8499984741211
105.86000061035156
107.09000396728516
106.760009765625
106.46000671386719
107.80000305175781
105.00000762939453
109.58000183105469
108.05000305175781
107.47000885009766
106.5300064086914
110.42000579833984
107.35000610351563
108.91000366210938
109.27000427246094
109.35000610351563
110.06000518798828
107.57000732421875
108.70001220703125
108.41000366210938
109.50000762939453
110.10000610351563
109.55001068115234
107.74000549316406
108.05000305175781
107.49000549316406
104.6300048828125
107.1300048828125
107.92000579833984
108.20000457763672
106.74000549316406
108.18000793457031
108.81000518798828
107.17001342773438
105.93000793457031
106.66000366210938
106.9100112915039
105.86000061035156
106.35000610351563
105.54000854492188
104.16000366210938
104.61000061035156
104.87000274658203
105.94001007080078
105.65000915527344
107.24000549316406
106.45000457763672
107.64000701904297
107.33000946044922
106.10000610351563
105.77999877929688
105.72000122070313
106.11000061035156
106.41999816894531
107.02000427246094
105.05000305175781
106.41000366210938
104.75
106.02000427246094
104.9800033569336
104.52000427246094
106.65000915527344
106.8600082397461
105.6100082397461
106.05000305175781
105.02999877929688
105.97000122070313
105.4800033569336
104.33000183105469
107.87001037597656
107.44000244140625
105.07000732421875
106.88999938964844
104.5999984741211
105.63999938964844
106.68000030517578
107.75000762939453
107.62000274658203
108.45000457763672
108.45000457763672
106.77000427246094
107.86000061035156
107.04000854492188
106.33000183105469
106.11000061035156
105.35000610351563
103.41000366210938
105.16999816894531
106.07000732421875
105.510009765625
104.30000305175781
105.1500015258789
108.20999908447266
105.9000015258789
107.32000732421875
107.51000213623047
109.52999877929688
108.22000122070313
109.55001068115234
107.29000091552734
107.07000732421875
104.82000732421875
106.11000061035156
104.61000061035156
104.79000091552734
106.37000274658203
105.8499984741211
108.22000122070313
105.67000579833984
107.66999816894531
106.98001098632813
108.0
106.7800064086914
108.6300048828125
108.89000701904297
109.4100112915039
110.33000946044922
109.09000396728516
107.83000946044922
110.40000915527344
107.42000579833984
106.88999938964844
105.01000213623047
109.45999908447266
109.40000915527344
106.05000305175781
107.94000244140625
106.69000244140625
107.12001037597656
105.47000885009766
105.27000427246094
105.47000885009766
107.62000274658203
108.010009765625
109.94000244140625
110.8800048828125
109.7800064086914
108.68000793457031
107.37000274658203
111.08000946044922
110.00000762939453
110.2800064086914
110.65000915527344
112.00000762939453
110.2800064086914
109.37000274658203
107.80999755859375
108.55000305175781
110.77999877929688
110.19000244140625
112.07000732421875
109.75
108.08000183105469
108.54000091552734
108.20999908447266
107.20000457763672
110.1500015258789
108.10000610351563
109.86000061035156
106.6300048828125
107.09000396728516
107.19001007080078
108.09001159667969
107.52999877929688
107.49000549316406
108.49000549316406
110.12000274658203
107.25
109.97000885009766
110.60000610351563
109.50000762939453
109.9800033569336
108.54000091552734
109.25
108.09001159667969
109.24000549316406
110.35000610351563
109.52999877929688
109.2800064086914
108.89000701904297
109.61000061035156
107.90000915527344
109.17000579833984
107.260009765625
107.72000122070313
107.09000396728516
107.46000671386719
107.77000427246094
105.91000366210938
105.81000518798828
107.09000396728516
106.99000549316406
106.58000946044922
109.19999694824219
105.93000793457031
105.49000549316406
105.09001159667969
105.81000518798828
107.36000061035156
105.59001159667969
106.67000579833984
108.510009765625
106.3800048828125
107.80999755859375
106.87000274658203
107.260009765625
108.85000610351563
108.04000854492188
108.19000244140625
106.46000671386719
105.92001342773438
109.16000366210938
106.95999908447266
108.74000549316406
107.42000579833984
106.83000183105469
107.8800048828125
108.19000244140625
107.94999694824219
107.3800048828125
107.35000610351563
107.47000885009766
109.27000427246094
109.22000885009766
108.93000793457031
109.57000732421875
110.01000213623047
110.2800064086914
111.8600082397461
114.0300064086914
111.99000549316406
108.96000671386719
109.22000885009766
109.80000305175781
109.1300048828125
110.20000457763672
109.74000549316406
110.02999877929688
108.70001220703125
112.38999938964844
110.58000183105469
109.69001007080078
108.18000793457031
107.70000457763672
107.34000396728516
109.44000244140625
109.0300064086914
110.27000427246094
109.22000885009766
109.97000885009766
110.32000732421875
108.72000885009766
109.87000274658203
110.20000457763672
109.47000122070313
108.23001098632813
108.94000244140625
110.85000610351563
109.48001098632813
108.62000274658203
111.47000122070313
111.49000549316406
109.80000305175781
110.56999969482422
110.43000030517578
110.84000396728516
111.84001159667969
109.52999877929688
109.84000396728516
109.1300048828125
108.62000274658203
108.75000762939453
108.93000793457031
107.41000366210938
107.3800048828125
107.1500015258789
107.33000946044922
108.26000213623047
106.58000946044922
108.56001281738281
106.010009765625
106.10000610351563
108.41000366210938
106.010009765625
107.90000915527344
108.82000732421875
107.94999694824219
110.02999877929688
108.6300048828125
110.8800048828125
108.39000701904297
109.00000762939453
106.75
107.25
105.75000762939453
108.1300048828125
106.69000244140625
107.64000701904297
106.21000671386719
108.39000701904297
107.30000305175781
106.81000518798828
108.77999877929688
106.75
106.92000579833984
107.18000793457031
105.73001098632813
106.24000549316406
107.69000244140625
108.3499984741211
110.21000671386719
108.93000793457031
109.19000244140625
110.85000610351563
110.47000885009766
109.80000305175781
108.06999969482422
107.72000122070313
108.5300064086914
109.80000305175781
108.8800048828125
107.34000396728516
106.02000427246094
106.16000366210938
106.3600082397461
107.04000854492188
108.25000762939453
109.55001068115234
108.98001098632813
109.82000732421875
110.73001098632813
108.5
110.3800048828125
107.31001281738281
108.91999816894531
108.45000457763672
106.90000915527344
107.36000061035156
107.7800064086914
107.2300033569336
107.90000915527344
105.22000122070313
106.44000244140625
105.40000915527344
108.8600082397461
109.15000915527344
109.52000427246094
107.21000671386719
107.62000274658203
108.08000183105469
107.45001220703125
107.08000183105469
108.87000274658203
107.66000366210938
108.54000091552734
110.02999877929688
109.47000122070313
108.49000549316406
109.7800064086914
108.39000701904297
107.69000244140625
109.38999938964844
107.42000579833984
107.45001220703125
107.44000244140625
108.9000015258789
109.22000885009766
107.94999694824219
106.62001037597656
109.55001068115234
109.19999694824219
109.9800033569336
110.00000762939453
108.8600082397461
108.5
108.18000793457031
108.79000854492188
107.19001007080078
108.87000274658203
107.37000274658203
106.19000244140625
105.74000549316406
106.92000579833984
107.47000885009766
106.90000915527344
106.61000061035156
108.61000061035156
109.71000671386719
