99.52000427246094
100.21000671386719
99.58000183105469
98.510009765625
98.60000610351563
101.3800048828125
100.6600112915039
100.8499984741211
101.77000427246094
100.70000457763672
100.29000091552734
102.47000885009766
102.70000457763672
101.8600082397461
100.82000732421875
103.36000061035156
102.44000244140625
101.98001098632813
101.67000579833984
100.4800033569336
101.25000762939453
100.81000518798828
100.43000030517578
97.97000885009766
100.22000122070313
98.91999816894531
100.30999755859375
100.27000427246094
99.260009765625
101.13999938964844
99.79000091552734
100.47000885009766
100.70000457763672
103.79000854492188
103.04000854492188
100.83000183105469
102.01000213623047
102.2300033569336
102.11000061035156
102.01000213623047
101.41000366210938
100.0
98.59000396728516
100.47000885009766
97.3800048828125
97.72000122070313
96.7800064086914
98.08000183105469
101.09000396728516
101.19000244140625
100.47000885009766
102.82000732421875
101.64000701904297
98.72000885009766
98.75
98.12000274658203
101.55999755859375
101.62001037597656
98.97000122070313
101.010009765625
100.02000427246094
101.2300033569336
102.00000762939453
103.08999633789063
102.84000396728516
102.47000885009766
99.6500015258789
102.91000366210938
101.41000366210938
101.65000915527344
97.84000396728516
98.67000579833984
101.85000610351563
102.77000427246094
102.17001342773438
102.99000549316406
105.32000732421875
104.02000427246094
100.44000244140625
99.59000396728516
101.69999694824219
100.86000061035156
101.98001098632813
102.37000274658203
103.76000213623047
102.37000274658203
103.1300048828125
100.5
101.81000518798828
103.91999816894531
102.97000885009766
101.34001159667969
101.77000427246094
99.16000366210938
99.77000427246094
99.44000244140625
97.97000885009766
99.45000457763672
101.8800048828125
98.94000244140625
97.83000183105469
101.15000915527344
100.39000701904297
101.16000366210938
100.4800033569336
99.45000457763672
102.75000762939453
102.19001007080078
101.81000518798828
101.010009765625
102.83000946044922
100.40000915527344
98.94000244140625
100.76000213623047
100.76000213623047
98.24000549316406
97.47000885009766
98.77999877929688
101.7800064086914
101.85000610351563
103.3800048828125
101.3800048828125
101.21000671386719
102.30000305175781
102.51000213623047
102.07000732421875
99.61000061035156
100.37001037597656
101.26000213623047
101.64000701904297
101.16000366210938
100.8499984741211
99.5999984741211
101.05000305175781
100.27000427246094
99.6300048828125
100.56999969482422
101.99000549316406
99.40000915527344
100.19000244140625
100.74000549316406
101.21000671386719
101.09000396728516
99.37000274658203
99.01000213623047
97.47000885009766
98.18000793457031
100.58000183105469
99.19000244140625
99.19999694824219
99.66000366210938
98.58000946044922
97.35000610351563
98.80000305175781
96.77000427246094
98.74000549316406
96.26000213623047
97.45001220703125
98.6300048828125
96.8600082397461
97.35000610351563
98.44001007080078
95.77999877929688
96.27000427246094
96.05000305175781
94.73999786376953
94.92000579833984
95.2800064086914
93.59000396728516
94.260009765625
94.12001037597656
94.96000671386719
94.01000213623047
91.83000183105469
93.68000030517578
93.71000671386719
94.51000213623047
94.92000579833984
93.81000518798828
94.69001007080078
95.02000427246094
94.66999816894531
94.5999984741211
95.6300048828125
97.01000213623047
94.33000183105469
96.04000091552734
97.31001281738281
95.60000610351563
95.12000274658203
97.64000701904297
95.01000213623047
95.43000030517578
96.68000030517578
95.82000732421875
95.81000518798828
97.06000518798828
97.60000610351563
97.37000274658203
97.02999877929688
96.45000457763672
98.70001220703125
97.60000610351563
98.0300064086914
96.08000946044922
97.21000671386719
96.010009765625
96.27999877929688
96.02000427246094
95.9800033569336
95.09001159667969
96.19000244140625
96.41000366210938
97.06000518798828
96.26000213623047
96.11000061035156
95.67000579833984
94.70000457763672
95.62000274658203
96.57000732421875
97.44000244140625
97.19001007080078
95.94001007080078
95.6100082397461
96.5300064086914
95.65000915527344
96.80000305175781
95.52000427246094
96.97000122070313
95.70000457763672
95.1300048828125
96.8600082397461
95.77999877929688
94.93000030517578
92.92000579833984
94.97000885009766
96.15000915527344
95.58000183105469
96.67000579833984
95.75000762939453
95.77000427246094
97.37000274658203
96.10000610351563
94.5999984741211
95.05000305175781
93.02000427246094
94.14000701904297
94.40000915527344
96.47000122070313
93.08999633789063
93.67000579833984
95.10000610351563
95.8499984741211
95.1300048828125
96.41000366210938
96.68000030517578
96.12000274658203
93.93000793457031
94.95001220703125
94.17000579833984
93.19000244140625
93.4800033569336
93.80000305175781
92.93000030517578
92.93000030517578
93.44001007080078
95.73001098632813
96.95999908447266
96.09000396728516
94.79000091552734
96.2300033569336
94.59000396728516
95.25000762939453
93.510009765625
93.94000244140625
94.86000061035156
96.16000366210938
93.510009765625
94.14000701904297
94.2300033569336
93.9000015258789
94.49000549316406
93.27999877929688
92.69000244140625
92.33000946044922
95.09001159667969
93.80000305175781
93.39000701904297
94.37000274658203
92.25
92.79000091552734
93.43000793457031
91.71000671386719
94.00000762939453
94.17000579833984
94.61000061035156
94.2800064086914
95.52000427246094
94.70000457763672
95.8800048828125
94.73999786376953
94.85000610351563
96.0300064086914
94.87000274658203
94.7300033569336
95.74000549316406
93.36000061035156
94.24000549316406
94.52999877929688
92.9800033569336
93.1100082397461
94.31999969482422
92.6100082397461
93.79000854492188
93.010009765625
94.48001098632813
91.52000427246094
95.82000732421875
93.71000671386719
94.81001281738281
95.86000061035156
96.22000885009766
97.7800064086914
95.3800048828125
93.41000366210938
96.010009765625
95.23001098632813
93.68000030517578
95.30999755859375
94.3600082397461
92.75000762939453
92.56999969482422
93.22000122070313
92.99000549316406
94.2800064086914
93.0300064086914
92.80000305175781
93.15000915527344
93.06999969482422
94.31000518798828
94.66999816894531
93.06999969482422
93.17000579833984
94.57000732421875
95.26000213623047
94.0300064086914
93.77000427246094
93.83000183105469
92.94999694824219
93.13999938964844
95.0
94.27000427246094
95.06000518798828
93.8600082397461
93.41999816894531
94.21000671386719
94.3600082397461
93.41999816894531
93.22000122070313
93.32000732421875
93.85000610351563
93.16000366210938
95.37001037597656
95.36000061035156
94.66000366210938
94.31999969482422
97.08000183105469
96.65000915527344
96.3800048828125
96.43000793457031
95.20000457763672
96.8600082397461
98.33000183105469
96.10000610351563
96.66000366210938
97.46000671386719
97.27000427246094
97.71000671386719
96.69999694824219
97.20000457763672
98.49000549316406
96.15000915527344
96.74000549316406
97.94999694824219
96.27000427246094
95.94001007080078
94.6500015258789
93.89000701904297
93.54000091552734
95.89000701904297
92.94000244140625
92.47000885009766
94.73999786376953
93.59000396728516
94.71000671386719
95.79000854492188
96.31000518798828
95.6100082397461
93.74000549316406
96.35000610351563
95.09001159667969
94.49000549316406
95.43000030517578
95.10000610351563
95.25000762939453
94.80000305175781
93.43000793457031
92.66000366210938
93.67000579833984
93.59000396728516
92.89000701904297
94.7800064086914
94.56000518798828
94.54000854492188
95.39000701904297
95.42000579833984
94.260009765625
95.25000762939453
93.27999877929688
92.55000305175781
94.66999816894531
94.2300033569336
92.58000183105469
95.44999694824219
94.6500015258789
93.22000122070313
95.40000915527344
92.52000427246094
93.510009765625
93.30001068115234
92.42000579833984
90.32000732421875
92.6100082397461
93.34000396728516
90.58999633789063
91.04000091552734
91.93000793457031
91.51000213623047
90.4000015258789
90.84000396728516
94.00000762939453
92.70000457763672
91.98001098632813
91.35000610351563
91.97000122070313
90.4000015258789
92.06000518798828
93.15000915527344
92.0999984741211
89.08000183105469
90.69000244140625
92.27000427246094
90.66000366210938
89.68000793457031
91.60000610351563
90.95000457763672
92.76000213623047
93.55000305175781
94.88999938964844
97.5
96.0
96.05000305175781
95.76000213623047
94.92000579833984
96.18000030517578
93.83000183105469
95.1500015258789
95.4800033569336
96.02000427246094
94.47000122070313
93.68000030517578
94.21000671386719
93.83000183105469
94.24000549316406
94.8800048828125
94.85000610351563
95.23001098632813
94.68000793457031
94.6500015258789
95.56999969482422
97.11000061035156
94.88999938964844
95.0
95.77999877929688
95.91999816894531
95.69000244140625
96.18000030517578
94.7800064086914
92.83000183105469
93.0
90.47000885009766
90.69000244140625
92.25
92.71000671386719
91.94000244140625
92.41000366210938
92.40000915527344
92.37000274658203
92.73001098632813
93.27000427246094
91.85000610351563
92.93000030517578
92.6300048828125
95.24000549316406
94.12001037597656
92.94999694824219
94.75
93.76000213623047
91.71000671386719
92.92000579833984
93.41000366210938
92.52000427246094
91.69000244140625
92.31001281738281
93.4000015258789
91.58000183105469
90.25000762939453
93.25000762939453
91.12000274658203
92.8800048828125
93.05000305175781
93.04000854492188
93.22000122070313
92.2300033569336
93.89000701904297
92.07000732421875
91.72000885009766
92.62000274658203
92.44000244140625
92.73001098632813
93.77999877929688
93.13999938964844
92.46000671386719
92.77000427246094
93.18000793457031
92.94000244140625
94.08000183105469
93.19000244140625
93.15000915527344
94.82000732421875
92.55000305175781
94.57000732421875
94.51000213623047
94.2300033569336
92.00000762939453
92.19001007080078
93.9000015258789
94.24000549316406
93.3499984741211
93.20999908447266
92.4800033569336
93.55000305175781
91.69999694824219
90.62000274658203
91.93000793457031
93.17000579833984
93.84001159667969
93.24000549316406
92.59001159667969
92.35000610351563
93.29000854492188
91.3800048828125
91.55000305175781
91.75
92.22000122070313
95.01000213623047
93.41999816894531
93.4000015258789
93.65000915527344
95.96000671386719
92.4800033569336
95.42000579833984
92.12001037597656
94.31000518798828
94.16000366210938
93.83000183105469
94.30000305175781
94.05000305175781
93.5300064086914
95.39000701904297
92.52999877929688
94.21000671386719
93.37001037597656
93.66000366210938
91.94000244140625
92.80999755859375
93.34000396728516
93.70001220703125
93.84001159667969
92.6300048828125
94.09000396728516
93.18000793457031
94.07000732421875
94.71000671386719
95.02999877929688
94.86000061035156
93.8600082397461
95.97000122070313
95.27000427246094
94.93000030517578
93.15000915527344
93.0300064086914
94.10000610351563
93.72000885009766
94.52999877929688
96.41000366210938
97.70000457763672
98.25000762939453
95.24000549316406
96.8600082397461
97.07000732421875
94.7800064086914
96.93000793457031
98.69000244140625
97.94999694824219
94.35000610351563
96.67000579833984
96.95000457763672
95.32000732421875
96.010009765625
95.02999877929688
94.33999633789063
96.33000183105469
94.1300048828125
95.84000396728516
95.97000122070313
94.50000762939453
95.65000915527344
97.0999984741211
97.02000427246094
96.05000305175781
99.15000915527344
97.94000244140625
96.37000274658203
96.18000030517578
97.02999877929688
96.04000091552734
93.61000061035156
93.27000427246094
95.55000305175781
94.90000915527344
92.92000579833984
95.07000732421875
96.54000091552734
93.72000885009766
94.33999633789063
94.45999908447266
96.69999694824219
96.68000030517578
93.81999969482422
93.83000183105469
93.26000213623047
95.6300048828125
94.47000122070313
94.3800048828125
94.2300033569336
95.2800064086914
94.90000915527344
94.760009765625
93.44001007080078
94.87000274658203
94.82000732421875
92.84000396728516
93.33000183105469
91.68000030517578
93.10000610351563
93.32000732421875
92.29000091552734
92.19001007080078
91.47000122070313
92.49000549316406
90.70000457763672
92.1500015258789
90.8800048828125
92.7800064086914
91.94000244140625
90.86000061035156
91.0300064086914
91.37000274658203
91.62001037597656
94.86000061035156
92.77000427246094
94.55001068115234
92.54000854492188
92.18000793457031
93.72000885009766
94.25
92.30000305175781
92.0999984741211
93.77000427246094
93.61000061035156
95.54000854492188
94.92000579833984
95.16000366210938
95.24000549316406
94.69001007080078
93.1300048828125
93.05000305175781
94.54000854492188
96.07000732421875
96.81999969482422
97.71000671386719
98.05000305175781
97.87001037597656
98.08999633789063
98.84001159667969
98.43000793457031
97.05001068115234
97.57000732421875
96.68000030517578
97.69000244140625
96.32000732421875
94.41000366210938
93.47000122070313
94.72000122070313
93.46000671386719
92.92000579833984
93.62000274658203
94.58000183105469
93.36000061035156
93.13999938964844
92.76000213623047
94.77000427246094
92.75000762939453
92.56000518798828
93.31000518798828
91.7800064086914
94.07000732421875
94.90000915527344
94.7800064086914
93.17000579833984
93.85000610351563
95.18000793457031
94.73999786376953
93.84001159667969
94.15000915527344
94.33999633789063
93.44001007080078
94.8800048828125
97.12001037597656
97.6100082397461
97.14000701904297
97.40000915527344
96.97000122070313
97.46000671386719
94.41000366210938
96.37000274658203
94.92000579833984
94.45000457763672
93.69000244140625
94.96000671386719
95.09001159667969
95.32000732421875
94.10000610351563
92.75000762939453
93.41999816894531
94.97000885009766
95.6300048828125
94.2800064086914
97.71000671386719
96.61000061035156
95.02999877929688
93.25000762939453
94.37000274658203
92.25
95.14000701904297
95.80001068115234
96.93000793457031
94.9800033569336
95.22000122070313
95.77000427246094
95.05000305175781
95.91999816894531
95.89000701904297
94.14000701904297
95.32000732421875
97.92000579833984
97.21000671386719
98.27000427246094
100.25000762939453
98.71000671386719
98.4800033569336
98.54000091552734
95.72000122070313
98.81000518798828
97.8800048828125
95.09001159667969
96.83000183105469
95.79000854492188
96.90000915527344
96.27000427246094
96.04000091552734
95.80001068115234
94.21000671386719
94.17000579833984
94.33000183105469
95.19000244140625
94.51000213623047
94.99000549316406
93.25000762939453
96.39000701904297
94.64000701904297
93.91000366210938
94.05999755859375
91.97000122070313
94.09000396728516
93.97000122070313
92.33000946044922
93.4800033569336
93.39000701904297
95.63999938964844
94.1300048828125
93.84001159667969
92.4800033569336
92.80999755859375
95.32000732421875
96.75
96.88999938964844
96.45000457763672
95.30000305175781
97.71000671386719
97.93000030517578
99.31000518798828
99.87000274658203
99.24000549316406
98.47000122070313
99.2800064086914
98.41000366210938
98.4800033569336
98.34000396728516
96.0
95.84000396728516
96.81000518798828
93.8600082397461
96.0300064086914
91.57000732421875
93.16000366210938
96.16000366210938
97.75000762939453
97.46000671386719
96.57000732421875
94.52000427246094
94.83000946044922
95.70000457763672
91.99000549316406
92.76000213623047
95.81000518798828
95.14000701904297
94.50000762939453
96.4000015258789
94.3600082397461
95.79000854492188
98.84001159667969
97.6500015258789
95.75000762939453
98.3499984741211
99.04000091552734
97.47000885009766
97.5
95.16000366210938
96.8600082397461
97.24000549316406
97.24000549316406
97.24000549316406
97.00000762939453
96.81999969482422
97.09000396728516
96.46000671386719
96.21000671386719
99.14000701904297
97.19001007080078
98.72000885009766
97.94999694824219
100.16000366210938
99.09000396728516
99.00000762939453
98.71000671386719
99.70000457763672
101.30000305175781
99.8800048828125
98.91999816894531
98.0
99.3800048828125
97.260009765625
99.05000305175781
95.89000701904297
96.48001098632813
97.92000579833984
95.66000366210938
98.44001007080078
98.57000732421875
96.43000793457031
97.00000762939453
95.89000701904297
96.07000732421875
96.32000732421875
95.56000518798828
95.42000579833984
95.43000030517578
96.06001281738281
96.55000305175781
96.19000244140625
96.26000213623047
97.72000122070313
97.2800064086914
96.81000518798828
95.56999969482422
97.69000244140625
96.44000244140625
95.82000732421875
94.61000061035156
96.49000549316406
97.6100082397461
96.27999877929688
96.6300048828125
97.79000091552734
97.96000671386719
96.71000671386719
95.35000610351563
94.30000305175781
95.56999969482422
97.52000427246094
96.72000885009766
95.21000671386719
96.7300033569336
95.76000213623047
96.37000274658203
96.24000549316406
95.26000213623047
95.87001037597656
94.71000671386719
96.54000091552734
96.07000732421875
94.77000427246094
92.83000183105469
93.20000457763672
93.8800048828125
94.92000579833984
93.80000305175781
94.01000213623047
97.41000366210938
96.13999938964844
95.43000030517578
95.42000579833984
98.34000396728516
96.69999694824219
95.8499984741211
93.79000854492188
95.4800033569336
95.5300064086914
94.12001037597656
95.72000122070313
96.34001159667969
97.97000885009766
97.66999816894531
94.51000213623047
97.19001007080078
96.26000213623047
97.16000366210938
97.74000549316406
98.81000518798828
96.97000122070313
95.58999633789063
97.76000213623047
97.83000183105469
98.8600082397461
98.1100082397461
95.16000366210938
96.99000549316406
96.07000732421875
97.12001037597656
97.22000122070313
97.29000091552734
97.6300048828125
97.97000885009766
98.17000579833984
97.57000732421875
96.24000549316406
95.06000518798828
93.44001007080078
93.08000183105469
95.02999877929688
96.010009765625
95.34000396728516
93.33000183105469
95.30999755859375
95.86000061035156
94.9800033569336
95.34000396728516
97.32000732421875
95.62000274658203
94.88999938964844
96.64000701904297
94.62001037597656
92.91000366210938
94.69001007080078
94.80000305175781
93.16000366210938
94.1300048828125
95.5
93.85000610351563
96.77000427246094
98.02000427246094
93.99000549316406
95.97000122070313
94.75
95.60000610351563
93.8600082397461
91.60000610351563
91.91000366210938
93.0300064086914
91.10000610351563
95.18000793457031
92.90000915527344
92.42000579833984
93.89000701904297
94.2800064086914
94.97000885009766
96.41000366210938
92.9800033569336
92.90000915527344
94.16000366210938
94.7800064086914
93.23001098632813
92.93000030517578
93.56001281738281
92.46000671386719
92.260009765625
92.30000305175781
91.83999633789063
94.75
93.60000610351563
92.6100082397461
93.06999969482422
94.70000457763672
92.55000305175781
92.47000885009766
93.93000793457031
94.43000793457031
96.07000732421875
94.66000366210938
94.05000305175781
94.56000518798828
93.59000396728516
92.60000610351563
96.07000732421875
93.47000122070313
93.80000305175781
95.16000366210938
92.27000427246094
92.52999877929688
90.41000366210938
91.8800048828125
91.44000244140625
91.64000701904297
92.69000244140625
94.48001098632813
92.52000427246094
93.48999786376953
94.77000427246094
95.12000274658203
94.02000427246094
94.33000183105469
91.87000274658203
93.69000244140625
93.05000305175781
93.8800048828125
94.70000457763672
92.41000366210938
93.75
93.97000122070313
95.9800033569336
94.6500015258789
93.61000061035156
94.90000915527344
96.68000030517578
94.01000213623047
92.43000030517578
93.34000396728516
92.59001159667969
93.34000396728516
98.6300048828125
95.56000518798828
94.88999938964844
94.05999755859375
96.06001281738281
93.45000457763672
93.0300064086914
93.3499984741211
93.46000671386719
93.68000030517578
96.02000427246094
93.91999816894531
93.27000427246094
91.87000274658203
91.48001098632813
91.99000549316406
94.73999786376953
91.27000427246094
92.97000885009766
93.08000183105469
91.58000183105469
93.0
93.29000854492188
90.89000701904297
92.260009765625
91.77000427246094
92.23999786376953
93.08000183105469
90.91000366210938
91.93000793457031
88.85000610351563
90.49000549316406
89.81001281738281
91.02000427246094
89.9800033569336
92.00000762939453
92.07000732421875
90.91999816894531
93.31000518798828
92.19001007080078
92.32000732421875
90.3800048828125
92.32000732421875
91.010009765625
90.97000122070313
91.85000610351563
89.81001281738281
91.39000701904297
90.63999938964844
89.54000854492188
89.92000579833984
90.75000762939453
93.3499984741211
90.5300064086914
91.75
91.07000732421875
91.27999877929688
90.35000610351563
89.91000366210938
92.41000366210938
90.4000015258789
90.26000213623047
92.00000762939453
90.75000762939453
88.63999938964844
90.42000579833984
91.1300048828125
90.97000122070313
90.58000183105469
91.760009765625
92.34000396728516
91.74000549316406
93.0300064086914
91.6500015258789
91.87000274658203
90.6100082397461
90.39000701904297
92.69000244140625
91.45000457763672
91.55000305175781
91.48001098632813
92.73001098632813
90.26000213623047
90.52000427246094
90.56000518798828
92.19001007080078
91.79000854492188
92.58000183105469
91.71000671386719
92.70000457763672
91.68000030517578
91.43000793457031
93.94000244140625
94.64000701904297
93.27999877929688
93.9000015258789
93.24000549316406
94.66000366210938
95.510009765625
93.43000793457031
96.83999633789063
94.94000244140625
93.46000671386719
93.89000701904297
93.85000610351563
92.72000122070313
95.27000427246094
93.4800033569336
93.45000457763672
94.30000305175781
92.45001220703125
93.23001098632813
93.6300048828125
92.260009765625
92.31001281738281
91.4000015258789
90.89000701904297
89.56000518798828
89.49000549316406
90.81000518798828
90.70999908447266
91.77000427246094
91.79000854492188
93.59000396728516
91.34001159667969
92.80000305175781
90.70000457763672
91.45000457763672
92.260009765625
93.510009765625
95.05000305175781
92.49000549316406
92.90000915527344
91.24000549316406
89.77000427246094
90.42000579833984
92.84000396728516
90.97000122070313
93.57000732421875
92.60000610351563
93.06999969482422
93.04000854492188
92.07000732421875
93.63999938964844
93.5300064086914
94.44000244140625
96.55999755859375
94.31000518798828
93.36000061035156
93.16000366210938
93.79000854492188
93.31000518798828
91.49000549316406
90.4000015258789
93.34000396728516
93.67000579833984
87.45001220703125
90.20000457763672
90.52000427246094
91.52000427246094
90.56999969482422
91.35000610351563
93.68000030517578
92.55000305175781
92.2800064086914
92.5
93.77999877929688
93.62000274658203
91.58000183105469
90.80001068115234
92.92000579833984
93.08999633789063
91.62001037597656
92.1500015258789
93.02000427246094
91.92000579833984
92.43000030517578
91.19000244140625
92.06000518798828
92.21000671386719
89.97000885009766
93.41000366210938
91.77000427246094
90.3800048828125
91.21000671386719
90.58999633789063
91.17000579833984
91.94000244140625
91.47000122070313
93.63999938964844
91.75
91.77000427246094
91.760009765625
92.04000854492188
91.97000122070313
89.2800064086914
89.85000610351563
92.36000061035156
91.3800048828125
93.06999969482422
92.77000427246094
92.35000610351563
92.21000671386719
92.16999816894531
92.25
90.5
90.81000518798828
91.19000244140625
90.69000244140625
90.55000305175781
90.8499984741211
89.49000549316406
90.16000366210938
90.30000305175781
89.9800033569336
89.96000671386719
91.93000793457031
92.77000427246094
91.19000244140625
92.6100082397461
94.0300064086914
92.05001068115234
91.67000579833984
93.76000213623047
94.92000579833984
91.7800064086914
91.59000396728516
92.260009765625
92.55000305175781
93.36000061035156
92.91000366210938
95.06000518798828
95.68000793457031
94.55001068115234
94.81001281738281
93.89000701904297
93.41999816894531
94.64000701904297
94.72000122070313
94.1300048828125
92.80999755859375
93.9000015258789
95.58000183105469
92.32000732421875
94.27000427246094
93.16000366210938
93.36000061035156
95.16000366210938
95.14000701904297
96.11000061035156
94.12001037597656
94.88999938964844
96.2300033569336
94.7800064086914
97.33000946044922
96.83999633789063
96.15000915527344
97.87001037597656
95.41000366210938
95.9800033569336
96.77000427246094
94.3600082397461
94.81001281738281
95.47000885009766
96.17000579833984
95.33000183105469
95.56000518798828
95.83000183105469
94.47000122070313
93.52000427246094
95.69000244140625
94.56000518798828
93.8600082397461
93.71000671386719
96.44000244140625
96.30000305175781
96.68000030517578
94.760009765625
96.34001159667969
95.43000030517578
96.67000579833984
97.9800033569336
97.74000549316406
94.93000030517578
94.48001098632813
95.40000915527344
94.66000366210938
95.46000671386719
97.16000366210938
96.5300064086914
95.25000762939453
94.62001037597656
95.46000671386719
94.95001220703125
93.68000030517578
96.11000061035156
94.85000610351563
96.74000549316406
98.13999938964844
96.08000946044922
95.30000305175781
94.02000427246094
94.14000701904297
93.81999969482422
93.45000457763672
93.46000671386719
93.22000122070313
96.18000030517578
94.43000793457031
93.61000061035156
93.5
93.9000015258789
93.95000457763672
95.29000091552734
97.02999877929688
94.49000549316406
95.44999694824219
94.57000732421875
98.31000518798828
93.77000427246094
94.75
93.76000213623047
93.95000457763672
92.01000213623047
94.49000549316406
91.0
94.88999938964844
96.55999755859375
94.87000274658203
94.38999938964844
93.62000274658203
93.62000274658203
93.70001220703125
91.74000549316406
92.14000701904297
92.44000244140625
93.62000274658203
91.77000427246094
93.12000274658203
93.02000427246094
94.17000579833984
95.54000854492188
94.91000366210938
93.31000518798828
93.95000457763672
94.14000701904297
94.66999816894531
91.5300064086914
92.80000305175781
94.1300048828125
93.41999816894531
94.50000762939453
95.55000305175781
95.25000762939453
95.69000244140625
95.44999694824219
95.9000015258789
96.55999755859375
96.50000762939453
95.2800064086914
96.83999633789063
96.19000244140625
95.42000579833984
94.64000701904297
95.23001098632813
94.19000244140625
94.93000030517578
94.05999755859375
95.16999816894531
94.31999969482422
94.88999938964844
95.16000366210938
95.02000427246094
95.39000701904297
93.44001007080078
97.34000396728516
96.72000885009766
98.06000518798828
96.81000518798828
96.04000091552734
95.99000549316406
97.4800033569336
97.06000518798828
99.33999633789063
98.33000183105469
97.46000671386719
99.260009765625
99.66000366210938
96.16000366210938
96.60000610351563
94.93000030517578
96.31000518798828
97.16999816894531
95.06000518798828
93.84001159667969
94.90000915527344
94.27000427246094
96.48001098632813
93.17000579833984
92.71000671386719
94.8800048828125
96.57000732421875
96.77000427246094
96.51000213623047
97.2800064086914
99.1300048828125
98.06999969482422
97.6500015258789
96.46000671386719
98.77000427246094
99.35000610351563
97.66000366210938
98.04000854492188
98.9000015258789
98.75
98.02000427246094
97.11000061035156
95.97000122070313
97.27000427246094
