100.09001159667969
98.97000122070313
102.01000213623047
100.54000854492188
101.0
102.49000549316406
102.62000274658203
101.29000854492188
100.58999633789063
101.08000946044922
102.6300048828125
101.97000122070313
101.83000183105469
102.79000091552734
103.4800033569336
103.81000518798828
102.90000915527344
101.08000946044922
102.89000701904297
101.02000427246094
103.34000396728516
100.41000366210938
99.72000122070313
99.14000701904297
101.43000793457031
98.80000305175781
98.34000396728516
98.0300064086914
98.29000854492188
101.80000305175781
101.9100112915039
101.69999694824219
101.34001159667969
100.91999816894531
101.10000610351563
100.91999816894531
99.6500015258789
101.15000915527344
101.3600082397461
100.76000213623047
100.47000885009766
99.77000427246094
100.05000305175781
101.80000305175781
97.8800048828125
98.70001220703125
96.98001098632813
97.72000122070313
101.8600082397461
101.52000427246094
101.08000946044922
102.20000457763672
100.93000793457031
98.20000457763672
99.66000366210938
100.40000915527344
103.62000274658203
101.6300048828125
99.55001068115234
100.96000671386719
98.72000885009766
97.66000366210938
99.85000610351563
101.80000305175781
102.32000732421875
102.79000091552734
99.2800064086914
102.00000762939453
101.54000091552734
101.26000213623047
98.20999908447266
99.96000671386719
100.47000885009766
99.54000854492188
97.74000549316406
96.39000701904297
98.32000732421875
98.77999877929688
96.83999633789063
97.34000396728516
98.41999816894531
96.3600082397461
97.54000854492188
97.9800033569336
97.32000732421875
98.7300033569336
98.67000579833984
98.1600112915039
96.69999694824219
98.85000610351563
98.77999877929688
97.9800033569336
98.66000366210938
96.81000518798828
97.22000122070313
95.9800033569336
94.64000701904297
95.77999877929688
98.7300033569336
97.260009765625
98.32000732421875
98.98001098632813
95.94001007080078
96.2300033569336
96.07000732421875
97.01000213623047
97.62000274658203
99.07000732421875
97.87001037597656
97.94999694824219
98.57000732421875
97.60000610351563
97.16000366210938
97.42000579833984
98.10000610351563
96.66000366210938
94.16000366210938
95.60000610351563
97.45001220703125
97.87001037597656
98.59000396728516
98.36000061035156
97.6100082397461
98.71000671386719
99.43000793457031
101.18000030517578
97.84000396728516
99.04000091552734
99.6500015258789
98.47000122070313
99.69001007080078
100.02000427246094
99.86000061035156
102.21000671386719
101.41999816894531
101.35000610351563
102.79000091552734
100.6600112915039
101.46000671386719
103.17000579833984
102.11000061035156
100.32000732421875
99.69001007080078
100.35000610351563
99.29000854492188
97.73001098632813
99.57000732421875
101.57000732421875
101.51000213623047
100.01000213623047
100.2800064086914
99.00000762939453
99.45000457763672
99.19999694824219
99.80000305175781
98.6300048828125
99.1300048828125
98.31000518798828
101.35000610351563
100.9000015258789
101.02000427246094
103.12000274658203
102.06000518798828
101.87000274658203
103.45000457763672
103.13999938964844
100.9800033569336
102.4800033569336
102.36000061035156
103.1300048828125
102.07000732421875
101.7800064086914
101.3600082397461
100.52000427246094
101.6300048828125
101.77000427246094
100.44999694824219
101.54000091552734
100.80001068115234
102.54000854492188
102.17001342773438
102.59001159667969
101.45000457763672
101.65000915527344
102.25
100.44999694824219
101.71000671386719
103.25000762939453
101.25000762939453
100.24000549316406
100.01000213623047
98.83000183105469
99.00000762939453
100.87001037597656
99.50000762939453
99.31000518798828
99.52999877929688
100.95000457763672
99.6300048828125
99.760009765625
99.71000671386719
101.10000610351563
99.49000549316406
102.00000762939453
100.37001037597656
100.77999877929688
98.17000579833984
101.60000610351563
99.59000396728516
97.2800064086914
98.46000671386719
99.71000671386719
99.87000274658203
97.91000366210938
97.34000396728516
99.10000610351563
99.93000030517578
98.68000030517578
99.4100112915039
98.84001159667969
99.57000732421875
100.34000396728516
99.09000396728516
101.15000915527344
100.86000061035156
100.37001037597656
99.87000274658203
99.58000183105469
102.31001281738281
99.55001068115234
98.89000701904297
100.06000518798828
99.16000366210938
100.40000915527344
98.77999877929688
98.93000793457031
99.11000061035156
99.19999694824219
98.3800048828125
98.25000762939453
98.12000274658203
99.71000671386719
98.06999969482422
96.75
97.2300033569336
96.83999633789063
97.6100082397461
98.5
98.87000274658203
97.29000091552734
98.54000091552734
100.54000854492188
101.64000701904297
99.45999908447266
99.6300048828125
100.24000549316406
99.51000213623047
98.60000610351563
98.56001281738281
98.0
97.49000549316406
98.80000305175781
99.85000610351563
98.91999816894531
97.75000762939453
97.41000366210938
99.11000061035156
101.15000915527344
99.02000427246094
98.54000091552734
100.10000610351563
100.84000396728516
97.93000030517578
99.44000244140625
98.05000305175781
100.6100082397461
101.25000762939453
100.46000671386719
99.74000549316406
98.43000793457031
98.67000579833984
98.89000701904297
96.67000579833984
95.39000701904297
97.1300048828125
98.59000396728516
98.83000183105469
98.12000274658203
98.96000671386719
97.36000061035156
98.47000122070313
99.74000549316406
97.91000366210938
98.76000213623047
98.67000579833984
98.91999816894531
99.82000732421875
100.35000610351563
99.15000915527344
99.96000671386719
100.36000061035156
100.74000549316406
101.67000579833984
100.5300064086914
100.77000427246094
102.9800033569336
100.25000762939453
102.51000213623047
103.33000183105469
100.01000213623047
101.16000366210938
103.57000732421875
100.23001098632813
100.9800033569336
100.73001098632813
101.35000610351563
99.79000091552734
99.99000549316406
100.65000915527344
100.30999755859375
100.87001037597656
100.79000854492188
102.44000244140625
101.4000015258789
100.91999816894531
103.67000579833984
102.3800048828125
100.94001007080078
103.25000762939453
103.42001342773438
103.81000518798828
103.96000671386719
103.95000457763672
100.8499984741211
102.60000610351563
102.55000305175781
104.38999938964844
104.31000518798828
103.15000915527344
102.41000366210938
102.44000244140625
102.01000213623047
100.77000427246094
101.98001098632813
101.20001220703125
101.07000732421875
102.17001342773438
102.94000244140625
103.87000274658203
100.24000549316406
102.66000366210938
100.91000366210938
101.98001098632813
99.55001068115234
99.22000885009766
100.87001037597656
99.66000366210938
98.0300064086914
98.62000274658203
98.97000122070313
97.18000793457031
97.90000915527344
99.19999694824219
100.81000518798828
99.82000732421875
100.62000274658203
101.760009765625
101.25000762939453
101.54000091552734
102.31001281738281
102.18000793457031
102.50000762939453
100.9000015258789
99.92000579833984
100.44999694824219
99.81001281738281
100.41000366210938
102.1300048828125
101.20001220703125
100.33000946044922
101.75
101.66000366210938
100.6100082397461
101.06001281738281
99.5999984741211
100.0
99.72000122070313
100.43000030517578
98.0
99.40000915527344
99.45999908447266
98.95000457763672
100.46000671386719
98.30001068115234
98.52000427246094
98.41000366210938
99.04000091552734
98.18000793457031
97.49000549316406
100.62000274658203
100.77999877929688
101.80000305175781
100.16999816894531
100.05000305175781
100.44999694824219
99.6500015258789
99.95001220703125
101.41000366210938
100.6300048828125
98.22000122070313
97.62000274658203
99.11000061035156
98.29000854492188
97.94999694824219
98.89000701904297
97.80000305175781
97.85000610351563
98.65000915527344
96.31000518798828
95.75000762939453
95.93000793457031
96.33000183105469
93.68000030517578
97.07000732421875
97.36000061035156
96.62001037597656
97.49000549316406
98.36000061035156
99.9800033569336
99.66999816894531
100.02999877929688
98.52000427246094
99.27000427246094
96.90000915527344
96.27999877929688
96.3800048828125
98.17000579833984
99.6500015258789
96.49000549316406
96.31000518798828
97.31001281738281
97.21000671386719
94.83000946044922
97.89000701904297
96.67000579833984
96.07000732421875
97.79000091552734
97.6100082397461
98.76000213623047
95.41000366210938
96.07000732421875
97.52999877929688
97.90000915527344
95.94001007080078
96.25
96.51000213623047
97.25
96.17000579833984
94.5999984741211
95.96000671386719
95.39000701904297
96.02000427246094
96.54000091552734
96.71000671386719
97.6300048828125
95.93000793457031
97.90000915527344
96.81999969482422
94.80000305175781
94.47000122070313
94.49000549316406
95.89000701904297
95.29000091552734
95.6300048828125
96.33000183105469
95.8800048828125
95.62000274658203
95.16999816894531
97.22000122070313
95.29000091552734
98.510009765625
97.91000366210938
97.99000549316406
96.81000518798828
98.54000091552734
97.84000396728516
100.06000518798828
96.69999694824219
96.60000610351563
95.65000915527344
97.07000732421875
95.37001037597656
98.91000366210938
97.52000427246094
96.8800048828125
98.15000915527344
99.31999969482422
98.8600082397461
97.09000396728516
95.82000732421875
96.95999908447266
94.86000061035156
93.79000854492188
97.07000732421875
96.71000671386719
98.3800048828125
98.26000213623047
96.94000244140625
95.08000183105469
97.24000549316406
97.64000701904297
97.51000213623047
97.89000701904297
98.4000015258789
96.83999633789063
97.02999877929688
97.8800048828125
99.2800064086914
98.06000518798828
99.70000457763672
98.1300048828125
99.07000732421875
101.22000885009766
100.6300048828125
100.3800048828125
99.02000427246094
99.9800033569336
98.83000183105469
98.97000122070313
99.68000793457031
99.6300048828125
100.42000579833984
97.46000671386719
99.99000549316406
98.43000793457031
97.62000274658203
96.69000244140625
97.02000427246094
98.27000427246094
98.57000732421875
100.09001159667969
102.09000396728516
101.92000579833984
99.75
99.6500015258789
99.22000885009766
100.43000030517578
99.74000549316406
100.06000518798828
99.35000610351563
99.01000213623047
99.50000762939453
97.79000091552734
97.94999694824219
97.30000305175781
98.62000274658203
97.64000701904297
97.75000762939453
96.760009765625
97.52000427246094
98.39000701904297
96.69000244140625
96.43000793457031
97.74000549316406
97.27000427246094
97.80999755859375
95.79000854492188
96.62001037597656
96.34001159667969
96.55000305175781
95.56999969482422
96.760009765625
97.06000518798828
96.95000457763672
98.18000793457031
98.23001098632813
96.77000427246094
95.08000183105469
95.76000213623047
96.68000030517578
96.010009765625
96.65000915527344
96.65000915527344
96.04000091552734
98.02000427246094
97.04000854492188
97.02000427246094
97.19001007080078
96.18000030517578
96.34001159667969
97.94000244140625
97.80000305175781
97.83000183105469
97.7800064086914
97.6500015258789
96.65000915527344
96.6300048828125
101.54000091552734
98.41999816894531
99.94000244140625
98.54000091552734
98.49000549316406
96.91000366210938
94.84000396728516
97.75000762939453
98.33000183105469
98.4000015258789
98.62000274658203
98.10000610351563
98.75
99.87000274658203
96.10000610351563
96.7300033569336
98.65000915527344
96.8600082397461
98.05000305175781
97.25
98.76000213623047
95.80001068115234
97.40000915527344
96.10000610351563
95.73001098632813
97.37000274658203
95.63999938964844
97.260009765625
97.52000427246094
97.3800048828125
100.1300048828125
99.27000427246094
99.51000213623047
97.66999816894531
97.9800033569336
97.70000457763672
99.19999694824219
98.44001007080078
97.94999694824219
99.19000244140625
96.66000366210938
97.25
99.10000610351563
98.8600082397461
96.41999816894531
100.10000610351563
100.14000701904297
100.24000549316406
101.24000549316406
99.27000427246094
99.49000549316406
98.25000762939453
98.87000274658203
99.33000183105469
99.52000427246094
98.37001037597656
97.85000610351563
100.18000793457031
97.6300048828125
98.56001281738281
97.69000244140625
96.44000244140625
94.73999786376953
97.01000213623047
95.66000366210938
95.02000427246094
95.93000793457031
95.14000701904297
94.6300048828125
95.9000015258789
94.64000701904297
94.58000183105469
94.22000885009766
95.82000732421875
94.91000366210938
97.11000061035156
94.62001037597656
96.08000946044922
95.77999877929688
95.40000915527344
94.80000305175781
94.73999786376953
94.27000427246094
94.82000732421875
92.92000579833984
95.35000610351563
94.77000427246094
96.61000061035156
97.70000457763672
98.66000366210938
98.10000610351563
97.44000244140625
100.44000244140625
98.82000732421875
97.85000610351563
96.83000183105469
95.75000762939453
95.21000671386719
95.94001007080078
92.96000671386719
92.99000549316406
94.93000030517578
97.82000732421875
98.1600112915039
96.31000518798828
96.47000122070313
95.9800033569336
96.20001220703125
95.80001068115234
95.74000549316406
96.44000244140625
96.58000183105469
95.95000457763672
95.52000427246094
94.81001281738281
93.70001220703125
94.90000915527344
96.25
94.7800064086914
94.69001007080078
97.1500015258789
96.6300048828125
96.94000244140625
97.68000793457031
97.1300048828125
97.32000732421875
95.3800048828125
95.67000579833984
95.65000915527344
94.37000274658203
95.44000244140625
95.22000122070313
95.58000183105469
96.48001098632813
96.41999816894531
95.5300064086914
97.56000518798828
95.99000549316406
94.91000366210938
96.80000305175781
95.04000854492188
97.12001037597656
94.6500015258789
96.26000213623047
95.07000732421875
96.04000091552734
96.41000366210938
96.37000274658203
95.16999816894531
95.30000305175781
95.72000122070313
95.33000183105469
94.33999633789063
94.50000762939453
96.37000274658203
94.99000549316406
94.17000579833984
93.26000213623047
95.36000061035156
95.16000366210938
96.08000946044922
92.90000915527344
97.46000671386719
96.7800064086914
97.30000305175781
96.25
95.39000701904297
94.82000732421875
96.60000610351563
97.52000427246094
96.10000610351563
94.55001068115234
94.19000244140625
95.1100082397461
94.62001037597656
95.83000183105469
95.77999877929688
94.52000427246094
94.11000061035156
95.40000915527344
95.43000030517578
97.08000183105469
95.19000244140625
95.58999633789063
95.22000122070313
95.72000122070313
93.89000701904297
95.77000427246094
95.18000793457031
95.1300048828125
95.49000549316406
95.91999816894531
95.55000305175781
98.43000793457031
94.52000427246094
96.58000183105469
97.02000427246094
96.66000366210938
96.17000579833984
97.99000549316406
97.14000701904297
96.54000091552734
97.24000549316406
97.94000244140625
95.5
96.99000549316406
96.8800048828125
98.45000457763672
97.4800033569336
97.56000518798828
97.52999877929688
97.62000274658203
97.38999938964844
97.16999816894531
96.35000610351563
96.72000885009766
96.29000854492188
95.5
97.21000671386719
97.40000915527344
96.71000671386719
98.4000015258789
98.24000549316406
97.60000610351563
99.7800064086914
100.3800048828125
98.94000244140625
100.81000518798828
100.25000762939453
99.30000305175781
100.44999694824219
99.30000305175781
98.36000061035156
98.72000885009766
99.88999938964844
99.04000091552734
96.33000183105469
97.6100082397461
97.05001068115234
95.04000854492188
97.8800048828125
99.86000061035156
97.77000427246094
96.33000183105469
95.65000915527344
95.6300048828125
97.25
95.65000915527344
95.09001159667969
96.09000396728516
97.25
97.19001007080078
97.7800064086914
95.77000427246094
96.90000915527344
96.04000091552734
94.66000366210938
94.94000244140625
95.23001098632813
96.16000366210938
94.17000579833984
94.29000854492188
95.65000915527344
97.0999984741211
98.58000946044922
98.19000244140625
98.20000457763672
98.82000732421875
98.45000457763672
97.86000061035156
97.33000946044922
97.70000457763672
98.04000854492188
98.43000793457031
97.0999984741211
97.44000244140625
97.43000030517578
97.2800064086914
96.55999755859375
95.02000427246094
96.50000762939453
99.08000946044922
95.74000549316406
96.02000427246094
96.22000885009766
95.82000732421875
98.24000549316406
97.46000671386719
94.70000457763672
96.15000915527344
98.02000427246094
96.16000366210938
96.54000091552734
97.08000183105469
97.1500015258789
97.57000732421875
98.1600112915039
99.7300033569336
98.27000427246094
97.86000061035156
96.88999938964844
97.83000183105469
97.06000518798828
97.66999816894531
98.27999877929688
97.92000579833984
97.16000366210938
96.8800048828125
98.3499984741211
96.32000732421875
98.02000427246094
95.67000579833984
94.79000091552734
94.24000549316406
94.22000885009766
96.91000366210938
93.1100082397461
97.01000213623047
95.67000579833984
95.36000061035156
95.16999816894531
95.19000244140625
94.41000366210938
95.510009765625
95.56999969482422
95.79000854492188
97.7800064086914
97.86000061035156
97.38999938964844
97.3800048828125
98.59000396728516
97.4800033569336
98.81000518798828
98.26000213623047
98.0300064086914
97.4800033569336
98.96000671386719
95.87001037597656
97.7800064086914
96.98001098632813
99.12001037597656
97.34000396728516
96.08000946044922
98.5300064086914
97.76000213623047
95.70000457763672
97.52999877929688
98.510009765625
97.31001281738281
97.57000732421875
96.85000610351563
97.05001068115234
96.6300048828125
95.39000701904297
97.9800033569336
96.47000122070313
96.81999969482422
98.30001068115234
93.57000732421875
95.07000732421875
95.70000457763672
95.69000244140625
95.22000122070313
96.05000305175781
96.55999755859375
97.72000122070313
98.71000671386719
98.72000885009766
98.93000793457031
97.80000305175781
93.8800048828125
96.51000213623047
96.17000579833984
96.7300033569336
95.22000122070313
95.1100082397461
97.00000762939453
95.81000518798828
95.70999908447266
97.87001037597656
97.45001220703125
96.55000305175781
96.83999633789063
95.69000244140625
96.62001037597656
96.8600082397461
97.76000213623047
98.22000122070313
96.12000274658203
95.82000732421875
97.20000457763672
96.83000183105469
96.74000549316406
96.8800048828125
95.56000518798828
97.77000427246094
96.43000793457031
96.25
96.50000762939453
95.87001037597656
95.01000213623047
94.31000518798828
96.16000366210938
96.46000671386719
97.92000579833984
98.44001007080078
96.85000610351563
97.80000305175781
96.67000579833984
97.55000305175781
96.64000701904297
96.09000396728516
96.25
97.34000396728516
94.72000122070313
95.1500015258789
96.35000610351563
95.63999938964844
97.24000549316406
97.64000701904297
98.26000213623047
97.07000732421875
96.71000671386719
95.8499984741211
96.29000854492188
95.46000671386719
94.45000457763672
94.43000793457031
93.91999816894531
93.47000122070313
93.52000427246094
96.08000946044922
93.98001098632813
96.4000015258789
93.33000183105469
94.62001037597656
93.30001068115234
93.0
93.27999877929688
93.15000915527344
94.7300033569336
94.5999984741211
95.56000518798828
94.69001007080078
95.27000427246094
97.12001037597656
94.87000274658203
92.89000701904297
94.37000274658203
95.6100082397461
96.06001281738281
96.48001098632813
94.88999938964844
94.22000885009766
94.38999938964844
91.97000122070313
92.31001281738281
94.00000762939453
95.39000701904297
95.3800048828125
94.52999877929688
93.08000183105469
95.2800064086914
94.95001220703125
93.71000671386719
94.31000518798828
91.6500015258789
93.69000244140625
93.3800048828125
93.89000701904297
91.97000122070313
90.09001159667969
92.04000854492188
90.69000244140625
91.92000579833984
92.2300033569336
92.52999877929688
91.69999694824219
93.83000183105469
92.77000427246094
93.18000793457031
93.96000671386719
90.6300048828125
92.62000274658203
97.62000274658203
94.81001281738281
95.83000183105469
93.010009765625
95.91999816894531
93.55000305175781
94.72000122070313
94.70000457763672
93.97000122070313
93.46000671386719
96.3800048828125
95.44000244140625
95.96000671386719
93.83000183105469
93.31000518798828
95.02000427246094
96.98001098632813
92.9800033569336
92.94000244140625
95.58999633789063
95.5300064086914
97.02000427246094
96.3600082397461
94.91000366210938
95.25000762939453
93.34000396728516
93.010009765625
94.3600082397461
92.93000030517578
93.54000091552734
90.44000244140625
91.67000579833984
92.69000244140625
92.90000915527344
92.62000274658203
93.20999908447266
94.52000427246094
93.62000274658203
96.57000732421875
94.48001098632813
94.5999984741211
93.22000122070313
96.27000427246094
93.70001220703125
95.52000427246094
95.81000518798828
95.56000518798828
96.04000091552734
93.76000213623047
94.7300033569336
94.55001068115234
96.35000610351563
96.95999908447266
95.70000457763672
94.75
94.2300033569336
94.21000671386719
92.71000671386719
94.02000427246094
95.34000396728516
94.96000671386719
94.44000244140625
94.92000579833984
95.12000274658203
93.72000885009766
93.23001098632813
94.0300064086914
94.16000366210938
93.10000610351563
93.45000457763672
92.55000305175781
91.67000579833984
91.95000457763672
92.20000457763672
93.0
94.05999755859375
94.38999938964844
94.09000396728516
94.59000396728516
94.31000518798828
92.92000579833984
93.54000091552734
93.66000366210938
93.72000885009766
93.67000579833984
94.54000854492188
92.5
94.24000549316406
93.31000518798828
94.19999694824219
92.1300048828125
92.73001098632813
94.47000122070313
94.92000579833984
93.81000518798828
93.65000915527344
93.1100082397461
93.77000427246094
93.62000274658203
92.1500015258789
96.02000427246094
95.43000030517578
93.23001098632813
95.06000518798828
92.00000762939453
93.4800033569336
94.88999938964844
95.21000671386719
95.3800048828125
96.21000671386719
96.62001037597656
94.42000579833984
95.1300048828125
94.7800064086914
94.15000915527344
93.81999969482422
93.75
92.11000061035156
93.12000274658203
93.80000305175781
93.34000396728516
92.9800033569336
93.70001220703125
96.44000244140625
94.17000579833984
95.40000915527344
94.75
96.77000427246094
95.39000701904297
97.59001159667969
95.80001068115234
94.44000244140625
93.17000579833984
94.11000061035156
92.16999816894531
92.38999938964844
94.54000854492188
92.94999694824219
95.96000671386719
93.27999877929688
95.75000762939453
94.88999938964844
94.7800064086914
94.09000396728516
95.77000427246094
96.41000366210938
97.25
97.73001098632813
95.82000732421875
95.35000610351563
97.82000732421875
95.60000610351563
94.61000061035156
92.40000915527344
96.49000549316406
96.12000274658203
93.24000549316406
94.9800033569336
93.87000274658203
94.50000762939453
93.72000885009766
92.73001098632813
93.08999633789063
95.37001037597656
95.35000610351563
96.85000610351563
97.60000610351563
97.30000305175781
96.25
94.27000427246094
97.73001098632813
96.67000579833984
97.19001007080078
97.49000549316406
99.31000518798828
97.56000518798828
96.41000366210938
95.34000396728516
95.70000457763672
98.02000427246094
97.14000701904297
98.70001220703125
95.99000549316406
94.17000579833984
95.4800033569336
94.59000396728516
94.02000427246094
96.94000244140625
94.96000671386719
96.68000030517578
94.2800064086914
94.57000732421875
94.97000885009766
95.33000183105469
94.45999908447266
94.57000732421875
95.14000701904297
97.11000061035156
94.43000793457031
97.62000274658203
97.99000549316406
97.5
97.64000701904297
96.29000854492188
96.7800064086914
95.12000274658203
97.01000213623047
97.29000091552734
96.46000671386719
96.4000015258789
95.91999816894531
96.19000244140625
95.74000549316406
96.3600082397461
94.90000915527344
94.85000610351563
94.79000091552734
95.44999694824219
95.44000244140625
93.32000732421875
93.57000732421875
94.12001037597656
94.77000427246094
94.90000915527344
97.06000518798828
94.05000305175781
92.91000366210938
92.60000610351563
94.01000213623047
95.24000549316406
93.72000885009766
95.04000854492188
97.02000427246094
94.86000061035156
96.41000366210938
95.32000732421875
95.1100082397461
96.0
95.89000701904297
96.02000427246094
93.76000213623047
93.99000549316406
97.14000701904297
95.25000762939453
96.37000274658203
95.93000793457031
95.56999969482422
95.72000122070313
96.46000671386719
96.24000549316406
95.37001037597656
95.44000244140625
95.01000213623047
97.84000396728516
98.20999908447266
97.42000579833984
97.52000427246094
97.84000396728516
98.22000122070313
99.68000793457031
101.51000213623047
99.29000854492188
97.16000366210938
97.52000427246094
97.52000427246094
97.32000732421875
97.77000427246094
97.37000274658203
97.85000610351563
96.3600082397461
100.04000854492188
98.08999633789063
97.56000518798828
96.98001098632813
96.07000732421875
95.05000305175781
98.12000274658203
97.2300033569336
98.08000183105469
97.51000213623047
98.45000457763672
98.96000671386719
96.8800048828125
97.54000854492188
97.40000915527344
96.5300064086914
96.35000610351563
97.36000061035156
98.4800033569336
97.3800048828125
96.7800064086914
98.43000793457031
98.99000549316406
97.42000579833984
97.99000549316406
97.99000549316406
97.94999694824219
99.68000793457031
96.19000244140625
98.27999877929688
96.93000793457031
96.20001220703125
97.02000427246094
96.21000671386719
94.99000549316406
95.04000854492188
95.09001159667969
94.6300048828125
95.54000854492188
94.57000732421875
96.24000549316406
94.14000701904297
94.43000793457031
96.43000793457031
94.02000427246094
95.5300064086914
96.43000793457031
94.95001220703125
97.21000671386719
96.0300064086914
97.76000213623047
95.95000457763672
96.44000244140625
94.71000671386719
95.44999694824219
93.29000854492188
94.97000885009766
94.14000701904297
94.94000244140625
94.2300033569336
95.33000183105469
94.85000610351563
94.04000091552734
96.51000213623047
94.70000457763672
94.68000793457031
94.75
92.35000610351563
93.9000015258789
95.41000366210938
95.79000854492188
98.23001098632813
96.87000274658203
96.69999694824219
98.23001098632813
98.1600112915039
97.36000061035156
95.30000305175781
95.3800048828125
95.8800048828125
97.16999816894531
96.41999816894531
94.86000061035156
93.63999938964844
93.89000701904297
94.05000305175781
95.72000122070313
96.69999694824219
97.70000457763672
96.79000854492188
96.90000915527344
98.26000213623047
96.93000793457031
97.70000457763672
95.55000305175781
96.6300048828125
96.04000091552734
94.6300048828125
94.9800033569336
95.26000213623047
94.3800048828125
94.6500015258789
92.58000183105469
93.5
93.18000793457031
96.010009765625
96.17000579833984
97.07000732421875
94.09000396728516
94.3600082397461
94.6300048828125
94.57000732421875
94.75
96.60000610351563
95.3800048828125
95.62000274658203
96.99000549316406
96.1300048828125
96.2300033569336
95.97000122070313
95.5300064086914
93.20999908447266
95.67000579833984
93.76000213623047
94.33000183105469
94.62001037597656
95.96000671386719
96.3600082397461
94.35000610351563
92.80000305175781
95.73001098632813
96.0
96.34001159667969
96.54000091552734
96.16000366210938
95.32000732421875
94.96000671386719
95.55000305175781
94.45999908447266
96.19000244140625
95.02000427246094
93.76000213623047
93.27999877929688
94.41000366210938
94.33999633789063
94.61000061035156
93.6300048828125
96.3800048828125
96.83000183105469
