106.43000793457031
106.72000885009766
106.84001159667969
105.63999938964844
106.41999816894531
108.49000549316406
107.74000549316406
108.25000762939453
109.24000549316406
108.27000427246094
108.20999908447266
110.23001098632813
110.52001190185547
109.29000854492188
109.09000396728516
111.3800048828125
110.3800048828125
109.83000946044922
109.52000427246094
108.34000396728516
109.00000762939453
108.69000244140625
108.31000518798828
105.97000122070313
108.13999938964844
106.60000610351563
108.1300048828125
108.26000213623047
106.90000915527344
108.72000885009766
107.41000366210938
108.0300064086914
107.82000732421875
111.21000671386719
110.89000701904297
108.44001007080078
109.38999938964844
110.19000244140625
109.52999877929688
109.47000122070313
108.39000701904297
107.52000427246094
106.41999816894531
108.59000396728516
104.760009765625
105.37001037597656
104.38999938964844
106.06001281738281
109.00000762939453
108.97000122070313
107.7800064086914
110.36000061035156
109.81001281738281
106.67000579833984
106.35000610351563
105.5
109.0300064086914
109.50000762939453
107.12001037597656
109.00000762939453
107.64000701904297
109.09000396728516
108.75000762939453
110.22000122070313
110.5300064086914
109.52999877929688
106.68000030517578
110.70999908447266
108.82000732421875
109.40000915527344
105.29000091552734
106.83000183105469
109.45000457763672
109.60000610351563
109.90000915527344
109.64000701904297
112.7800064086914
111.98001098632813
108.37001037597656
107.18000793457031
108.9000015258789
108.46000671386719
109.00000762939453
109.69001007080078
111.46000671386719
110.2800064086914
110.30999755859375
108.1100082397461
109.31999969482422
111.41999816894531
110.81000518798828
108.54000091552734
109.17000579833984
106.04000091552734
106.48001098632813
107.04000854492188
105.46000671386719
106.81000518798828
108.82000732421875
105.81000518798828
105.95000457763672
108.60000610351563
106.8600082397461
107.90000915527344
106.92000579833984
107.56000518798828
111.17000579833984
111.02000427246094
110.25000762939453
109.25
110.80001068115234
110.6100082397461
109.0300064086914
110.37001037597656
111.27999877929688
108.7300033569336
108.49000549316406
110.59001159667969
113.29000854492188
112.19001007080078
113.22000122070313
110.82000732421875
111.55000305175781
112.2800064086914
111.9100112915039
112.02000427246094
109.16000366210938
110.30000305175781
111.05000305175781
111.16000366210938
111.2300033569336
111.15000915527344
109.72000122070313
111.72000885009766
110.22000122070313
110.86000061035156
111.010009765625
113.57000732421875
110.37001037597656
111.71000671386719
112.08000183105469
112.54000854492188
112.85000610351563
111.58000946044922
110.260009765625
109.7800064086914
110.39000701904297
112.66999816894531
111.46000671386719
111.46000671386719
111.17000579833984
110.86000061035156
110.06000518798828
109.88999938964844
108.67000579833984
109.88999938964844
109.0300064086914
109.33000183105469
111.26000213623047
108.1600112915039
109.37000274658203
109.260009765625
107.1500015258789
107.51000213623047
107.30000305175781
105.83000183105469
105.79000854492188
106.66000366210938
104.84000396728516
105.74000549316406
105.89000701904297
106.7300033569336
105.83000183105469
103.19000244140625
104.30000305175781
105.40000915527344
106.41999816894531
106.69999694824219
106.41999816894531
106.1300048828125
107.68000793457031
106.19000244140625
105.84000396728516
107.18000793457031
109.05999755859375
106.9100112915039
106.62001037597656
108.3800048828125
106.81000518798828
106.760009765625
107.74000549316406
106.16000366210938
107.2800064086914
107.74000549316406
106.9100112915039
107.3800048828125
107.9800033569336
108.39000701904297
108.77999877929688
106.69999694824219
107.68000793457031
109.95001220703125
109.2300033569336
109.3800048828125
107.99000549316406
108.33000183105469
107.93000030517578
108.1100082397461
107.35000610351563
107.32000732421875
107.05001068115234
107.7800064086914
108.82000732421875
108.83000183105469
107.59001159667969
107.94999694824219
107.04000854492188
105.84000396728516
106.47000122070313
107.64000701904297
108.44001007080078
108.4800033569336
108.13999938964844
107.72000122070313
108.67000579833984
106.8600082397461
107.4800033569336
107.82000732421875
108.1100082397461
107.02999877929688
107.12001037597656
108.39000701904297
108.47000122070313
106.33000183105469
105.16999816894531
105.81000518798828
107.87001037597656
106.81000518798828
107.45001220703125
106.45000457763672
107.8800048828125
108.85000610351563
108.510009765625
106.35000610351563
106.90000915527344
105.69000244140625
106.13999938964844
106.22000885009766
108.010009765625
104.93000030517578
104.97000885009766
107.02999877929688
107.66999816894531
106.43000793457031
107.22000122070313
107.83000946044922
107.84000396728516
105.32000732421875
107.08000183105469
105.37001037597656
103.68000030517578
104.55001068115234
105.18000793457031
102.32000732421875
102.6500015258789
101.6300048828125
105.68000793457031
107.51000213623047
106.6300048828125
106.2300033569336
106.8800048828125
105.1300048828125
104.25
102.97000885009766
102.4800033569336
104.16000366210938
104.6300048828125
100.18000793457031
100.60000610351563
101.5300064086914
100.8800048828125
101.30000305175781
99.38999938964844
99.44000244140625
99.57000732421875
102.08000183105469
100.6600112915039
99.8800048828125
100.62000274658203
99.24000549316406
98.70001220703125
100.20000457763672
97.59001159667969
99.82000732421875
100.12000274658203
101.08000946044922
100.05000305175781
102.05001068115234
101.35000610351563
101.97000122070313
100.94001007080078
100.73001098632813
102.27000427246094
100.84000396728516
100.63999938964844
101.8800048828125
99.27000427246094
100.1500015258789
100.62000274658203
98.89000701904297
99.260009765625
100.47000885009766
98.8600082397461
100.12000274658203
99.58000183105469
101.11000061035156
97.7800064086914
101.93000793457031
99.69001007080078
101.39000701904297
102.55000305175781
102.16000366210938
103.97000122070313
101.30000305175781
99.66999816894531
102.17001342773438
101.15000915527344
99.95001220703125
101.58000946044922
100.80001068115234
99.27000427246094
99.29000854492188
100.09001159667969
99.50000762939453
100.73001098632813
100.05000305175781
99.3600082397461
98.77999877929688
99.14000701904297
100.4800033569336
100.67000579833984
98.91999816894531
99.40000915527344
101.16000366210938
102.76000213623047
102.16000366210938
99.75
99.96000671386719
100.14000701904297
98.98001098632813
100.12000274658203
100.97000122070313
101.68000030517578
100.06000518798828
99.3800048828125
100.41000366210938
100.93000793457031
99.97000885009766
100.41000366210938
100.26000213623047
100.42000579833984
100.58999633789063
102.27000427246094
101.66000366210938
100.87001037597656
101.760009765625
104.01000213623047
104.19000244140625
102.89000701904297
102.60000610351563
102.2800064086914
102.80000305175781
104.27000427246094
102.72000122070313
102.96000671386719
103.94000244140625
103.57000732421875
103.87000274658203
103.24000549316406
103.27000427246094
104.48001098632813
102.32000732421875
103.13999938964844
103.61000061035156
103.23001098632813
102.77000427246094
101.59000396728516
99.6300048828125
100.30000305175781
102.6500015258789
99.35000610351563
98.84001159667969
100.89000701904297
99.05999755859375
100.77999877929688
101.83000183105469
101.71000671386719
101.4000015258789
99.52999877929688
101.52000427246094
101.58000946044922
101.2300033569336
101.98001098632813
101.33000183105469
101.83999633789063
100.1500015258789
100.19000244140625
99.6500015258789
99.70000457763672
99.30000305175781
98.82000732421875
101.58000946044922
100.93000793457031
101.34001159667969
101.79000854492188
101.6300048828125
100.73001098632813
101.20001220703125
99.6500015258789
98.89000701904297
100.73001098632813
101.0
99.3600082397461
101.7800064086914
101.22000885009766
99.18000030517578
100.89000701904297
98.65000915527344
99.61000061035156
99.84000396728516
99.3800048828125
96.2300033569336
98.20000457763672
99.15000915527344
96.99000549316406
96.97000122070313
98.98001098632813
97.6100082397461
96.5300064086914
97.70000457763672
100.5300064086914
100.16999816894531
98.4000015258789
97.8800048828125
98.36000061035156
96.61000061035156
99.25
99.52000427246094
99.66999816894531
95.18000793457031
96.85000610351563
99.30000305175781
96.85000610351563
96.65000915527344
98.5300064086914
97.24000549316406
99.17000579833984
99.55001068115234
99.42000579833984
102.45001220703125
100.8800048828125
101.12000274658203
100.39000701904297
99.95001220703125
100.8800048828125
98.34000396728516
100.18000793457031
99.74000549316406
100.2800064086914
98.52000427246094
98.3800048828125
98.58000946044922
97.9800033569336
98.97000122070313
98.82000732421875
99.15000915527344
99.87000274658203
98.97000122070313
98.67000579833984
99.96000671386719
101.15000915527344
99.43000793457031
99.87000274658203
99.70000457763672
100.25000762939453
99.99000549316406
100.56000518798828
100.29000091552734
99.6500015258789
99.15000915527344
97.44000244140625
97.85000610351563
98.87000274658203
99.40000915527344
98.70001220703125
98.80000305175781
98.61000061035156
98.9000015258789
99.22000885009766
99.55001068115234
98.05000305175781
99.74000549316406
99.2300033569336
101.99000549316406
100.62000274658203
99.77000427246094
101.67000579833984
100.27000427246094
98.5300064086914
99.4100112915039
100.510009765625
99.29000854492188
98.1300048828125
99.6300048828125
99.8800048828125
98.46000671386719
97.52000427246094
99.57000732421875
98.23001098632813
99.18000030517578
99.75
99.45999908447266
100.02000427246094
98.67000579833984
100.54000854492188
98.22000122070313
97.94000244140625
99.14000701904297
98.71000671386719
98.43000793457031
99.86000061035156
99.38999938964844
98.5
99.02000427246094
99.66999816894531
99.37000274658203
100.58000183105469
99.31000518798828
99.66000366210938
101.46000671386719
98.3499984741211
100.95000457763672
100.30999755859375
100.8499984741211
98.55000305175781
98.8800048828125
100.29000091552734
101.17000579833984
100.1500015258789
99.88999938964844
99.00000762939453
99.96000671386719
98.26000213623047
96.71000671386719
98.47000122070313
100.08000183105469
100.02000427246094
99.7300033569336
99.19999694824219
98.72000885009766
99.40000915527344
97.74000549316406
97.86000061035156
97.69000244140625
99.29000854492188
101.760009765625
99.42000579833984
99.72000122070313
100.82000732421875
103.17000579833984
99.2800064086914
101.7800064086914
98.79000854492188
101.13999938964844
100.72000122070313
100.1300048828125
101.15000915527344
100.8800048828125
99.95001220703125
102.33000946044922
99.08000946044922
100.83000183105469
99.96000671386719
100.04000854492188
98.3800048828125
99.57000732421875
99.87000274658203
100.32000732421875
100.35000610351563
99.10000610351563
100.3800048828125
99.93000030517578
100.33000946044922
101.6300048828125
101.07000732421875
101.71000671386719
100.19000244140625
103.19000244140625
101.69999694824219
101.62001037597656
100.86000061035156
98.74000549316406
100.30999755859375
99.72000122070313
101.35000610351563
102.91000366210938
104.7800064086914
105.00000762939453
102.11000061035156
103.510009765625
103.77999877929688
101.19000244140625
103.32000732421875
104.85000610351563
104.59000396728516
101.15000915527344
103.5
103.98001098632813
102.0999984741211
102.94999694824219
101.13999938964844
100.9000015258789
102.37000274658203
100.75000762939453
102.31001281738281
102.29000091552734
100.77000427246094
102.46000671386719
101.60000610351563
102.27000427246094
102.66999816894531
105.510009765625
104.47000122070313
102.2800064086914
102.73001098632813
103.59000396728516
102.68000793457031
100.20000457763672
99.95001220703125
102.93000030517578
101.44000244140625
99.72000122070313
101.52000427246094
103.39000701904297
100.39000701904297
100.52000427246094
100.34000396728516
102.82000732421875
103.06999969482422
100.3800048828125
100.29000091552734
99.44000244140625
101.79000854492188
100.81000518798828
101.32000732421875
101.22000885009766
101.67000579833984
101.90000915527344
102.12001037597656
100.23001098632813
101.55999755859375
101.3800048828125
100.09001159667969
99.71000671386719
98.47000122070313
99.9800033569336
99.69001007080078
98.71000671386719
98.27000427246094
97.83000183105469
99.86000061035156
97.02000427246094
99.25
97.94999694824219
99.8800048828125
98.12000274658203
96.19000244140625
97.2300033569336
96.95000457763672
98.05000305175781
100.91000366210938
98.68000030517578
100.5
98.49000549316406
98.39000701904297
99.3800048828125
99.71000671386719
98.23001098632813
97.27000427246094
99.05000305175781
100.02999877929688
101.67000579833984
100.27000427246094
100.86000061035156
100.93000793457031
100.93000793457031
99.16000366210938
100.01000213623047
101.46000671386719
101.55000305175781
102.33000946044922
103.74000549316406
104.40000915527344
104.07000732421875
104.18000030517578
104.6300048828125
105.05000305175781
103.91000366210938
103.3499984741211
103.60000610351563
103.27000427246094
102.00000762939453
100.62000274658203
99.66999816894531
99.72000122070313
99.15000915527344
99.31000518798828
100.02999877929688
100.91000366210938
99.3600082397461
99.45000457763672
99.08000946044922
101.010009765625
99.04000091552734
98.68000030517578
99.25
97.52000427246094
100.80001068115234
101.27000427246094
101.20001220703125
99.9800033569336
100.14000701904297
101.10000610351563
101.760009765625
99.91000366210938
100.1300048828125
99.87000274658203
99.93000030517578
100.87001037597656
101.21000671386719
101.94000244140625
102.41000366210938
103.81000518798828
104.260009765625
103.61000061035156
101.12000274658203
103.18000793457031
102.21000671386719
101.25000762939453
100.62000274658203
102.07000732421875
101.45000457763672
101.59000396728516
100.44000244140625
98.89000701904297
100.06000518798828
101.24000549316406
101.79000854492188
100.09001159667969
104.38999938964844
102.80000305175781
101.04000091552734
99.7800064086914
100.65000915527344
99.12001037597656
101.27999877929688
102.30000305175781
102.76000213623047
101.27000427246094
101.66000366210938
102.6300048828125
101.45000457763672
102.40000915527344
101.760009765625
100.56999969482422
101.43000793457031
104.3800048828125
103.7300033569336
104.67001342773438
104.38999938964844
103.05000305175781
102.79000091552734
103.43000793457031
100.02999877929688
103.02000427246094
102.2300033569336
100.75000762939453
101.29000854492188
101.15000915527344
101.26000213623047
102.93000030517578
102.3800048828125
101.98001098632813
101.07000732421875
100.54000854492188
101.16000366210938
102.02999877929688
100.8499984741211
101.44000244140625
100.56000518798828
103.32000732421875
100.32000732421875
100.69000244140625
100.55000305175781
98.91000366210938
100.65000915527344
100.44999694824219
98.77000427246094
99.93000030517578
100.05000305175781
101.88999938964844
100.19000244140625
100.1300048828125
99.00000762939453
99.25
101.81999969482422
102.8800048828125
103.52000427246094
102.62000274658203
101.59000396728516
104.12001037597656
103.84001159667969
103.32000732421875
104.16000366210938
103.68000030517578
102.6100082397461
103.45000457763672
102.31001281738281
102.06000518798828
102.8800048828125
99.80000305175781
100.04000854492188
101.3600082397461
98.66000366210938
100.25000762939453
96.16000366210938
96.97000122070313
100.56999969482422
102.24000549316406
101.68000030517578
100.72000122070313
99.17000579833984
98.82000732421875
99.84000396728516
98.23001098632813
99.52999877929688
102.86000061035156
101.60000610351563
100.40000915527344
102.31001281738281
100.93000793457031
101.49000549316406
103.39000701904297
102.11000061035156
102.4800033569336
102.52000427246094
103.34000396728516
101.69000244140625
101.31000518798828
100.72000122070313
100.70999908447266
101.4000015258789
101.55000305175781
101.32000732421875
101.34001159667969
101.64000701904297
101.61000061035156
100.42000579833984
100.10000610351563
103.31000518798828
102.6100082397461
102.84000396728516
101.95000457763672
104.04000091552734
103.36000061035156
103.19000244140625
103.06000518798828
103.89000701904297
105.39000701904297
104.01000213623047
102.92000579833984
102.4800033569336
103.27000427246094
101.9100112915039
103.55000305175781
100.1100082397461
100.83000183105469
102.2300033569336
99.93000030517578
103.010009765625
102.1300048828125
100.37001037597656
100.94001007080078
99.77000427246094
100.39000701904297
100.52000427246094
99.43000793457031
99.3600082397461
99.94000244140625
99.9800033569336
100.42000579833984
100.39000701904297
100.56999969482422
101.31000518798828
101.07000732421875
101.15000915527344
100.06000518798828
101.39000701904297
100.70999908447266
99.82000732421875
98.55000305175781
100.36000061035156
102.02000427246094
101.41999816894531
101.2300033569336
102.69000244140625
101.9100112915039
101.21000671386719
100.1500015258789
98.57000732421875
99.3800048828125
101.54000091552734
100.89000701904297
101.58000946044922
101.20001220703125
99.93000030517578
100.82000732421875
100.93000793457031
99.6500015258789
100.18000793457031
98.9000015258789
100.4800033569336
100.21000671386719
98.72000885009766
96.91000366210938
97.5
98.18000793457031
98.69000244140625
98.19000244140625
98.12000274658203
101.6300048828125
100.58999633789063
99.3600082397461
99.45999908447266
102.44000244140625
101.08000946044922
100.41000366210938
98.81000518798828
100.02999877929688
99.97000885009766
98.33000183105469
99.6300048828125
100.05000305175781
101.69999694824219
101.65000915527344
98.54000091552734
101.24000549316406
100.42000579833984
101.37000274658203
101.59000396728516
102.93000030517578
101.10000610351563
99.7300033569336
102.2300033569336
102.18000793457031
102.8800048828125
102.45001220703125
99.57000732421875
101.12000274658203
100.37001037597656
101.04000091552734
101.41000366210938
101.77000427246094
101.75
102.6300048828125
102.3800048828125
102.55000305175781
100.55000305175781
99.24000549316406
97.9800033569336
97.2800064086914
99.16000366210938
100.5
99.6300048828125
97.66000366210938
99.24000549316406
100.07000732421875
99.85000610351563
99.21000671386719
100.86000061035156
99.45999908447266
99.14000701904297
100.14000701904297
98.52000427246094
97.32000732421875
98.61000061035156
99.10000610351563
97.41000366210938
98.22000122070313
99.7800064086914
99.260009765625
101.69000244140625
101.760009765625
98.20999908447266
99.93000030517578
98.91999816894531
99.91000366210938
97.92000579833984
96.07000732421875
97.16999816894531
97.21000671386719
97.7800064086914
99.0300064086914
98.26000213623047
97.57000732421875
97.32000732421875
99.16000366210938
100.23001098632813
100.43000030517578
97.1300048828125
98.87000274658203
99.35000610351563
100.83000183105469
99.2800064086914
98.59000396728516
99.3800048828125
96.48001098632813
98.06999969482422
98.34000396728516
98.23001098632813
99.52000427246094
98.69000244140625
97.46000671386719
98.19000244140625
100.1500015258789
98.81000518798828
98.62000274658203
99.49000549316406
100.22000122070313
101.55999755859375
100.54000854492188
100.08000183105469
99.95001220703125
99.66999816894531
98.59000396728516
100.44999694824219
97.89000701904297
98.57000732421875
100.52000427246094
97.2300033569336
98.06999969482422
96.29000854492188
96.79000854492188
97.2300033569336
97.51000213623047
98.06999969482422
100.54000854492188
97.85000610351563
99.43000793457031
99.91000366210938
100.02999877929688
99.62001037597656
99.54000854492188
97.43000030517578
98.80000305175781
98.26000213623047
99.49000549316406
99.49000549316406
97.54000854492188
97.9800033569336
99.16000366210938
101.02000427246094
100.02999877929688
99.56000518798828
100.70999908447266
102.47000885009766
98.32000732421875
99.05000305175781
99.14000701904297
98.30001068115234
98.74000549316406
103.66000366210938
100.9800033569336
100.4800033569336
101.05000305175781
101.81000518798828
100.32000732421875
98.76000213623047
100.19000244140625
99.2300033569336
99.05999755859375
101.0300064086914
98.82000732421875
99.92000579833984
97.6500015258789
96.17000579833984
97.58000183105469
100.89000701904297
96.41999816894531
97.94000244140625
98.47000122070313
97.16000366210938
97.1500015258789
98.10000610351563
96.21000671386719
97.5
97.04000854492188
97.94999694824219
97.94000244140625
95.94001007080078
96.81999969482422
94.79000091552734
95.91999816894531
94.70000457763672
96.37000274658203
96.29000854492188
97.59001159667969
98.32000732421875
96.61000061035156
97.79000091552734
97.6500015258789
98.1600112915039
95.8800048828125
98.0300064086914
96.20001220703125
96.0300064086914
95.9000015258789
94.73999786376953
96.51000213623047
95.87001037597656
95.6100082397461
94.40000915527344
97.02000427246094
99.44000244140625
97.60000610351563
96.68000030517578
96.2300033569336
96.16000366210938
96.04000091552734
96.29000854492188
97.0999984741211
95.47000885009766
96.44000244140625
97.96000671386719
96.50000762939453
94.37000274658203
95.26000213623047
98.46000671386719
96.92000579833984
97.08000183105469
98.08999633789063
97.33000946044922
97.91000366210938
98.6300048828125
96.94000244140625
98.010009765625
96.49000549316406
97.260009765625
98.61000061035156
99.19000244140625
98.87000274658203
98.43000793457031
97.94999694824219
96.65000915527344
95.54000854492188
96.16000366210938
98.43000793457031
97.86000061035156
99.74000549316406
98.97000122070313
100.58000183105469
99.0300064086914
98.76000213623047
101.83000183105469
101.32000732421875
101.08000946044922
101.71000671386719
100.23001098632813
101.44000244140625
101.93000793457031
99.84000396728516
104.07000732421875
101.8800048828125
101.6300048828125
103.0
102.09000396728516
101.32000732421875
103.18000793457031
101.72000885009766
101.71000671386719
102.31001281738281
99.45999908447266
100.6300048828125
100.60000610351563
99.05999755859375
100.5300064086914
100.42000579833984
99.04000091552734
97.6100082397461
98.27000427246094
99.12001037597656
97.90000915527344
98.13999938964844
97.4800033569336
99.51000213623047
97.260009765625
98.72000885009766
96.81000518798828
99.05000305175781
99.18000030517578
100.40000915527344
102.19001007080078
98.37001037597656
99.16000366210938
97.14000701904297
96.48001098632813
97.2800064086914
99.50000762939453
97.80999755859375
99.88999938964844
99.5999984741211
98.94000244140625
98.22000122070313
99.0300064086914
99.69001007080078
100.18000793457031
100.25000762939453
101.8600082397461
100.80001068115234
99.22000885009766
99.10000610351563
99.58000183105469
100.04000854492188
97.1300048828125
96.4000015258789
98.83000183105469
99.4100112915039
93.39000701904297
96.30000305175781
96.62001037597656
98.19000244140625
96.74000549316406
97.43000030517578
99.54000854492188
98.99000549316406
97.82000732421875
99.07000732421875
99.54000854492188
99.64000701904297
97.46000671386719
96.97000122070313
98.69000244140625
97.74000549316406
97.99000549316406
98.3499984741211
98.95000457763672
97.33000946044922
98.41000366210938
96.98001098632813
98.4000015258789
98.19000244140625
95.43000030517578
98.99000549316406
97.260009765625
96.19000244140625
96.4000015258789
96.35000610351563
96.58000183105469
97.260009765625
98.06000518798828
99.19999694824219
97.40000915527344
98.23001098632813
97.93000030517578
98.13999938964844
96.87000274658203
95.75000762939453
95.86000061035156
97.73001098632813
97.57000732421875
98.1300048828125
99.00000762939453
98.32000732421875
97.46000671386719
97.38999938964844
98.31000518798828
96.48001098632813
96.80000305175781
97.04000854492188
95.9000015258789
95.58999633789063
96.30000305175781
95.02000427246094
96.11000061035156
95.66000366210938
95.91000366210938
95.75000762939453
97.1500015258789
98.510009765625
97.55000305175781
98.3800048828125
99.2300033569336
97.09000396728516
97.25
100.09001159667969
100.68000793457031
97.07000732421875
97.47000885009766
97.46000671386719
98.18000793457031
99.31000518798828
98.76000213623047
100.34000396728516
101.79000854492188
99.93000030517578
100.94001007080078
99.30000305175781
98.76000213623047
100.30999755859375
100.80001068115234
99.85000610351563
98.4000015258789
99.760009765625
101.0300064086914
98.69000244140625
100.21000671386719
98.77999877929688
99.7300033569336
100.83000183105469
100.49000549316406
101.72000885009766
100.73001098632813
101.95000457763672
102.33000946044922
100.8800048828125
103.55000305175781
103.23001098632813
102.82000732421875
103.3499984741211
102.06000518798828
100.96000671386719
101.88999938964844
99.24000549316406
100.6100082397461
101.06001281738281
101.50000762939453
101.7800064086914
100.91000366210938
100.9800033569336
100.47000885009766
99.07000732421875
100.58000183105469
100.05000305175781
100.08000183105469
99.92000579833984
100.16000366210938
101.39000701904297
101.90000915527344
100.41000366210938
101.41000366210938
101.07000732421875
103.18000793457031
103.69000244140625
102.73001098632813
100.1300048828125
99.44000244140625
101.44000244140625
99.91000366210938
101.0300064086914
101.67000579833984
101.81999969482422
99.72000122070313
99.75
101.44000244140625
100.4800033569336
99.31999969482422
101.27999877929688
100.89000701904297
102.66999816894531
102.41000366210938
100.70999908447266
99.760009765625
99.97000885009766
99.96000671386719
99.05000305175781
99.10000610351563
98.93000793457031
99.01000213623047
100.36000061035156
100.25000762939453
99.56000518798828
100.02999877929688
99.43000793457031
99.70000457763672
100.86000061035156
102.43000030517578
99.87000274658203
99.81001281738281
99.09000396728516
103.42001342773438
99.6300048828125
99.66999816894531
99.16000366210938
98.4800033569336
96.95999908447266
99.48001098632813
97.47000885009766
99.99000549316406
101.31000518798828
100.20000457763672
98.71000671386719
98.17000579833984
97.69000244140625
97.7800064086914
97.44000244140625
97.07000732421875
97.30000305175781
98.89000701904297
96.50000762939453
97.52000427246094
96.50000762939453
98.93000793457031
100.76000213623047
98.99000549316406
99.15000915527344
99.18000030517578
99.45000457763672
101.010009765625
97.52000427246094
97.86000061035156
98.94000244140625
99.64000701904297
99.2300033569336
100.49000549316406
100.46000671386719
100.40000915527344
101.10000610351563
101.33000183105469
101.54000091552734
101.88999938964844
100.93000793457031
101.93000793457031
101.3600082397461
100.69000244140625
100.04000854492188
100.18000793457031
100.02999877929688
100.3800048828125
99.54000854492188
100.40000915527344
99.91000366210938
100.65000915527344
99.6300048828125
100.20000457763672
100.56999969482422
99.75
102.09000396728516
101.97000122070313
103.36000061035156
102.41000366210938
100.70999908447266
101.47000122070313
102.72000122070313
102.07000732421875
104.33000183105469
103.4000015258789
102.62000274658203
104.18000030517578
105.47000885009766
102.2300033569336
102.68000793457031
100.70000457763672
101.09000396728516
101.95000457763672
98.91000366210938
98.44001007080078
98.77000427246094
98.18000793457031
101.27000427246094
98.52000427246094
99.64000701904297
102.68000793457031
103.59000396728516
104.260009765625
104.66000366210938
105.12000274658203
106.57000732421875
106.10000610351563
104.80000305175781
104.02000427246094
105.59001159667969
105.72000122070313
105.36000061035156
105.6600112915039
106.46000671386719
106.26000213623047
105.77000427246094
104.27000427246094
103.4800033569336
104.0300064086914
