106.25000762939453
106.90000915527344
107.41000366210938
106.19000244140625
106.07000732421875
108.29000854492188
109.09000396728516
108.80000305175781
108.82000732421875
107.92000579833984
110.1500015258789
109.38999938964844
107.91000366210938
108.33000183105469
108.95000457763672
109.91000366210938
107.99000549316406
106.47000122070313
106.16000366210938
106.41000366210938
108.32000732421875
106.02000427246094
105.67000579833984
104.15000915527344
107.00000762939453
105.20000457763672
105.89000701904297
106.43000793457031
105.58000183105469
106.99000549316406
107.33000946044922
108.32000732421875
107.99000549316406
109.38999938964844
109.05999755859375
106.79000854492188
107.04000854492188
109.19999694824219
107.32000732421875
107.77000427246094
108.27000427246094
106.7800064086914
104.90000915527344
108.27000427246094
103.62000274658203
105.76000213623047
103.96000671386719
104.19000244140625
106.22000885009766
105.59001159667969
105.1500015258789
108.25000762939453
106.510009765625
104.52000427246094
105.37001037597656
105.8800048828125
109.81001281738281
107.30000305175781
105.8800048828125
109.34001159667969
106.95000457763672
106.41999816894531
108.83000183105469
110.18000793457031
110.02000427246094
108.80000305175781
105.24000549316406
108.3800048828125
105.9000015258789
105.58000183105469
103.510009765625
105.32000732421875
106.69000244140625
104.95001220703125
107.44000244140625
107.11000061035156
110.02000427246094
109.68000793457031
108.33000183105469
106.04000091552734
107.47000885009766
105.1500015258789
107.96000671386719
108.60000610351563
107.93000030517578
108.12000274658203
108.61000061035156
106.77000427246094
105.79000854492188
106.08000946044922
108.27000427246094
105.3800048828125
106.43000793457031
104.31999969482422
104.51000213623047
103.74000549316406
102.00000762939453
102.80000305175781
104.97000885009766
103.77000427246094
103.17000579833984
105.52000427246094
102.14000701904297
102.99000549316406
104.01000213623047
104.17000579833984
106.68000030517578
108.09001159667969
107.55000305175781
106.71000671386719
108.19000244140625
107.01000213623047
106.15000915527344
107.77000427246094
107.59001159667969
106.32000732421875
105.37001037597656
105.1100082397461
107.00000762939453
105.9000015258789
107.18000793457031
105.95000457763672
104.67001342773438
106.75
107.2800064086914
107.94999694824219
105.65000915527344
105.6100082397461
107.02000427246094
107.55000305175781
108.81000518798828
109.58000183105469
109.14000701904297
110.30000305175781
109.16000366210938
109.2300033569336
111.57000732421875
110.63999938964844
109.80000305175781
110.69000244140625
110.14000701904297
111.04000091552734
110.30999755859375
109.45000457763672
106.87000274658203
107.30000305175781
109.21000671386719
110.52001190185547
109.29000854492188
109.99000549316406
109.71000671386719
108.30001068115234
108.37001037597656
107.18000793457031
108.34000396728516
106.8600082397461
105.62000274658203
106.3600082397461
108.34000396728516
106.49000549316406
106.83000183105469
107.8800048828125
104.95001220703125
105.76000213623047
105.47000885009766
105.4800033569336
105.56000518798828
106.30000305175781
105.24000549316406
106.25000762939453
105.5
103.58000946044922
101.44000244140625
99.10000610351563
101.15000915527344
100.42000579833984
101.010009765625
99.2300033569336
98.58000946044922
98.94000244140625
100.73001098632813
100.22000122070313
99.52999877929688
99.3800048828125
101.66000366210938
100.63999938964844
98.93000793457031
100.5
98.70001220703125
99.6500015258789
100.24000549316406
97.18000793457031
98.39000701904297
101.77000427246094
97.6100082397461
98.98001098632813
96.68000030517578
97.40000915527344
96.99000549316406
95.99000549316406
97.55000305175781
99.17000579833984
99.00000762939453
97.99000549316406
97.64000701904297
96.51000213623047
95.44999694824219
97.77000427246094
96.44000244140625
97.18000793457031
97.64000701904297
96.91000366210938
97.96000671386719
96.77000427246094
95.05000305175781
97.74000549316406
97.02999877929688
94.66000366210938
95.91000366210938
94.88999938964844
96.64000701904297
96.81999969482422
96.68000030517578
97.01000213623047
98.79000854492188
96.61000061035156
96.97000122070313
96.49000549316406
98.05000305175781
95.41000366210938
96.66000366210938
98.19000244140625
97.86000061035156
97.52000427246094
96.60000610351563
96.65000915527344
97.52000427246094
97.83000183105469
98.61000061035156
96.64000701904297
97.44000244140625
97.62000274658203
97.70000457763672
95.3800048828125
97.1500015258789
95.56999969482422
97.21000671386719
97.77000427246094
98.20000457763672
96.11000061035156
96.59000396728516
98.84001159667969
97.4800033569336
96.44000244140625
96.31000518798828
97.46000671386719
96.55000305175781
95.14000701904297
96.29000854492188
95.56000518798828
94.08000183105469
94.25
95.73001098632813
95.02000427246094
93.74000549316406
94.21000671386719
95.9000015258789
97.69000244140625
96.54000091552734
96.8600082397461
97.96000671386719
96.91000366210938
95.91000366210938
96.010009765625
94.8800048828125
95.58999633789063
96.32000732421875
97.04000854492188
96.34001159667969
95.36000061035156
95.70999908447266
95.09001159667969
94.3600082397461
91.6300048828125
94.71000671386719
95.65000915527344
95.30999755859375
94.45999908447266
97.22000122070313
95.37001037597656
94.25
95.8800048828125
93.48999786376953
96.48001098632813
96.08000946044922
96.95999908447266
97.19001007080078
97.74000549316406
97.27000427246094
98.5300064086914
97.5
98.3800048828125
98.71000671386719
96.62001037597656
96.87000274658203
97.37000274658203
95.65000915527344
97.46000671386719
100.07000732421875
96.69999694824219
95.8800048828125
97.75000762939453
95.69000244140625
97.33000946044922
97.77000427246094
97.21000671386719
95.46000671386719
96.81999969482422
98.41000366210938
98.81000518798828
98.79000854492188
99.43000793457031
103.24000549316406
101.65000915527344
102.36000061035156
103.7300033569336
100.8499984741211
100.12000274658203
100.34000396728516
101.69000244140625
99.58000183105469
100.06000518798828
100.55000305175781
98.47000122070313
101.30000305175781
100.89000701904297
99.21000671386719
100.10000610351563
100.5
100.89000701904297
103.66000366210938
101.07000732421875
101.93000793457031
103.510009765625
102.94999694824219
99.51000213623047
97.51000213623047
101.90000915527344
102.00000762939453
98.5
100.99000549316406
101.21000671386719
101.09000396728516
100.27000427246094
99.00000762939453
101.49000549316406
100.41000366210938
100.74000549316406
100.3800048828125
99.94000244140625
99.96000671386719
101.88999938964844
101.49000549316406
102.6300048828125
100.5300064086914
100.23001098632813
101.52000427246094
101.0
102.94999694824219
102.66000366210938
104.31999969482422
104.1300048828125
102.49000549316406
102.24000549316406
101.11000061035156
100.70999908447266
102.07000732421875
102.30000305175781
103.39000701904297
103.9000015258789
104.31999969482422
104.760009765625
103.8800048828125
104.4100112915039
103.06999969482422
103.6300048828125
102.32000732421875
101.3800048828125
100.30999755859375
103.0
104.27000427246094
101.77000427246094
105.20000457763672
101.06001281738281
102.21000671386719
105.43000030517578
102.94000244140625
101.9100112915039
101.21000671386719
102.75000762939453
102.55000305175781
102.04000854492188
101.69000244140625
102.97000885009766
101.80000305175781
101.0
101.19000244140625
101.95999908447266
101.71000671386719
101.41999816894531
100.74000549316406
102.4800033569336
101.80000305175781
101.6300048828125
102.76000213623047
101.9100112915039
100.77999877929688
101.1300048828125
100.30000305175781
99.43000793457031
101.46000671386719
100.77999877929688
98.71000671386719
101.4000015258789
103.58000946044922
101.71000671386719
102.9800033569336
102.24000549316406
101.9100112915039
100.67000579833984
99.71000671386719
97.0999984741211
100.20000457763672
99.25
98.46000671386719
97.51000213623047
98.02000427246094
97.56000518798828
96.04000091552734
97.18000793457031
98.70001220703125
97.59001159667969
95.49000549316406
97.57000732421875
97.08000183105469
94.85000610351563
97.49000549316406
99.74000549316406
100.14000701904297
98.08999633789063
98.65000915527344
99.94000244140625
99.8800048828125
98.0
95.510009765625
95.33000183105469
99.15000915527344
99.58000183105469
98.71000671386719
100.70999908447266
100.18000793457031
100.06000518798828
101.32000732421875
99.04000091552734
101.18000030517578
98.62000274658203
99.16000366210938
99.12001037597656
100.6600112915039
99.68000793457031
99.8800048828125
100.93000793457031
100.19000244140625
100.73001098632813
101.83999633789063
101.52000427246094
102.22000122070313
100.60000610351563
102.22000122070313
101.07000732421875
103.4800033569336
101.11000061035156
102.22000122070313
103.43000793457031
104.22000885009766
102.97000885009766
103.96000671386719
103.25000762939453
99.760009765625
100.02000427246094
99.29000854492188
98.93000793457031
101.18000030517578
101.31000518798828
101.5300064086914
102.58000183105469
102.21000671386719
102.20000457763672
102.44000244140625
101.93000793457031
101.5300064086914
100.42000579833984
101.45000457763672
103.24000549316406
102.76000213623047
103.3499984741211
102.79000091552734
102.17001342773438
100.3800048828125
101.04000091552734
101.11000061035156
101.72000885009766
102.06000518798828
101.69000244140625
101.010009765625
99.54000854492188
98.22000122070313
99.84000396728516
99.0300064086914
101.52000427246094
101.05000305175781
101.69999694824219
103.3800048828125
103.33000183105469
104.70000457763672
103.98001098632813
103.17000579833984
101.95000457763672
103.34000396728516
103.81000518798828
104.40000915527344
105.05000305175781
102.79000091552734
103.15000915527344
102.43000030517578
102.0999984741211
101.55000305175781
102.41000366210938
102.27000427246094
103.34000396728516
103.37001037597656
105.37001037597656
105.14000701904297
104.50000762939453
103.27999877929688
102.34000396728516
105.5
104.4100112915039
103.83000183105469
102.55000305175781
102.6100082397461
104.12001037597656
101.2300033569336
101.41000366210938
102.1300048828125
101.1300048828125
102.02999877929688
101.760009765625
100.70000457763672
101.21000671386719
102.77000427246094
100.89000701904297
99.57000732421875
101.08000946044922
101.83999633789063
101.99000549316406
101.47000122070313
100.84000396728516
100.70999908447266
102.1300048828125
101.05000305175781
103.1300048828125
100.77999877929688
101.45000457763672
102.56000518798828
101.4000015258789
100.05000305175781
100.27000427246094
99.77000427246094
101.2300033569336
100.99000549316406
101.99000549316406
101.43000793457031
100.94001007080078
100.8800048828125
102.21000671386719
101.54000091552734
100.58999633789063
101.79000854492188
99.84000396728516
102.52999877929688
101.760009765625
102.59001159667969
103.59000396728516
101.33000183105469
101.92000579833984
101.1300048828125
104.34001159667969
102.96000671386719
102.94000244140625
102.55000305175781
102.40000915527344
101.27000427246094
99.88999938964844
100.97000122070313
103.04000854492188
103.82000732421875
104.12001037597656
102.64000701904297
103.43000793457031
103.83000183105469
100.63999938964844
101.67000579833984
103.93000793457031
103.91000366210938
103.81000518798828
103.06000518798828
104.260009765625
101.09000396728516
103.1600112915039
101.25000762939453
101.48001098632813
102.25
100.04000854492188
102.35000610351563
101.55999755859375
101.07000732421875
103.89000701904297
104.24000549316406
103.4800033569336
103.17000579833984
104.9800033569336
105.2800064086914
103.15000915527344
103.27000427246094
104.25
103.67000579833984
103.010009765625
102.1500015258789
105.54000854492188
103.68000030517578
101.8800048828125
104.22000885009766
104.31999969482422
102.34000396728516
102.19001007080078
102.22000122070313
104.31000518798828
102.74000549316406
101.6300048828125
102.6300048828125
102.17001342773438
101.75
100.76000213623047
102.18000793457031
101.43000793457031
101.67000579833984
101.8800048828125
101.48001098632813
100.12000274658203
102.6100082397461
102.6300048828125
99.14000701904297
101.26000213623047
98.93000793457031
98.5
100.39000701904297
98.76000213623047
98.4800033569336
97.80999755859375
97.49000549316406
96.37000274658203
98.04000854492188
96.17000579833984
99.18000030517578
98.91999816894531
97.45001220703125
97.07000732421875
97.7800064086914
97.31001281738281
98.77999877929688
98.5
99.71000671386719
97.59001159667969
97.62000274658203
98.65000915527344
99.52000427246094
99.66999816894531
100.35000610351563
103.82000732421875
101.37000274658203
101.92000579833984
100.37001037597656
101.48001098632813
99.22000885009766
100.95000457763672
97.66000366210938
98.18000793457031
99.54000854492188
100.69000244140625
102.21000671386719
103.84001159667969
103.4800033569336
103.08999633789063
102.57000732421875
102.73001098632813
103.74000549316406
103.8800048828125
104.2800064086914
102.11000061035156
101.71000671386719
101.33000183105469
99.40000915527344
100.41000366210938
100.89000701904297
99.00000762939453
99.16000366210938
100.58000183105469
102.06000518798828
100.80001068115234
101.5300064086914
101.51000213623047
101.65000915527344
99.85000610351563
100.8800048828125
101.15000915527344
100.12000274658203
101.69000244140625
101.35000610351563
100.4800033569336
100.5300064086914
100.21000671386719
100.77000427246094
102.66999816894531
100.94001007080078
100.69000244140625
100.82000732421875
101.7300033569336
101.9100112915039
100.93000793457031
103.25000762939453
101.5300064086914
104.11000061035156
103.76000213623047
103.13999938964844
101.41000366210938
102.1500015258789
102.2300033569336
101.95000457763672
99.52999877929688
100.8800048828125
100.83000183105469
100.56999969482422
99.260009765625
97.80999755859375
98.18000793457031
98.98001098632813
99.52000427246094
97.99000549316406
102.2800064086914
100.22000122070313
100.02000427246094
99.17000579833984
100.26000213623047
99.17000579833984
101.39000701904297
101.99000549316406
101.35000610351563
99.08000946044922
99.85000610351563
101.15000915527344
99.56000518798828
100.87001037597656
100.83000183105469
98.41999816894531
100.69000244140625
101.6300048828125
100.35000610351563
103.68000030517578
101.010009765625
100.49000549316406
101.1300048828125
102.86000061035156
101.20001220703125
102.2300033569336
99.88999938964844
100.12000274658203
100.77000427246094
100.8800048828125
100.02000427246094
102.69000244140625
101.010009765625
99.97000885009766
100.41000366210938
99.59000396728516
100.0
100.5
100.24000549316406
100.42000579833984
98.97000122070313
103.7300033569336
101.09000396728516
102.16000366210938
102.92000579833984
101.88999938964844
103.95000457763672
103.7300033569336
102.00000762939453
102.90000915527344
102.25
102.46000671386719
101.32000732421875
103.06999969482422
101.13999938964844
100.16999816894531
99.93000030517578
102.58000183105469
100.33000946044922
101.31000518798828
102.21000671386719
102.68000793457031
104.22000885009766
103.25000762939453
103.39000701904297
103.1300048828125
103.57000732421875
103.41000366210938
103.29000854492188
99.6300048828125
100.70999908447266
101.02000427246094
100.70000457763672
99.49000549316406
97.3800048828125
99.37000274658203
98.30001068115234
96.91000366210938
99.86000061035156
102.72000122070313
102.260009765625
99.7300033569336
98.41000366210938
98.85000610351563
99.04000091552734
97.6100082397461
97.6500015258789
99.72000122070313
99.97000885009766
99.49000549316406
98.22000122070313
97.94999694824219
100.55000305175781
100.29000091552734
99.08000946044922
99.87000274658203
101.2300033569336
100.34000396728516
97.70000457763672
99.77000427246094
98.3800048828125
100.8499984741211
100.99000549316406
100.58999633789063
100.63999938964844
102.00000762939453
102.55000305175781
101.18000030517578
101.11000061035156
101.95999908447266
103.29000854492188
104.68000793457031
102.89000701904297
101.04000091552734
101.87000274658203
102.37000274658203
103.80000305175781
102.8800048828125
103.3800048828125
104.3800048828125
102.14000701904297
103.3800048828125
103.18000793457031
102.87001037597656
104.10000610351563
104.52999877929688
99.33000183105469
99.96000671386719
101.21000671386719
100.29000091552734
102.68000793457031
103.60000610351563
101.55999755859375
103.29000854492188
102.22000122070313
104.52000427246094
102.38999938964844
103.23001098632813
101.99000549316406
102.45001220703125
103.06000518798828
103.55000305175781
102.75000762939453
101.8600082397461
102.18000793457031
99.95001220703125
100.43000030517578
98.1600112915039
101.26000213623047
98.46000671386719
99.66999816894531
97.86000061035156
99.52000427246094
101.26000213623047
97.30000305175781
100.6600112915039
102.7800064086914
102.51000213623047
99.58000183105469
99.64000701904297
97.44000244140625
98.54000091552734
101.31000518798828
102.74000549316406
103.60000610351563
103.96000671386719
101.55000305175781
102.56000518798828
102.77000427246094
101.4000015258789
102.0999984741211
100.25000762939453
102.93000030517578
100.33000946044922
101.31000518798828
97.84000396728516
100.54000854492188
100.65000915527344
101.18000030517578
99.56000518798828
99.35000610351563
101.27999877929688
100.43000030517578
100.12000274658203
100.41000366210938
103.37001037597656
101.62001037597656
101.06001281738281
98.52000427246094
99.54000854492188
98.23001098632813
95.9000015258789
97.44000244140625
98.24000549316406
99.72000122070313
98.22000122070313
95.33000183105469
97.93000030517578
97.84000396728516
98.06000518798828
97.59001159667969
98.82000732421875
100.0
96.29000854492188
98.66000366210938
99.66999816894531
98.41000366210938
99.44000244140625
95.93000793457031
97.96000671386719
97.5
98.93000793457031
95.8800048828125
96.97000122070313
98.12000274658203
97.80999755859375
97.260009765625
98.70001220703125
99.82000732421875
97.74000549316406
98.49000549316406
98.29000854492188
99.68000793457031
99.0300064086914
97.72000122070313
96.8800048828125
94.59000396728516
96.0300064086914
97.07000732421875
97.25
97.6500015258789
98.96000671386719
98.65000915527344
100.5
98.27000427246094
96.66000366210938
96.27000427246094
97.97000885009766
95.84000396728516
94.37000274658203
98.0
99.75
100.63999938964844
102.36000061035156
98.46000671386719
99.82000732421875
99.37000274658203
101.17000579833984
100.49000549316406
99.27000427246094
98.66000366210938
100.14000701904297
98.34000396728516
101.02000427246094
101.25000762939453
99.71000671386719
99.82000732421875
101.1300048828125
102.08000183105469
102.1500015258789
100.05000305175781
99.17000579833984
100.39000701904297
101.75
99.31000518798828
98.57000732421875
100.3800048828125
96.27000427246094
96.80000305175781
96.91000366210938
97.62000274658203
100.5300064086914
98.31000518798828
98.010009765625
98.1300048828125
97.0999984741211
95.22000122070313
95.09001159667969
99.19000244140625
96.92000579833984
100.81000518798828
98.29000854492188
95.65000915527344
97.44000244140625
95.84000396728516
94.22000885009766
93.79000854492188
93.15000915527344
94.18000030517578
98.010009765625
95.77000427246094
95.06000518798828
93.70001220703125
92.90000915527344
94.51000213623047
93.84001159667969
94.19000244140625
96.81000518798828
94.11000061035156
93.56001281738281
95.30000305175781
97.73001098632813
96.55000305175781
96.29000854492188
93.71000671386719
97.32000732421875
96.55999755859375
96.04000091552734
94.05999755859375
95.12000274658203
95.77999877929688
95.80001068115234
97.2300033569336
95.68000793457031
95.83000183105469
95.29000091552734
98.32000732421875
96.52000427246094
96.3800048828125
97.29000091552734
95.81000518798828
95.82000732421875
99.85000610351563
94.94000244140625
95.56999969482422
94.52999877929688
97.3800048828125
94.9800033569336
93.44001007080078
95.69000244140625
93.12000274658203
92.02999877929688
96.07000732421875
96.32000732421875
96.2300033569336
93.77000427246094
91.74000549316406
94.11000061035156
96.25
91.69999694824219
94.00000762939453
95.02999877929688
94.80000305175781
95.96000671386719
94.08000183105469
94.30000305175781
96.19000244140625
95.18000793457031
94.7800064086914
96.27999877929688
95.52000427246094
97.02000427246094
93.26000213623047
94.31999969482422
94.57000732421875
95.4800033569336
94.37000274658203
93.59000396728516
98.66000366210938
95.76000213623047
99.49000549316406
96.95000457763672
97.44000244140625
95.72000122070313
99.55001068115234
96.1300048828125
97.9800033569336
97.54000854492188
96.08000946044922
97.54000854492188
96.59000396728516
96.05000305175781
96.33000183105469
97.1300048828125
99.56000518798828
96.83999633789063
97.07000732421875
97.70000457763672
96.74000549316406
95.23001098632813
97.16000366210938
97.36000061035156
96.27999877929688
96.91000366210938
97.40000915527344
97.93000030517578
96.34001159667969
96.74000549316406
97.2800064086914
97.05001068115234
97.33000946044922
98.08000183105469
97.09000396728516
97.05001068115234
98.45000457763672
95.30000305175781
95.9000015258789
95.37001037597656
96.54000091552734
97.64000701904297
97.70000457763672
95.39000701904297
95.70000457763672
94.71000671386719
94.64000701904297
95.56999969482422
94.61000061035156
97.79000091552734
96.80000305175781
98.68000030517578
97.07000732421875
98.33000183105469
97.76000213623047
97.71000671386719
98.43000793457031
100.56000518798828
99.05999755859375
99.47000122070313
97.83000183105469
98.22000122070313
99.01000213623047
97.87001037597656
101.57000732421875
99.33999633789063
98.23001098632813
99.05999755859375
99.59000396728516
99.52999877929688
101.26000213623047
100.62000274658203
98.8600082397461
99.1300048828125
99.54000854492188
99.56000518798828
98.06000518798828
97.1300048828125
97.260009765625
97.33000946044922
95.06000518798828
93.61000061035156
95.20000457763672
95.19000244140625
93.61000061035156
94.58000183105469
94.04000091552734
96.90000915527344
95.47000885009766
95.2800064086914
94.99000549316406
96.06001281738281
97.14000701904297
97.96000671386719
98.69000244140625
95.79000854492188
96.07000732421875
97.86000061035156
95.25000762939453
93.33000183105469
94.21000671386719
94.6500015258789
97.76000213623047
95.43000030517578
97.01000213623047
96.79000854492188
98.34000396728516
96.85000610351563
98.37001037597656
98.54000091552734
99.48001098632813
97.84000396728516
96.25
96.54000091552734
98.56001281738281
97.41000366210938
94.64000701904297
92.85000610351563
96.45000457763672
95.56999969482422
89.16000366210938
91.87000274658203
91.58000183105469
93.62000274658203
91.72000885009766
92.11000061035156
93.20999908447266
94.61000061035156
94.56000518798828
92.82000732421875
95.4800033569336
95.84000396728516
95.10000610351563
96.7300033569336
98.59000396728516
95.69000244140625
95.25000762939453
95.70999908447266
97.18000793457031
96.58000183105469
95.77999877929688
95.84000396728516
95.44000244140625
96.0300064086914
93.98001098632813
96.80000305175781
94.2300033569336
92.82000732421875
94.38999938964844
91.99000549316406
94.55001068115234
94.7300033569336
94.5999984741211
96.4000015258789
96.32000732421875
97.20000457763672
95.55000305175781
93.74000549316406
94.17000579833984
92.73001098632813
93.04000854492188
96.05000305175781
93.74000549316406
94.41000366210938
96.09000396728516
94.37000274658203
95.83000183105469
96.3800048828125
96.41000366210938
94.45999908447266
95.52000427246094
95.76000213623047
97.5
94.73999786376953
95.63999938964844
93.55000305175781
94.84000396728516
94.38999938964844
93.66000366210938
94.3600082397461
96.010009765625
95.34000396728516
95.73001098632813
94.52000427246094
96.05000305175781
94.45000457763672
96.21000671386719
97.02999877929688
99.56000518798828
94.86000061035156
94.18000030517578
94.70000457763672
95.77000427246094
96.64000701904297
95.05000305175781
98.41999816894531
97.84000396728516
96.15000915527344
98.49000549316406
95.62000274658203
98.06999969482422
96.68000030517578
96.60000610351563
96.7300033569336
96.41000366210938
97.29000091552734
97.6100082397461
94.83000946044922
96.20001220703125
94.88999938964844
94.22000885009766
95.16000366210938
96.64000701904297
95.9800033569336
95.81000518798828
97.16999816894531
96.58000183105469
98.17000579833984
97.69000244140625
97.1300048828125
97.56000518798828
99.83000946044922
97.85000610351563
96.8600082397461
100.30000305175781
98.91000366210938
99.79000091552734
99.61000061035156
99.07000732421875
98.72000885009766
98.9000015258789
99.29000854492188
98.9000015258789
97.6100082397461
100.89000701904297
100.24000549316406
99.95001220703125
99.2300033569336
100.32000732421875
100.02999877929688
100.82000732421875
97.59001159667969
98.39000701904297
98.91999816894531
101.20001220703125
101.0300064086914
99.52999877929688
99.16000366210938
96.51000213623047
97.25
96.81000518798828
97.24000549316406
97.71000671386719
96.81000518798828
96.83999633789063
98.63999938964844
98.46000671386719
98.52000427246094
97.49000549316406
97.84000396728516
97.94999694824219
100.24000549316406
99.21000671386719
100.56999969482422
100.39000701904297
99.12001037597656
100.16999816894531
99.59000396728516
98.77000427246094
97.52000427246094
96.94000244140625
99.19000244140625
97.90000915527344
97.37000274658203
98.08999633789063
96.72000885009766
97.94000244140625
98.32000732421875
101.3600082397461
99.92000579833984
99.15000915527344
96.65000915527344
98.65000915527344
97.57000732421875
97.45001220703125
96.08000946044922
97.47000885009766
94.6300048828125
96.81999969482422
93.43000793457031
96.05000305175781
96.17000579833984
97.16000366210938
97.92000579833984
98.47000122070313
97.52000427246094
95.08000183105469
94.93000030517578
94.96000671386719
96.29000854492188
97.14000701904297
95.32000732421875
96.71000671386719
97.09000396728516
98.36000061035156
100.69000244140625
99.77000427246094
97.87001037597656
98.80000305175781
97.76000213623047
99.10000610351563
96.8600082397461
97.38999938964844
96.27000427246094
96.08000946044922
94.00000762939453
95.30999755859375
93.87000274658203
95.56000518798828
95.69000244140625
96.55000305175781
98.13999938964844
98.59000396728516
98.91999816894531
100.52000427246094
99.86000061035156
96.7800064086914
96.68000030517578
96.71000671386719
96.18000030517578
96.7800064086914
95.43000030517578
96.65000915527344
95.01000213623047
94.3600082397461
94.12001037597656
93.29000854492188
92.87001037597656
90.8499984741211
94.45999908447266
94.19000244140625
97.52999877929688
97.01000213623047
96.0
95.91000366210938
96.8600082397461
97.07000732421875
97.51000213623047
96.81000518798828
97.80999755859375
98.22000122070313
98.83000183105469
97.1300048828125
96.33000183105469
96.22000885009766
94.260009765625
95.22000122070313
91.80000305175781
94.54000854492188
94.41000366210938
93.81999969482422
93.89000701904297
92.42000579833984
94.22000885009766
95.70000457763672
97.4800033569336
97.2300033569336
97.52999877929688
97.06000518798828
97.44000244140625
96.92000579833984
95.42000579833984
96.6300048828125
99.05000305175781
97.2300033569336
97.46000671386719
98.63999938964844
97.29000091552734
97.73001098632813
97.46000671386719
96.17000579833984
98.0300064086914
99.01000213623047
