96.3800048828125
96.64000701904297
96.760009765625
96.04000091552734
97.02000427246094
98.85000610351563
96.94000244140625
96.57000732421875
96.3800048828125
96.24000549316406
97.12001037597656
97.33000946044922
98.49000549316406
98.60000610351563
99.91000366210938
100.07000732421875
99.69001007080078
98.8600082397461
100.29000091552734
97.8800048828125
98.46000671386719
96.8800048828125
97.32000732421875
94.90000915527344
98.70001220703125
95.72000122070313
95.82000732421875
96.010009765625
96.0
97.42000579833984
97.82000732421875
97.14000701904297
96.5300064086914
97.70000457763672
97.94999694824219
98.06999969482422
97.90000915527344
100.27000427246094
99.24000549316406
99.15000915527344
98.39000701904297
97.97000885009766
96.11000061035156
98.0300064086914
94.59000396728516
94.02000427246094
93.56001281738281
95.49000549316406
98.47000122070313
98.8800048828125
97.1300048828125
98.1300048828125
98.52000427246094
97.04000854492188
96.85000610351563
96.50000762939453
99.93000030517578
99.44000244140625
96.75
97.54000854492188
95.84000396728516
95.91000366210938
96.8800048828125
97.9800033569336
98.54000091552734
98.57000732421875
95.44999694824219
99.30000305175781
97.8800048828125
97.86000061035156
95.23001098632813
96.3800048828125
97.82000732421875
98.41999816894531
97.41000366210938
97.02999877929688
98.31000518798828
97.3800048828125
96.27999877929688
94.88999938964844
95.93000793457031
96.7800064086914
96.8600082397461
96.51000213623047
96.71000671386719
96.43000793457031
95.95000457763672
95.41000366210938
95.54000854492188
97.01000213623047
97.260009765625
95.58000183105469
97.21000671386719
95.26000213623047
94.66999816894531
94.83000946044922
93.77000427246094
95.99000549316406
97.06000518798828
94.77000427246094
94.54000854492188
95.39000701904297
95.510009765625
94.95001220703125
94.50000762939453
96.26000213623047
96.15000915527344
98.26000213623047
97.43000030517578
96.39000701904297
97.5
96.27000427246094
95.6300048828125
95.66000366210938
96.87000274658203
95.1300048828125
94.260009765625
96.07000732421875
98.20999908447266
98.08999633789063
98.81000518798828
96.8600082397461
96.24000549316406
97.11000061035156
96.51000213623047
96.55000305175781
94.55001068115234
94.6300048828125
96.29000854492188
96.91000366210938
96.4000015258789
96.10000610351563
96.3600082397461
96.97000122070313
96.50000762939453
97.1500015258789
97.46000671386719
97.2300033569336
96.48001098632813
97.16000366210938
97.09000396728516
97.70000457763672
96.55999755859375
96.48001098632813
97.92000579833984
95.27000427246094
97.40000915527344
98.3800048828125
98.39000701904297
97.51000213623047
97.11000061035156
96.65000915527344
95.79000854492188
95.2800064086914
95.18000793457031
95.87001037597656
95.56000518798828
95.32000732421875
97.93000030517578
95.9000015258789
97.46000671386719
97.9800033569336
96.59000396728516
96.24000549316406
97.52000427246094
97.70000457763672
96.59000396728516
97.55000305175781
96.50000762939453
95.86000061035156
95.43000030517578
96.81000518798828
96.66000366210938
95.1500015258789
97.42000579833984
96.19000244140625
96.54000091552734
96.55999755859375
95.1500015258789
97.16000366210938
96.7300033569336
96.79000854492188
97.260009765625
98.32000732421875
98.37001037597656
95.44999694824219
96.26000213623047
99.05999755859375
96.92000579833984
97.75000762939453
97.74000549316406
95.40000915527344
95.75000762939453
97.85000610351563
97.09000396728516
97.60000610351563
97.56000518798828
97.59001159667969
97.06000518798828
96.97000122070313
96.59000396728516
98.55000305175781
97.82000732421875
100.33000946044922
99.11000061035156
99.40000915527344
97.35000610351563
98.7300033569336
97.45001220703125
95.76000213623047
96.31000518798828
98.12000274658203
97.69000244140625
96.07000732421875
96.85000610351563
97.76000213623047
98.55000305175781
98.41000366210938
98.15000915527344
97.35000610351563
97.87001037597656
98.13999938964844
95.96000671386719
97.24000549316406
96.29000854492188
96.010009765625
96.39000701904297
95.23001098632813
96.77000427246094
95.40000915527344
95.34000396728516
95.96000671386719
96.35000610351563
95.5300064086914
95.0
95.27000427246094
96.07000732421875
96.15000915527344
95.21000671386719
96.69999694824219
97.33000946044922
98.05000305175781
97.06000518798828
95.94001007080078
96.25
94.61000061035156
94.41000366210938
94.38999938964844
96.06001281738281
94.3800048828125
96.95000457763672
98.97000122070313
98.76000213623047
97.16000366210938
98.44001007080078
99.68000793457031
98.59000396728516
96.34001159667969
96.47000122070313
97.69000244140625
97.51000213623047
97.85000610351563
97.51000213623047
96.74000549316406
95.36000061035156
95.5
98.33000183105469
98.15000915527344
97.7800064086914
96.47000122070313
98.4000015258789
96.0300064086914
97.05001068115234
97.0999984741211
97.14000701904297
97.6300048828125
99.66999816894531
98.5
97.87001037597656
98.0300064086914
96.69000244140625
96.91000366210938
96.54000091552734
96.010009765625
95.62000274658203
97.02999877929688
96.4000015258789
94.79000091552734
96.47000122070313
95.0
96.91000366210938
97.89000701904297
96.15000915527344
98.26000213623047
96.06001281738281
96.95999908447266
97.55000305175781
97.82000732421875
95.58999633789063
95.510009765625
96.51000213623047
96.7800064086914
97.08000183105469
97.16999816894531
97.16000366210938
99.09000396728516
96.02000427246094
97.73001098632813
97.82000732421875
95.14000701904297
96.59000396728516
98.4800033569336
96.34001159667969
97.02000427246094
97.1500015258789
98.62000274658203
97.44000244140625
97.45001220703125
96.05000305175781
98.24000549316406
98.0
98.67000579833984
98.82000732421875
98.13999938964844
98.0
100.2800064086914
98.45000457763672
98.34000396728516
99.760009765625
99.50000762939453
98.71000671386719
97.54000854492188
98.60000610351563
97.51000213623047
99.04000091552734
97.6100082397461
96.98001098632813
96.19000244140625
96.99000549316406
96.61000061035156
96.83999633789063
96.7300033569336
95.68000793457031
96.18000030517578
97.86000061035156
97.02999877929688
97.96000671386719
96.52000427246094
98.0
96.8800048828125
99.08000946044922
97.02000427246094
97.30000305175781
94.85000610351563
95.8800048828125
96.13999938964844
96.54000091552734
97.2300033569336
96.66000366210938
97.2800064086914
97.68000793457031
97.06000518798828
97.14000701904297
98.91000366210938
99.01000213623047
98.32000732421875
100.4800033569336
99.24000549316406
98.91999816894531
99.38999938964844
99.93000030517578
99.31999969482422
99.51000213623047
97.51000213623047
97.71000671386719
98.81000518798828
98.5300064086914
100.1100082397461
98.57000732421875
97.08000183105469
98.77000427246094
98.31000518798828
98.98001098632813
99.09000396728516
98.46000671386719
98.29000854492188
97.24000549316406
96.66000366210938
95.46000671386719
96.75
95.73001098632813
96.010009765625
95.87001037597656
94.55001068115234
96.3800048828125
97.43000030517578
97.22000122070313
96.65000915527344
95.83000183105469
98.0300064086914
97.70000457763672
98.4000015258789
99.11000061035156
97.260009765625
96.5300064086914
97.18000793457031
98.41000366210938
97.76000213623047
96.92000579833984
96.44000244140625
96.77000427246094
97.52000427246094
97.94000244140625
98.010009765625
98.46000671386719
96.55999755859375
95.99000549316406
95.56999969482422
95.09001159667969
96.55000305175781
95.46000671386719
95.1300048828125
95.18000793457031
97.70000457763672
96.57000732421875
95.80001068115234
96.87000274658203
96.66000366210938
98.67000579833984
99.05000305175781
99.6500015258789
96.66000366210938
97.93000030517578
98.20999908447266
97.94999694824219
98.02000427246094
99.86000061035156
99.95001220703125
98.06999969482422
98.80000305175781
100.6300048828125
100.36000061035156
97.06000518798828
99.00000762939453
98.41999816894531
97.59001159667969
99.75
100.18000793457031
99.69001007080078
96.21000671386719
96.67000579833984
98.76000213623047
98.6300048828125
95.86000061035156
96.59000396728516
97.1500015258789
97.94000244140625
97.5
96.65000915527344
96.760009765625
96.08000946044922
97.25
97.90000915527344
98.4000015258789
98.77999877929688
97.24000549316406
98.74000549316406
98.43000793457031
97.7800064086914
96.95999908447266
96.25
95.40000915527344
95.20000457763672
96.0
96.8600082397461
95.43000030517578
97.42000579833984
96.3600082397461
97.6300048828125
96.7800064086914
97.55000305175781
97.02999877929688
97.30000305175781
96.3800048828125
97.29000091552734
97.80999755859375
98.82000732421875
97.5
98.33000183105469
97.94999694824219
96.83999633789063
95.34000396728516
98.27000427246094
96.41999816894531
96.62001037597656
96.3600082397461
96.55999755859375
97.21000671386719
96.16000366210938
95.63999938964844
96.07000732421875
95.56999969482422
94.05000305175781
95.86000061035156
95.30999755859375
96.62001037597656
96.88999938964844
95.94001007080078
95.54000854492188
95.63999938964844
94.94000244140625
95.16000366210938
95.56999969482422
96.29000854492188
96.16000366210938
96.90000915527344
96.39000701904297
97.92000579833984
95.91000366210938
98.46000671386719
97.32000732421875
97.60000610351563
97.80000305175781
97.60000610351563
96.6300048828125
95.06000518798828
95.81000518798828
95.84000396728516
96.47000122070313
95.8499984741211
95.8800048828125
96.04000091552734
94.56000518798828
97.36000061035156
96.07000732421875
96.67000579833984
98.0
96.75
96.21000671386719
97.00000762939453
96.37000274658203
98.19000244140625
98.57000732421875
97.91000366210938
96.3800048828125
96.8800048828125
95.70999908447266
95.93000793457031
95.83000183105469
95.55000305175781
96.45000457763672
97.27000427246094
95.60000610351563
95.08000183105469
95.32000732421875
96.49000549316406
96.6300048828125
97.08000183105469
96.87000274658203
95.8800048828125
96.97000122070313
95.25000762939453
94.96000671386719
95.91000366210938
95.79000854492188
96.45000457763672
96.10000610351563
97.38999938964844
96.46000671386719
97.80999755859375
95.44999694824219
98.12000274658203
95.56999969482422
96.37000274658203
97.04000854492188
96.93000793457031
97.5
97.0999984741211
96.55999755859375
97.07000732421875
95.87001037597656
97.92000579833984
97.73001098632813
97.44000244140625
97.6100082397461
96.51000213623047
96.83000183105469
97.18000793457031
96.41000366210938
96.51000213623047
97.60000610351563
96.77000427246094
96.60000610351563
96.80000305175781
97.89000701904297
96.26000213623047
95.66000366210938
98.27000427246094
97.1500015258789
97.260009765625
96.47000122070313
96.61000061035156
95.8499984741211
95.82000732421875
97.77000427246094
100.32000732421875
99.71000671386719
100.8499984741211
98.60000610351563
100.26000213623047
99.02000427246094
95.76000213623047
98.510009765625
99.66999816894531
98.27000427246094
96.8800048828125
97.86000061035156
99.18000030517578
96.7300033569336
97.66999816894531
96.12000274658203
96.09000396728516
97.33000946044922
96.72000885009766
96.69999694824219
97.05001068115234
97.18000793457031
96.85000610351563
97.52000427246094
98.4800033569336
97.01000213623047
99.11000061035156
96.92000579833984
96.46000671386719
98.02000427246094
98.1100082397461
97.93000030517578
95.16000366210938
97.08000183105469
96.68000030517578
97.2300033569336
94.30000305175781
96.83000183105469
97.8800048828125
97.01000213623047
97.35000610351563
97.260009765625
98.87000274658203
100.43000030517578
98.39000701904297
97.94000244140625
97.21000671386719
98.10000610351563
97.90000915527344
98.49000549316406
97.1500015258789
98.60000610351563
97.3800048828125
96.30000305175781
95.18000793457031
97.16000366210938
96.02000427246094
94.31999969482422
94.90000915527344
95.27000427246094
95.68000793457031
95.39000701904297
95.02000427246094
95.06000518798828
95.14000701904297
97.40000915527344
95.70999908447266
96.55000305175781
96.3600082397461
96.7300033569336
95.66000366210938
97.44000244140625
97.06000518798828
96.87000274658203
96.95999908447266
98.20999908447266
96.99000549316406
98.62000274658203
97.42000579833984
99.17000579833984
100.69000244140625
100.25000762939453
98.4800033569336
98.3499984741211
98.43000793457031
98.98001098632813
98.25000762939453
95.80001068115234
95.89000701904297
96.760009765625
95.84000396728516
95.56999969482422
95.06000518798828
93.04000854492188
96.93000793457031
94.68000793457031
94.6500015258789
92.31001281738281
95.1500015258789
91.50000762939453
91.7800064086914
92.33000946044922
91.62001037597656
92.60000610351563
90.3800048828125
90.68000793457031
94.1300048828125
91.19000244140625
90.8800048828125
94.62001037597656
92.72000122070313
93.08999633789063
95.08000183105469
95.12000274658203
94.59000396728516
95.79000854492188
92.11000061035156
90.56000518798828
91.81000518798828
93.05000305175781
91.05000305175781
93.22000122070313
95.07000732421875
93.20000457763672
92.55000305175781
91.5300064086914
91.010009765625
90.2800064086914
90.60000610351563
91.3800048828125
89.2800064086914
89.09000396728516
88.26000213623047
89.21000671386719
89.52999877929688
90.33000183105469
89.52999877929688
89.9800033569336
90.9800033569336
89.81001281738281
88.55999755859375
89.69001007080078
88.96000671386719
89.97000885009766
87.0999984741211
88.81000518798828
89.30000305175781
91.15000915527344
90.39000701904297
89.81001281738281
91.06001281738281
91.60000610351563
92.54000854492188
89.49000549316406
92.52999877929688
91.57000732421875
92.21000671386719
91.04000091552734
89.70000457763672
90.06999969482422
90.98999786376953
92.12001037597656
92.52000427246094
91.0300064086914
90.47000885009766
91.91000366210938
93.27000427246094
91.90000915527344
93.33000183105469
88.81999969482422
90.77999877929688
92.14000701904297
91.57000732421875
92.47000885009766
92.27000427246094
90.30000305175781
90.98999786376953
90.97000122070313
88.08999633789063
91.8800048828125
90.30000305175781
90.75000762939453
91.010009765625
90.66000366210938
90.9800033569336
91.7300033569336
90.4800033569336
90.63999938964844
90.39000701904297
90.19000244140625
90.37001037597656
91.12000274658203
90.72000122070313
90.52000427246094
90.21000671386719
91.52000427246094
90.05000305175781
89.24000549316406
90.5300064086914
90.30000305175781
89.41000366210938
90.12000274658203
87.72000122070313
90.05000305175781
89.31000518798828
91.37000274658203
89.05999755859375
90.32000732421875
89.38999938964844
90.4800033569336
91.81999969482422
95.35000610351563
91.83000183105469
93.34000396728516
93.10000610351563
92.97000885009766
94.08000183105469
94.04000091552734
93.72000885009766
93.98001098632813
94.72000122070313
96.21000671386719
94.64000701904297
93.60000610351563
93.96000671386719
92.64000701904297
93.02000427246094
94.01000213623047
90.83000183105469
92.93000030517578
91.31000518798828
90.1100082397461
92.16999816894531
92.49000549316406
92.94999694824219
93.22000122070313
91.74000549316406
91.81999969482422
91.93000793457031
91.7300033569336
92.1300048828125
94.17000579833984
94.25
91.7300033569336
92.66000366210938
92.56999969482422
92.31001281738281
93.45000457763672
92.52999877929688
93.19000244140625
92.16000366210938
93.67000579833984
91.52000427246094
92.0999984741211
91.37000274658203
92.2800064086914
94.19999694824219
93.32000732421875
95.14000701904297
95.56000518798828
93.54000091552734
95.01000213623047
93.54000091552734
93.9000015258789
95.18000793457031
95.04000854492188
94.97000885009766
94.77000427246094
94.42000579833984
95.54000854492188
93.71000671386719
89.58000183105469
93.0
94.88999938964844
93.3800048828125
93.77999877929688
93.43000793457031
93.17000579833984
94.92000579833984
95.35000610351563
93.5
92.60000610351563
95.3800048828125
91.20001220703125
93.3800048828125
94.2300033569336
92.19001007080078
93.81999969482422
92.7800064086914
94.82000732421875
93.70001220703125
94.3800048828125
93.80000305175781
93.94000244140625
93.60000610351563
94.3600082397461
94.07000732421875
93.010009765625
93.56001281738281
92.25
94.52999877929688
92.51000213623047
93.91999816894531
93.62000274658203
93.37001037597656
92.1300048828125
91.8800048828125
93.6300048828125
92.29000091552734
93.76000213623047
92.0999984741211
93.52000427246094
93.45000457763672
92.27000427246094
93.24000549316406
92.73001098632813
93.12000274658203
92.66000366210938
93.06999969482422
92.94999694824219
93.12000274658203
93.61000061035156
94.33999633789063
92.86000061035156
94.35000610351563
93.54000091552734
93.04000854492188
92.38999938964844
93.31000518798828
91.74000549316406
91.92000579833984
91.6500015258789
92.86000061035156
91.7300033569336
91.17000579833984
92.05001068115234
91.34001159667969
92.80999755859375
92.72000122070313
93.85000610351563
93.98001098632813
94.33999633789063
93.94000244140625
94.15000915527344
93.41000366210938
90.6100082397461
91.97000122070313
94.19999694824219
94.08000183105469
93.79000854492188
90.510009765625
92.96000671386719
93.81000518798828
91.88999938964844
95.56999969482422
93.94000244140625
94.57000732421875
91.83999633789063
92.43000030517578
95.10000610351563
95.87001037597656
94.95001220703125
90.44999694824219
93.13999938964844
90.93000793457031
93.05000305175781
90.2800064086914
92.06000518798828
93.37001037597656
91.67000579833984
93.58000946044922
93.18000793457031
92.02000427246094
91.97000122070313
92.56999969482422
90.82000732421875
92.29000091552734
92.77000427246094
92.82000732421875
90.3800048828125
89.91000366210938
92.75000762939453
91.16000366210938
92.30000305175781
92.66000366210938
93.41000366210938
91.66000366210938
92.51000213623047
92.82000732421875
90.55000305175781
94.47000122070313
93.59000396728516
92.06000518798828
91.68000030517578
92.27000427246094
92.44000244140625
93.23001098632813
93.0
88.22000122070313
89.6500015258789
91.05000305175781
92.05001068115234
90.72000122070313
89.14000701904297
89.83000946044922
87.83000183105469
88.12000274658203
87.91000366210938
92.5
91.43000793457031
92.41000366210938
91.10000610351563
92.42000579833984
93.87000274658203
92.51000213623047
91.54000091552734
91.09000396728516
90.65000915527344
90.44000244140625
89.45999908447266
89.17000579833984
89.59000396728516
91.43000793457031
91.41999816894531
90.70999908447266
90.30000305175781
90.30000305175781
90.70999908447266
90.83000183105469
90.1300048828125
90.81000518798828
91.24000549316406
90.72000122070313
90.60000610351563
90.2800064086914
91.4000015258789
91.58000183105469
91.71000671386719
91.45000457763672
91.72000885009766
90.86000061035156
92.56000518798828
91.80000305175781
92.89000701904297
90.5300064086914
89.61000061035156
91.60000610351563
89.64000701904297
90.21000671386719
90.77000427246094
92.2300033569336
91.80000305175781
92.02999877929688
93.5
92.92000579833984
92.34000396728516
92.51000213623047
92.41000366210938
89.77000427246094
90.10000610351563
92.46000671386719
92.37000274658203
91.67000579833984
88.22000122070313
87.19001007080078
88.08000183105469
90.54000854492188
90.26000213623047
91.49000549316406
87.80999755859375
88.81000518798828
86.83000183105469
89.82000732421875
91.10000610351563
88.04000854492188
89.96000671386719
96.1300048828125
92.58000183105469
91.74000549316406
92.6300048828125
91.83000183105469
88.08000183105469
91.07000732421875
92.16000366210938
91.4000015258789
90.14000701904297
91.77000427246094
93.36000061035156
91.6500015258789
89.45000457763672
88.99000549316406
88.71000671386719
90.02000427246094
88.24000549316406
87.75000762939453
88.45000457763672
87.66000366210938
88.16000366210938
88.6300048828125
86.71000671386719
88.36000061035156
85.46000671386719
86.74000549316406
88.1100082397461
84.57000732421875
88.4800033569336
85.72000122070313
85.30999755859375
84.93000030517578
85.10000610351563
86.11000061035156
86.35000610351563
86.05999755859375
84.3600082397461
86.83000183105469
85.55000305175781
85.72000122070313
84.42000579833984
87.9000015258789
86.95999908447266
85.82000732421875
86.94000244140625
86.81000518798828
87.44000244140625
86.81999969482422
87.02000427246094
86.91000366210938
87.22000122070313
90.22000122070313
88.29000854492188
86.69000244140625
87.8800048828125
87.20000457763672
87.54000854492188
87.52000427246094
91.010009765625
87.43000030517578
88.31000518798828
89.11000061035156
86.93000793457031
86.7300033569336
86.30000305175781
87.75000762939453
87.0999984741211
86.37000274658203
87.45001220703125
86.83000183105469
85.56999969482422
87.6500015258789
85.46000671386719
87.46000671386719
87.27000427246094
88.75
87.84000396728516
87.66000366210938
87.77000427246094
88.22999572753906
88.1300048828125
86.7800064086914
86.95999908447266
88.94000244140625
88.31000518798828
87.94000244140625
88.39000701904297
87.86000061035156
87.29000091552734
87.62000274658203
86.16000366210938
88.17000579833984
89.57000732421875
89.07000732421875
87.25
87.74000549316406
88.84001159667969
87.94999694824219
87.83000183105469
91.12000274658203
89.10000610351563
87.76000213623047
89.29000854492188
87.94000244140625
89.24000549316406
91.55000305175781
90.44999694824219
91.31999969482422
90.1300048828125
89.38999938964844
89.18000030517578
91.57000732421875
89.52999877929688
91.25
90.37001037597656
88.0
88.6300048828125
90.72999572753906
89.57000732421875
87.0999984741211
88.76000213623047
87.76000213623047
88.10000610351563
87.00000762939453
88.04000854492188
87.75000762939453
88.8800048828125
88.3499984741211
94.17000579833984
88.97000122070313
87.14000701904297
88.61000061035156
86.67000579833984
86.05999755859375
85.16999816894531
87.87001037597656
86.58000183105469
88.44001007080078
89.08000183105469
87.54000854492188
88.08000183105469
86.13999938964844
86.02000427246094
87.21000671386719
87.9000015258789
87.80000305175781
87.94000244140625
87.34000396728516
87.77000427246094
87.60000610351563
85.74000549316406
84.49000549316406
83.84001159667969
87.56999969482422
88.37001037597656
83.83000183105469
85.67000579833984
86.17000579833984
86.52000427246094
85.22000122070313
85.84000396728516
87.73001098632813
87.34000396728516
87.51000213623047
87.6500015258789
88.70001220703125
87.02000427246094
85.44999694824219
84.71000671386719
86.81000518798828
85.1500015258789
84.51000213623047
85.46000671386719
85.58999633789063
86.21000671386719
85.37001037597656
83.4800033569336
84.1500015258789
86.85000610351563
85.42000579833984
88.75
86.15000915527344
85.21000671386719
87.16000366210938
87.4800033569336
86.3800048828125
86.95999908447266
88.0
88.10000610351563
85.02999877929688
86.5300064086914
86.29000854492188
87.6500015258789
87.01000213623047
85.96000671386719
86.10000610351563
88.60000610351563
88.27000427246094
89.27000427246094
89.0300064086914
88.3800048828125
88.91999816894531
86.7800064086914
88.1300048828125
88.44001007080078
88.84001159667969
89.04000091552734
88.77999877929688
88.87000274658203
89.10000610351563
90.84000396728516
89.44000244140625
88.8800048828125
89.80000305175781
88.77000427246094
88.93000793457031
90.12000274658203
89.42000579833984
88.60000610351563
88.37001037597656
88.70001220703125
88.9000015258789
87.70000457763672
88.27999877929688
87.6500015258789
85.30000305175781
86.07000732421875
84.7800064086914
84.93000030517578
84.9800033569336
85.72999572753906
88.0
85.9800033569336
87.6500015258789
87.76000213623047
86.87000274658203
88.52000427246094
86.95999908447266
86.97000122070313
85.82000732421875
86.99000549316406
89.30000305175781
86.43000793457031
87.40000915527344
86.55000305175781
86.3800048828125
87.54000854492188
88.19000244140625
89.6300048828125
87.8800048828125
88.24000549316406
89.5999984741211
88.08000183105469
89.70000457763672
89.16000366210938
88.8600082397461
89.73999786376953
89.66999816894531
89.5999984741211
91.69000244140625
87.76000213623047
85.94001007080078
86.3600082397461
84.2300033569336
85.42000579833984
86.45000457763672
86.33000183105469
86.20001220703125
85.25000762939453
87.80999755859375
84.82000732421875
84.04000091552734
84.3800048828125
83.3800048828125
83.3800048828125
85.19000244140625
86.83999633789063
88.02000427246094
85.37001037597656
86.81000518798828
90.09001159667969
88.27000427246094
88.27999877929688
84.68000793457031
86.55000305175781
86.2300033569336
88.54000091552734
89.69001007080078
89.77000427246094
89.30000305175781
89.17000579833984
90.09001159667969
88.22000122070313
86.68000030517578
87.91000366210938
87.99000549316406
89.79000091552734
86.15000915527344
86.4000015258789
86.38999938964844
85.2800064086914
88.24000549316406
87.80999755859375
88.13999938964844
86.87000274658203
84.80999755859375
87.40000915527344
87.6100082397461
86.05000305175781
86.90000915527344
84.1300048828125
85.2800064086914
88.96000671386719
86.54000091552734
84.3600082397461
86.85000610351563
84.35000610351563
86.7300033569336
84.83000946044922
90.32000732421875
89.01000213623047
87.9800033569336
87.69000244140625
87.16000366210938
86.05000305175781
86.0300064086914
86.3600082397461
85.66000366210938
84.21000671386719
84.19999694824219
82.19001007080078
84.35000610351563
84.61000061035156
84.2300033569336
82.52000427246094
83.54000091552734
81.6500015258789
81.59000396728516
81.7800064086914
82.41000366210938
83.76000213623047
83.5300064086914
83.87000274658203
85.9000015258789
86.25
87.07000732421875
83.02000427246094
84.19000244140625
84.94000244140625
85.63999938964844
84.44000244140625
85.02999877929688
85.65000915527344
85.68000793457031
86.10000610351563
85.44999694824219
87.07000732421875
87.45001220703125
87.05001068115234
87.27000427246094
87.5
86.04000091552734
86.60000610351563
85.56000518798828
87.30000305175781
85.97000122070313
85.30000305175781
85.80001068115234
85.6300048828125
86.45000457763672
85.72999572753906
85.72999572753906
87.3800048828125
86.11000061035156
88.72000885009766
88.80000305175781
88.72000885009766
87.4800033569336
86.25
87.06000518798828
87.4800033569336
87.04000854492188
88.10000610351563
87.7800064086914
87.87001037597656
89.8800048828125
89.47000122070313
87.49000549316406
88.95000457763672
88.06000518798828
87.59001159667969
86.77000427246094
85.66000366210938
86.38999938964844
86.24000549316406
87.01000213623047
88.63999938964844
88.15000915527344
86.08000946044922
87.23999786376953
87.25
89.31000518798828
88.27999877929688
88.33000183105469
88.79000854492188
88.70001220703125
87.80999755859375
88.80000305175781
88.55000305175781
88.25000762939453
88.47000122070313
88.18000793457031
89.31999969482422
88.6300048828125
88.32000732421875
87.04000854492188
88.24000549316406
89.59000396728516
