107.32000732421875
106.7800064086914
108.87000274658203
107.66000366210938
107.60000610351563
109.6300048828125
110.02000427246094
107.7800064086914
107.33000946044922
107.66999816894531
109.05999755859375
107.70000457763672
108.26000213623047
109.75
110.60000610351563
110.49000549316406
109.55001068115234
108.1300048828125
109.43000793457031
108.91000366210938
110.44000244140625
107.01000213623047
106.94000244140625
105.47000885009766
108.06999969482422
105.75000762939453
104.87000274658203
105.09001159667969
104.86000061035156
108.47000122070313
108.34000396728516
108.13999938964844
108.1100082397461
107.32000732421875
107.62000274658203
107.9800033569336
105.96000671386719
107.97000885009766
108.1600112915039
108.54000091552734
106.5300064086914
106.05000305175781
106.80000305175781
107.96000671386719
104.42000579833984
104.7300033569336
103.510009765625
104.31999969482422
108.77999877929688
107.94999694824219
107.7800064086914
109.10000610351563
108.04000854492188
104.760009765625
106.27000427246094
106.49000549316406
110.21000671386719
108.19000244140625
105.80001068115234
106.95000457763672
105.22000122070313
103.94000244140625
106.50000762939453
108.30001068115234
107.97000885009766
109.11000061035156
105.37001037597656
108.5300064086914
108.36000061035156
107.77000427246094
104.29000854492188
106.18000030517578
107.07000732421875
106.22000885009766
104.19999694824219
102.84000396728516
104.67001342773438
104.84000396728516
102.99000549316406
103.1100082397461
104.3800048828125
102.59001159667969
104.0300064086914
104.33000183105469
104.18000030517578
105.36000061035156
104.71000671386719
104.82000732421875
103.08000183105469
105.05000305175781
105.36000061035156
104.21000671386719
104.7800064086914
103.3800048828125
103.27000427246094
102.57000732421875
101.50000762939453
103.04000854492188
105.18000793457031
103.52000427246094
104.30000305175781
105.5
102.64000701904297
102.83000946044922
102.6500015258789
103.46000671386719
104.2800064086914
105.01000213623047
104.5999984741211
104.64000701904297
104.68000793457031
104.45000457763672
103.41000366210938
103.44001007080078
104.43000793457031
102.92000579833984
101.26000213623047
102.22000122070313
103.99000549316406
104.40000915527344
105.52000427246094
104.5999984741211
103.98001098632813
105.00000762939453
106.4000015258789
107.90000915527344
104.7300033569336
105.62000274658203
106.02000427246094
105.42000579833984
106.79000854492188
106.59000396728516
106.71000671386719
108.24000549316406
107.64000701904297
107.74000549316406
109.31000518798828
107.62000274658203
108.23001098632813
109.14000701904297
108.63999938964844
107.32000732421875
106.27000427246094
106.67000579833984
106.27000427246094
104.57000732421875
105.510009765625
107.83000946044922
107.760009765625
106.46000671386719
106.59000396728516
105.5
106.44000244140625
105.27000427246094
105.70000457763672
105.29000091552734
105.1500015258789
104.97000885009766
107.56000518798828
107.34000396728516
107.54000854492188
110.06000518798828
108.22000122070313
108.98001098632813
110.62000274658203
110.22000122070313
107.87001037597656
109.2300033569336
109.77000427246094
110.10000610351563
108.55000305175781
108.34000396728516
107.96000671386719
107.40000915527344
108.18000793457031
108.34000396728516
107.40000915527344
109.010009765625
107.36000061035156
109.1300048828125
109.05999755859375
109.3800048828125
108.62000274658203
108.54000091552734
108.83000183105469
107.31001281738281
108.42001342773438
110.35000610351563
107.85000610351563
107.69000244140625
106.68000030517578
105.82000732421875
106.37000274658203
107.71000671386719
106.31000518798828
105.92001342773438
106.44000244140625
107.7800064086914
106.04000091552734
106.06001281738281
106.0300064086914
107.32000732421875
106.37000274658203
108.19000244140625
107.30000305175781
107.43000793457031
105.6300048828125
108.08000183105469
106.510009765625
104.2300033569336
105.5
106.3600082397461
106.55999755859375
104.31999969482422
104.30000305175781
105.79000854492188
106.8600082397461
105.83000183105469
105.67000579833984
105.92001342773438
106.3600082397461
107.02999877929688
106.0
108.22000122070313
107.6100082397461
106.510009765625
106.60000610351563
105.77999877929688
108.68000793457031
105.8800048828125
105.5300064086914
106.46000671386719
106.19000244140625
107.18000793457031
105.56999969482422
106.1300048828125
105.93000793457031
105.39000701904297
104.86000061035156
104.6300048828125
104.27000427246094
105.92001342773438
105.23001098632813
103.67000579833984
104.05000305175781
103.84001159667969
104.3600082397461
105.1500015258789
105.36000061035156
104.16000366210938
105.00000762939453
107.6100082397461
108.33000183105469
106.8800048828125
106.7300033569336
107.55000305175781
106.3800048828125
105.42000579833984
105.70000457763672
104.97000885009766
104.260009765625
105.80001068115234
106.5300064086914
105.8800048828125
104.44000244140625
103.32000732421875
105.5300064086914
108.010009765625
105.86000061035156
104.70000457763672
107.11000061035156
106.67000579833984
104.74000549316406
105.81000518798828
105.12000274658203
107.57000732421875
107.71000671386719
107.27000427246094
106.02000427246094
105.27000427246094
105.6100082397461
105.41000366210938
103.39000701904297
101.64000701904297
103.98001098632813
104.48001098632813
105.40000915527344
105.12000274658203
105.86000061035156
104.4100112915039
105.09001159667969
105.8499984741211
104.52999877929688
104.85000610351563
104.92000579833984
106.10000610351563
106.67000579833984
106.93000793457031
105.10000610351563
105.84000396728516
105.6600112915039
105.84000396728516
107.41000366210938
105.8499984741211
107.66000366210938
109.84000396728516
106.52000427246094
108.31000518798828
108.93000793457031
106.41000366210938
107.44000244140625
109.760009765625
106.87000274658203
107.02000427246094
107.01000213623047
108.06999969482422
105.75000762939453
106.26000213623047
106.39000701904297
106.55000305175781
106.15000915527344
107.68000793457031
108.36000061035156
107.27000427246094
108.0
109.55001068115234
108.17000579833984
106.6300048828125
108.57000732421875
108.52000427246094
108.87000274658203
109.08000946044922
109.31999969482422
106.58000946044922
108.44001007080078
108.12000274658203
110.02000427246094
109.93000793457031
109.11000061035156
108.81000518798828
108.7300033569336
108.39000701904297
106.85000610351563
107.94999694824219
106.760009765625
107.36000061035156
108.30001068115234
109.22000885009766
110.43000030517578
106.94000244140625
108.89000701904297
106.55000305175781
108.13999938964844
106.55000305175781
105.86000061035156
107.30000305175781
106.27999877929688
105.3800048828125
105.2800064086914
105.34000396728516
104.01000213623047
104.24000549316406
105.4800033569336
107.87001037597656
105.83000183105469
107.1300048828125
107.93000030517578
107.4800033569336
107.1500015258789
107.89000701904297
107.69000244140625
108.13999938964844
107.760009765625
106.29000854492188
107.09000396728516
106.17000579833984
106.59000396728516
108.44001007080078
107.09000396728516
106.95000457763672
108.5
108.0
107.33000946044922
107.760009765625
106.47000122070313
106.08000946044922
106.50000762939453
105.77000427246094
104.42000579833984
105.8800048828125
105.41000366210938
105.84000396728516
107.55000305175781
104.71000671386719
105.43000030517578
105.77000427246094
106.0
104.88999938964844
104.93000030517578
107.40000915527344
106.99000549316406
108.06000518798828
106.6300048828125
106.33000183105469
106.69000244140625
106.13999938964844
106.57000732421875
107.69000244140625
107.2300033569336
106.74000549316406
105.84000396728516
107.19001007080078
106.64000701904297
105.81000518798828
106.95999908447266
105.9800033569336
105.02000427246094
105.25000762939453
104.19000244140625
105.04000854492188
104.48001098632813
104.85000610351563
103.1600112915039
106.7800064086914
106.62001037597656
106.46000671386719
107.12001037597656
107.99000549316406
108.97000122070313
109.49000549316406
108.89000701904297
106.84001159667969
108.06999969482422
106.65000915527344
105.67000579833984
105.79000854492188
107.71000671386719
108.4000015258789
105.12000274658203
104.17000579833984
105.25000762939453
105.56999969482422
104.00000762939453
106.81999969482422
105.69000244140625
104.59000396728516
105.60000610351563
106.11000061035156
106.59000396728516
104.16000366210938
104.57000732421875
106.0300064086914
106.48001098632813
104.05000305175781
104.51000213623047
104.83000946044922
105.81000518798828
104.14000701904297
103.010009765625
103.91999816894531
104.45999908447266
103.98001098632813
104.31000518798828
105.14000701904297
105.10000610351563
103.74000549316406
106.31000518798828
105.69000244140625
105.22000122070313
104.50000762939453
103.95000457763672
104.54000854492188
104.260009765625
104.3800048828125
105.94001007080078
105.1300048828125
105.5
104.67001342773438
105.86000061035156
104.61000061035156
108.46000671386719
106.87000274658203
107.68000793457031
105.9000015258789
107.80000305175781
107.30000305175781
108.77999877929688
106.54000091552734
105.4800033569336
105.75000762939453
106.68000030517578
105.29000091552734
108.77999877929688
106.92000579833984
107.260009765625
107.72000122070313
109.50000762939453
108.33000183105469
107.72000122070313
106.45000457763672
106.16000366210938
103.80000305175781
104.11000061035156
106.55000305175781
105.99000549316406
107.49000549316406
107.06000518798828
106.64000701904297
105.36000061035156
106.98001098632813
107.2800064086914
106.34001159667969
107.12001037597656
107.75000762939453
106.98001098632813
106.8600082397461
107.22000122070313
108.5
107.52999877929688
109.64000701904297
108.1600112915039
109.60000610351563
109.97000885009766
110.29000091552734
110.20000457763672
108.79000854492188
109.00000762939453
108.5300064086914
108.57000732421875
109.260009765625
108.57000732421875
109.60000610351563
107.40000915527344
109.54000854492188
108.47000122070313
107.25
106.25000762939453
106.55000305175781
108.09001159667969
108.69000244140625
109.84000396728516
111.15000915527344
111.52000427246094
109.79000091552734
109.25
108.59000396728516
109.00000762939453
109.31000518798828
108.36000061035156
108.46000671386719
108.95000457763672
108.61000061035156
107.40000915527344
107.47000885009766
107.54000854492188
107.93000030517578
107.2300033569336
107.43000793457031
106.41000366210938
106.94000244140625
108.26000213623047
105.70999908447266
105.99000549316406
107.260009765625
106.57000732421875
107.14000701904297
104.71000671386719
105.56000518798828
104.86000061035156
104.79000091552734
103.95000457763672
106.39000701904297
104.52000427246094
104.96000671386719
106.20001220703125
107.17001342773438
105.510009765625
104.61000061035156
105.25000762939453
105.9800033569336
104.70000457763672
106.55000305175781
105.9000015258789
106.08000946044922
107.4800033569336
106.6300048828125
107.19001007080078
107.19001007080078
106.26000213623047
105.65000915527344
106.61000061035156
106.55000305175781
106.13999938964844
106.41999816894531
106.33000183105469
105.32000732421875
106.17000579833984
109.75
106.7300033569336
108.87000274658203
107.68000793457031
107.16000366210938
105.36000061035156
103.58000946044922
106.44000244140625
106.30000305175781
106.7300033569336
106.95000457763672
106.69000244140625
107.05001068115234
108.9000015258789
104.68000793457031
105.72000122070313
107.82000732421875
104.69001007080078
106.87000274658203
105.86000061035156
107.11000061035156
104.52999877929688
105.34000396728516
104.6300048828125
103.77999877929688
105.56999969482422
104.2800064086914
105.77000427246094
106.34001159667969
106.21000671386719
108.59000396728516
108.18000793457031
108.1600112915039
106.81999969482422
107.06000518798828
106.24000549316406
106.79000854492188
107.29000091552734
106.47000122070313
108.010009765625
105.12000274658203
105.70999908447266
107.73001098632813
107.20000457763672
105.12000274658203
108.08000183105469
109.04000091552734
106.8600082397461
109.3600082397461
107.84000396728516
107.80999755859375
104.96000671386719
107.45001220703125
106.27999877929688
106.34001159667969
105.30000305175781
104.9800033569336
104.5999984741211
100.99000549316406
102.8800048828125
101.77000427246094
99.95001220703125
98.77999877929688
100.510009765625
99.35000610351563
98.95000457763672
99.05999755859375
99.09000396728516
98.10000610351563
99.33000183105469
98.67000579833984
98.18000793457031
98.0
99.95001220703125
98.97000122070313
100.5300064086914
98.06000518798828
99.99000549316406
99.93000030517578
100.02000427246094
99.07000732421875
98.76000213623047
98.43000793457031
98.26000213623047
96.81000518798828
99.84000396728516
98.85000610351563
100.32000732421875
102.06000518798828
102.40000915527344
101.87000274658203
101.17000579833984
103.69000244140625
101.83000183105469
101.24000549316406
100.58999633789063
99.38999938964844
98.41999816894531
98.8800048828125
96.79000854492188
97.91000366210938
99.62001037597656
101.09000396728516
101.81999969482422
99.75
99.7300033569336
99.7800064086914
99.54000854492188
98.99000549316406
99.99000549316406
99.55001068115234
100.02000427246094
99.30000305175781
98.97000122070313
98.94000244140625
97.6500015258789
99.24000549316406
100.91000366210938
99.93000030517578
99.68000793457031
101.13999938964844
102.12001037597656
101.07000732421875
101.98001098632813
101.22000885009766
101.61000061035156
99.85000610351563
100.20000457763672
100.52000427246094
98.33000183105469
99.68000793457031
99.64000701904297
99.99000549316406
100.49000549316406
101.49000549316406
100.72000122070313
101.54000091552734
100.12000274658203
98.27000427246094
99.8800048828125
98.5
100.55000305175781
98.10000610351563
99.66000366210938
98.63999938964844
99.00000762939453
99.77000427246094
99.33000183105469
98.91999816894531
98.72000885009766
99.6500015258789
98.82000732421875
97.31001281738281
97.94999694824219
99.71000671386719
98.83000183105469
97.66999816894531
96.75
99.12001037597656
98.57000732421875
99.5999984741211
96.77000427246094
101.35000610351563
100.16000366210938
99.90000915527344
99.61000061035156
98.45000457763672
97.68000793457031
99.0300064086914
99.8800048828125
99.30000305175781
98.06999969482422
97.64000701904297
98.23001098632813
97.8800048828125
99.3800048828125
98.79000854492188
98.0
98.20000457763672
98.82000732421875
98.57000732421875
100.44999694824219
98.29000854492188
98.89000701904297
98.1300048828125
98.67000579833984
97.45001220703125
98.98001098632813
98.77000427246094
98.74000549316406
98.89000701904297
99.55001068115234
98.56001281738281
101.85000610351563
98.79000854492188
99.99000549316406
100.56000518798828
100.29000091552734
99.92000579833984
101.06001281738281
99.99000549316406
99.7800064086914
100.40000915527344
101.0
98.59000396728516
100.81000518798828
99.87000274658203
101.62001037597656
101.11000061035156
101.2300033569336
101.11000061035156
101.74000549316406
100.80001068115234
100.62000274658203
99.75
100.1500015258789
99.48001098632813
98.71000671386719
100.25000762939453
100.76000213623047
99.99000549316406
101.54000091552734
101.83000183105469
101.22000885009766
103.1600112915039
103.55000305175781
102.83000946044922
104.18000030517578
103.15000915527344
103.57000732421875
104.00000762939453
102.75000762939453
102.29000091552734
102.4800033569336
103.58000946044922
103.0
99.72000122070313
100.83000183105469
101.45000457763672
98.87000274658203
101.95999908447266
103.63999938964844
101.68000030517578
100.29000091552734
99.1300048828125
99.61000061035156
100.36000061035156
99.50000762939453
98.27000427246094
100.1300048828125
100.65000915527344
100.44000244140625
100.89000701904297
99.2800064086914
100.33000946044922
99.50000762939453
99.07000732421875
98.62000274658203
98.30001068115234
100.05000305175781
98.1300048828125
98.05000305175781
99.33999633789063
101.09000396728516
102.30000305175781
101.72000885009766
101.58000946044922
102.66000366210938
102.31001281738281
101.69000244140625
100.89000701904297
100.9800033569336
101.92000579833984
102.35000610351563
100.68000793457031
101.34001159667969
101.010009765625
101.02000427246094
100.3800048828125
98.85000610351563
100.27000427246094
102.82000732421875
99.5999984741211
99.7800064086914
99.58000183105469
98.97000122070313
102.04000854492188
101.47000122070313
98.91000366210938
99.74000549316406
101.62001037597656
99.96000671386719
100.26000213623047
101.08000946044922
101.1300048828125
101.12000274658203
102.27000427246094
103.5
101.88999938964844
101.61000061035156
100.26000213623047
101.8600082397461
100.77999877929688
101.43000793457031
102.11000061035156
102.2800064086914
100.91000366210938
101.32000732421875
102.40000915527344
100.37001037597656
101.7300033569336
99.29000854492188
98.63999938964844
98.12000274658203
98.1300048828125
100.73001098632813
97.29000091552734
100.18000793457031
99.00000762939453
99.33999633789063
98.89000701904297
98.83000183105469
98.69000244140625
98.54000091552734
99.45999908447266
99.82000732421875
101.41000366210938
101.60000610351563
100.56000518798828
101.010009765625
102.20000457763672
101.66000366210938
102.62000274658203
102.42000579833984
101.8600082397461
101.25000762939453
102.85000610351563
99.84000396728516
101.46000671386719
101.15000915527344
103.20000457763672
100.76000213623047
99.75
101.80000305175781
101.37000274658203
99.00000762939453
100.84000396728516
102.32000732421875
100.91000366210938
101.07000732421875
100.58000183105469
101.44000244140625
100.77000427246094
99.08000946044922
101.8600082397461
100.9000015258789
100.60000610351563
101.7300033569336
97.64000701904297
98.8800048828125
99.31000518798828
99.15000915527344
98.60000610351563
100.49000549316406
100.510009765625
101.69999694824219
103.18000793457031
102.93000030517578
102.8800048828125
101.71000671386719
97.92000579833984
100.19000244140625
100.0
100.23001098632813
98.95000457763672
98.41000366210938
100.70999908447266
99.56000518798828
99.2300033569336
101.29000854492188
101.22000885009766
99.52000427246094
100.62000274658203
99.52999877929688
100.32000732421875
100.69000244140625
101.60000610351563
101.9100112915039
99.79000091552734
99.40000915527344
101.1300048828125
100.29000091552734
100.09001159667969
100.14000701904297
99.40000915527344
101.5300064086914
99.56000518798828
99.97000885009766
99.7800064086914
99.95001220703125
99.0300064086914
97.93000030517578
99.42000579833984
99.79000091552734
101.62001037597656
102.08000183105469
100.55000305175781
101.18000030517578
100.18000793457031
100.84000396728516
100.06000518798828
99.15000915527344
99.80000305175781
100.77000427246094
98.47000122070313
98.62000274658203
100.20000457763672
99.12001037597656
100.1300048828125
101.0
101.33000183105469
100.54000854492188
100.35000610351563
99.00000762939453
99.96000671386719
98.91999816894531
97.6100082397461
97.75000762939453
97.37000274658203
96.64000701904297
96.94000244140625
99.83000946044922
98.08000183105469
99.55001068115234
97.16999816894531
98.33000183105469
96.83000183105469
96.50000762939453
96.91000366210938
96.37000274658203
98.81000518798828
98.02000427246094
99.1300048828125
98.05000305175781
98.69000244140625
100.81000518798828
98.45000457763672
96.57000732421875
98.0
98.96000671386719
100.08000183105469
100.02000427246094
98.5300064086914
98.05000305175781
98.05000305175781
95.9000015258789
96.50000762939453
97.33000946044922
99.07000732421875
99.47000122070313
98.25000762939453
97.25
98.76000213623047
98.65000915527344
97.75000762939453
97.85000610351563
95.29000091552734
97.42000579833984
96.77000427246094
96.99000549316406
95.54000854492188
93.26000213623047
94.95001220703125
93.97000122070313
95.30000305175781
95.18000793457031
95.55000305175781
95.10000610351563
97.08000183105469
96.4000015258789
97.29000091552734
97.86000061035156
94.73999786376953
95.74000549316406
100.76000213623047
99.24000549316406
99.11000061035156
96.81000518798828
99.83000946044922
97.36000061035156
98.55000305175781
98.08999633789063
97.75000762939453
96.5300064086914
99.58000183105469
99.33999633789063
99.3600082397461
97.36000061035156
96.72000885009766
98.36000061035156
100.79000854492188
97.04000854492188
96.43000793457031
99.90000915527344
99.17000579833984
100.18000793457031
99.51000213623047
98.24000549316406
99.05000305175781
96.83000183105469
96.39000701904297
98.23001098632813
96.99000549316406
97.08000183105469
94.01000213623047
95.84000396728516
96.25
96.94000244140625
96.95000457763672
96.31000518798828
98.45000457763672
96.99000549316406
100.22000122070313
98.13999938964844
97.77000427246094
96.22000885009766
100.33000946044922
97.20000457763672
98.72000885009766
99.85000610351563
99.02000427246094
99.56000518798828
97.5
98.58000946044922
98.12000274658203
100.42000579833984
100.05000305175781
99.05000305175781
98.77000427246094
97.40000915527344
98.77000427246094
96.34001159667969
98.08999633789063
99.00000762939453
99.44000244140625
97.80000305175781
98.41999816894531
98.98001098632813
97.30000305175781
96.95000457763672
97.45001220703125
97.72000122070313
96.66000366210938
97.06000518798828
96.19000244140625
95.2800064086914
95.12000274658203
95.77000427246094
96.60000610351563
97.54000854492188
98.25000762939453
98.43000793457031
98.26000213623047
98.45000457763672
96.79000854492188
97.18000793457031
97.31001281738281
97.54000854492188
97.32000732421875
98.52000427246094
96.60000610351563
98.10000610351563
96.61000061035156
97.70000457763672
95.96000671386719
96.13999938964844
97.6500015258789
98.06999969482422
96.760009765625
97.6100082397461
96.48001098632813
97.5
97.05001068115234
96.12000274658203
99.40000915527344
98.7300033569336
97.08000183105469
98.72000885009766
96.3600082397461
97.30000305175781
98.4800033569336
99.38999938964844
98.94000244140625
100.07000732421875
99.74000549316406
98.010009765625
98.71000671386719
98.37001037597656
97.68000793457031
96.93000793457031
97.02999877929688
95.30000305175781
96.8600082397461
97.58000183105469
96.83999633789063
96.29000854492188
96.760009765625
99.83000946044922
97.30000305175781
98.84001159667969
98.5300064086914
100.84000396728516
99.2300033569336
101.32000732421875
99.02000427246094
97.96000671386719
96.58000183105469
98.06999969482422
95.42000579833984
95.52000427246094
97.80999755859375
97.07000732421875
99.4100112915039
96.87000274658203
99.09000396728516
98.77999877929688
98.45000457763672
97.96000671386719
99.7800064086914
100.32000732421875
100.67000579833984
101.37000274658203
99.760009765625
99.21000671386719
102.02999877929688
99.3800048828125
98.36000061035156
96.51000213623047
100.37001037597656
100.36000061035156
97.02999877929688
99.10000610351563
97.96000671386719
98.62000274658203
97.16000366210938
96.50000762939453
96.72000885009766
98.70001220703125
99.25
101.47000122070313
101.74000549316406
100.30000305175781
99.81001281738281
98.44001007080078
101.43000793457031
100.39000701904297
101.04000091552734
101.62001037597656
103.06000518798828
101.17000579833984
99.97000885009766
98.91000366210938
99.55001068115234
101.97000122070313
100.99000549316406
103.010009765625
99.91000366210938
98.05000305175781
99.45000457763672
98.91999816894531
97.97000885009766
101.35000610351563
99.09000396728516
100.94001007080078
98.46000671386719
98.32000732421875
98.91000366210938
99.2300033569336
98.26000213623047
98.3499984741211
99.17000579833984
100.9000015258789
98.56001281738281
101.2300033569336
101.55000305175781
101.39000701904297
101.37000274658203
99.90000915527344
100.62000274658203
98.79000854492188
100.93000793457031
101.10000610351563
100.21000671386719
100.07000732421875
99.59000396728516
100.5
99.260009765625
100.1300048828125
98.61000061035156
98.7300033569336
98.1300048828125
99.08000946044922
99.12001037597656
97.07000732421875
97.33000946044922
97.8800048828125
98.10000610351563
98.17000579833984
100.36000061035156
97.41000366210938
96.95000457763672
96.7800064086914
97.66000366210938
98.96000671386719
97.52999877929688
98.81000518798828
100.52000427246094
98.6300048828125
99.760009765625
99.30000305175781
98.61000061035156
99.97000885009766
99.69001007080078
99.44000244140625
97.56000518798828
97.80999755859375
101.3800048828125
98.9000015258789
100.19000244140625
99.45999908447266
98.56001281738281
99.31000518798828
100.3800048828125
99.49000549316406
98.94000244140625
99.22000885009766
98.4800033569336
101.24000549316406
101.39000701904297
100.77999877929688
101.16000366210938
102.21000671386719
101.92000579833984
103.18000793457031
105.3800048828125
103.24000549316406
100.65000915527344
101.21000671386719
101.29000854492188
101.07000732421875
101.45000457763672
101.27999877929688
101.60000610351563
100.63999938964844
104.58000183105469
101.8600082397461
100.93000793457031
100.02999877929688
99.55001068115234
98.79000854492188
101.37000274658203
100.63999938964844
101.99000549316406
101.21000671386719
102.08000183105469
102.260009765625
100.62000274658203
101.05000305175781
101.46000671386719
100.510009765625
99.79000091552734
100.80001068115234
101.95999908447266
100.65000915527344
100.25000762939453
102.34000396728516
102.82000732421875
100.70999908447266
101.66000366210938
101.64000701904297
101.83999633789063
103.25000762939453
100.8800048828125
101.6300048828125
100.81000518798828
100.3800048828125
100.30000305175781
99.62001037597656
98.65000915527344
98.510009765625
98.55000305175781
98.95000457763672
98.94000244140625
98.15000915527344
100.09001159667969
97.4800033569336
98.25000762939453
99.8800048828125
97.96000671386719
99.50000762939453
100.02999877929688
99.01000213623047
101.32000732421875
100.09001159667969
102.06000518798828
99.71000671386719
100.14000701904297
97.96000671386719
98.85000610351563
96.98001098632813
98.79000854492188
98.08000183105469
99.0300064086914
97.6300048828125
99.44000244140625
98.45000457763672
98.27999877929688
100.06000518798828
98.08000183105469
98.32000732421875
98.3800048828125
96.3600082397461
97.66999816894531
99.09000396728516
99.81001281738281
101.6300048828125
100.30999755859375
100.6100082397461
102.2300033569336
102.1500015258789
101.13999938964844
98.96000671386719
99.14000701904297
99.57000732421875
100.46000671386719
100.06000518798828
98.59000396728516
97.56000518798828
97.4800033569336
98.06000518798828
99.50000762939453
100.06000518798828
100.9000015258789
100.25000762939453
100.62000274658203
102.07000732421875
100.58000183105469
101.41000366210938
99.1300048828125
100.37001037597656
99.88999938964844
98.36000061035156
98.89000701904297
99.47000122070313
98.7300033569336
98.75
96.77000427246094
98.13999938964844
96.79000854492188
99.82000732421875
100.44000244140625
101.24000549316406
98.12000274658203
98.77999877929688
99.05999755859375
98.41000366210938
98.37001037597656
100.16999816894531
99.22000885009766
99.64000701904297
101.27000427246094
100.77000427246094
99.92000579833984
100.47000885009766
99.48001098632813
98.0300064086914
99.64000701904297
97.99000549316406
98.4800033569336
98.52000427246094
99.72000122070313
99.84000396728516
98.24000549316406
97.0999984741211
100.4800033569336
100.01000213623047
100.6300048828125
100.34000396728516
99.9800033569336
99.81001281738281
99.15000915527344
100.05000305175781
98.23001098632813
100.30000305175781
98.37001037597656
97.52000427246094
97.45001220703125
98.26000213623047
98.77999877929688
98.4800033569336
97.2300033569336
99.93000030517578
100.6100082397461
