96.22000885009766
95.26000213623047
98.34000396728516
96.95000457763672
96.88999938964844
98.70001220703125
98.36000061035156
97.64000701904297
96.22000885009766
96.83999633789063
98.19000244140625
97.16000366210938
97.37000274658203
98.82000732421875
99.50000762939453
98.97000122070313
98.15000915527344
96.1300048828125
97.4800033569336
97.24000549316406
98.23001098632813
96.10000610351563
95.33000183105469
94.09000396728516
96.69000244140625
94.19999694824219
93.6300048828125
93.68000030517578
93.75
97.16000366210938
97.24000549316406
97.43000030517578
97.1300048828125
96.41000366210938
96.65000915527344
97.06000518798828
95.44000244140625
97.32000732421875
97.06000518798828
96.30000305175781
95.81000518798828
94.7800064086914
94.92000579833984
96.83999633789063
93.43000793457031
94.35000610351563
92.64000701904297
94.05999755859375
97.34000396728516
97.45001220703125
96.54000091552734
97.44000244140625
97.14000701904297
94.07000732421875
95.41000366210938
95.91999816894531
99.38999938964844
97.38999938964844
95.10000610351563
96.0300064086914
94.5999984741211
93.36000061035156
95.44999694824219
97.66000366210938
98.0
98.70001220703125
95.12000274658203
97.2800064086914
96.67000579833984
96.64000701904297
93.54000091552734
95.41000366210938
96.09000396728516
95.12000274658203
93.80000305175781
92.72000122070313
94.5999984741211
94.94000244140625
92.94000244140625
93.5
94.12001037597656
92.43000030517578
93.16000366210938
94.12001037597656
93.61000061035156
94.68000793457031
94.16000366210938
93.70001220703125
92.46000671386719
94.25
94.27000427246094
93.61000061035156
94.33000183105469
92.60000610351563
92.97000885009766
91.8800048828125
90.72000122070313
91.66000366210938
94.29000854492188
92.66000366210938
93.56001281738281
94.84000396728516
91.7300033569336
91.92000579833984
91.48001098632813
92.73001098632813
93.30001068115234
94.49000549316406
93.59000396728516
93.58000946044922
94.42000579833984
93.71000671386719
93.29000854492188
93.52000427246094
94.19999694824219
92.52000427246094
90.93000793457031
91.67000579833984
93.57000732421875
93.66000366210938
94.44000244140625
94.52000427246094
93.16000366210938
94.31000518798828
95.8800048828125
97.47000885009766
93.13999938964844
94.68000793457031
95.30000305175781
94.2800064086914
94.760009765625
95.87001037597656
95.86000061035156
97.6100082397461
97.20000457763672
96.90000915527344
98.70001220703125
96.41999816894531
97.0999984741211
98.80000305175781
97.51000213623047
96.15000915527344
95.8800048828125
95.41000366210938
94.0300064086914
93.05000305175781
94.92000579833984
97.30000305175781
96.60000610351563
95.66000366210938
95.6300048828125
95.14000701904297
94.90000915527344
94.66999816894531
95.08000183105469
94.51000213623047
93.68000030517578
93.61000061035156
96.54000091552734
96.17000579833984
96.44000244140625
98.27999877929688
97.01000213623047
96.69999694824219
98.79000854492188
98.15000915527344
96.16000366210938
97.0999984741211
98.25000762939453
98.3800048828125
97.34000396728516
97.14000701904297
96.77000427246094
95.6300048828125
96.64000701904297
97.35000610351563
95.39000701904297
97.1500015258789
95.42000579833984
97.30000305175781
97.73001098632813
97.34000396728516
96.24000549316406
96.95000457763672
97.43000030517578
95.56000518798828
96.59000396728516
98.1100082397461
96.34001159667969
95.84000396728516
95.16999816894531
94.16000366210938
94.66000366210938
96.29000854492188
94.71000671386719
94.52000427246094
94.71000671386719
96.10000610351563
95.1300048828125
94.58000183105469
94.83000946044922
96.51000213623047
94.90000915527344
97.18000793457031
95.68000793457031
95.69000244140625
93.75
96.90000915527344
94.10000610351563
92.62000274658203
94.19000244140625
95.1100082397461
95.44999694824219
93.3499984741211
92.93000030517578
94.33999633789063
95.01000213623047
93.33000183105469
94.71000671386719
94.05999755859375
94.80000305175781
95.510009765625
94.49000549316406
96.6300048828125
96.22000885009766
95.73001098632813
95.30000305175781
94.92000579833984
97.34000396728516
95.02000427246094
94.41000366210938
95.66000366210938
94.66000366210938
95.70999908447266
94.260009765625
94.5999984741211
94.7800064086914
94.31000518798828
94.19000244140625
93.85000610351563
93.80000305175781
95.55000305175781
93.77999877929688
92.27000427246094
93.05000305175781
92.35000610351563
93.36000061035156
94.43000793457031
94.59000396728516
92.66999816894531
93.46000671386719
95.70000457763672
96.64000701904297
95.30000305175781
95.24000549316406
95.60000610351563
94.91000366210938
93.56001281738281
94.17000579833984
93.5
92.71000671386719
94.07000732421875
94.6300048828125
94.01000213623047
92.97000885009766
92.21000671386719
94.2800064086914
95.97000122070313
94.44000244140625
93.58000946044922
95.27000427246094
95.9800033569336
93.3499984741211
94.45000457763672
93.13999938964844
95.70999908447266
96.41000366210938
95.52000427246094
95.07000732421875
94.10000610351563
93.96000671386719
94.22000885009766
91.79000854492188
90.3800048828125
92.45001220703125
93.7300033569336
94.43000793457031
93.3800048828125
94.31000518798828
92.94999694824219
93.8800048828125
94.66999816894531
93.32000732421875
94.02000427246094
93.59000396728516
94.56000518798828
95.08000183105469
95.43000030517578
95.09001159667969
95.02999877929688
95.60000610351563
96.52000427246094
96.44000244140625
95.74000549316406
96.5300064086914
98.71000671386719
95.44999694824219
98.010009765625
98.39000701904297
95.65000915527344
96.87000274658203
99.19000244140625
95.70999908447266
96.58000183105469
95.9800033569336
97.1500015258789
95.34000396728516
95.87001037597656
95.95000457763672
96.33000183105469
96.20001220703125
96.30000305175781
98.12000274658203
96.5300064086914
97.25
99.31000518798828
96.02000427246094
94.86000061035156
97.05001068115234
97.07000732421875
97.5
97.7800064086914
97.49000549316406
93.5
96.54000091552734
97.42000579833984
98.95000457763672
99.66999816894531
97.58000183105469
96.64000701904297
97.260009765625
96.99000549316406
95.66000366210938
96.21000671386719
96.24000549316406
96.24000549316406
97.09000396728516
97.86000061035156
98.98001098632813
95.77000427246094
97.71000671386719
95.87001037597656
96.81000518798828
94.66999816894531
94.24000549316406
95.5
94.61000061035156
92.75000762939453
93.79000854492188
93.99000549316406
92.260009765625
93.59000396728516
94.56000518798828
96.67000579833984
95.70000457763672
96.31000518798828
97.43000030517578
97.38999938964844
97.30000305175781
97.66000366210938
97.43000030517578
98.12000274658203
96.44000244140625
95.1100082397461
95.65000915527344
94.62001037597656
95.35000610351563
96.19000244140625
95.77999877929688
95.27000427246094
97.5
96.67000579833984
96.45000457763672
96.66000366210938
94.14000701904297
92.08000183105469
90.72999572753906
91.31999969482422
89.80000305175781
91.31999969482422
90.91000366210938
90.41000366210938
92.58000183105469
90.97000122070313
90.18000793457031
90.49000549316406
91.57000732421875
90.05000305175781
90.1100082397461
92.79000091552734
92.2300033569336
93.56001281738281
92.25
91.37000274658203
91.81999969482422
91.0300064086914
92.02000427246094
92.49000549316406
92.59001159667969
91.41999816894531
90.55000305175781
92.21000671386719
91.79000854492188
91.25
92.22000122070313
91.29000854492188
90.510009765625
90.69000244140625
89.85000610351563
90.12000274658203
89.82000732421875
90.54000854492188
88.45000457763672
91.45000457763672
92.04000854492188
91.67000579833984
93.15000915527344
93.4000015258789
93.76000213623047
94.96000671386719
94.04000091552734
92.21000671386719
93.10000610351563
91.72000885009766
90.9000015258789
90.72999572753906
92.99000549316406
93.29000854492188
89.80000305175781
89.47999572753906
90.83000183105469
91.54000091552734
89.02000427246094
92.21000671386719
91.04000091552734
90.23001098632813
91.31000518798828
91.4000015258789
92.08000183105469
89.86000061035156
90.05000305175781
91.5300064086914
91.3600082397461
91.06001281738281
89.9800033569336
90.5300064086914
90.24000549316406
90.4000015258789
88.77000427246094
90.56999969482422
90.26000213623047
89.72000122070313
90.6100082397461
91.0
91.05000305175781
89.82000732421875
91.51000213623047
90.82000732421875
89.73999786376953
89.45999908447266
88.3499984741211
89.85000610351563
88.81999969482422
89.50000762939453
90.67000579833984
90.04000854492188
89.87000274658203
89.05000305175781
91.26000213623047
88.79000854492188
92.83000183105469
90.93000793457031
91.98001098632813
90.75000762939453
92.4800033569336
92.02999877929688
93.9000015258789
91.68000030517578
90.5
91.11000061035156
91.39000701904297
89.80000305175781
92.85000610351563
91.55000305175781
91.1300048828125
91.59000396728516
93.32000732421875
92.62000274658203
92.04000854492188
90.91999816894531
91.69000244140625
88.91000366210938
88.58000946044922
90.6100082397461
90.55000305175781
91.91000366210938
91.77000427246094
91.41999816894531
89.93000030517578
91.27999877929688
91.27000427246094
91.60000610351563
91.95999908447266
92.14000701904297
91.62001037597656
91.19000244140625
92.00000762939453
93.20000457763672
92.31001281738281
93.96000671386719
92.14000701904297
93.3800048828125
94.52999877929688
93.76000213623047
94.48001098632813
92.85000610351563
93.510009765625
92.18000793457031
93.06000518798828
93.61000061035156
93.43000793457031
94.22000885009766
91.95999908447266
93.47000122070313
92.58000183105469
92.02999877929688
90.68000793457031
90.5
91.81999969482422
92.56999969482422
93.510009765625
95.5300064086914
95.24000549316406
94.1300048828125
93.05000305175781
92.89000701904297
93.66000366210938
93.47000122070313
93.12000274658203
93.30001068115234
93.1100082397461
93.39000701904297
91.81999969482422
91.6500015258789
91.46000671386719
93.56001281738281
92.11000061035156
91.95000457763672
90.55000305175781
91.91000366210938
92.4800033569336
90.16999816894531
90.5300064086914
91.33000183105469
91.98001098632813
91.48001098632813
89.71000671386719
90.0
90.16999816894531
90.87001037597656
89.16000366210938
91.37000274658203
90.80001068115234
90.4800033569336
92.91000366210938
91.83999633789063
91.07000732421875
90.43000030517578
91.10000610351563
91.48001098632813
90.82000732421875
90.67000579833984
90.66000366210938
91.27000427246094
92.3800048828125
92.25
91.68000030517578
91.59000396728516
91.39000701904297
90.81000518798828
92.54000854492188
92.14000701904297
91.7300033569336
92.07000732421875
91.51000213623047
91.25
91.0
95.02999877929688
94.47000122070313
95.70999908447266
94.75
92.89000701904297
91.81999969482422
89.95001220703125
94.12001037597656
95.02000427246094
94.48001098632813
95.08000183105469
92.87001037597656
94.05000305175781
95.93000793457031
91.39000701904297
91.3600082397461
93.41000366210938
92.62000274658203
93.46000671386719
92.36000061035156
94.35000610351563
91.55999755859375
93.06000518798828
92.55000305175781
92.31001281738281
91.69000244140625
91.1300048828125
92.8800048828125
93.41000366210938
92.34000396728516
95.89000701904297
94.7800064086914
94.37000274658203
92.42000579833984
92.58000183105469
92.19001007080078
93.63999938964844
93.18000793457031
92.2300033569336
93.44001007080078
90.9800033569336
92.56999969482422
93.75
94.40000915527344
91.30000305175781
94.37000274658203
94.19999694824219
93.79000854492188
94.66999816894531
94.48001098632813
93.34000396728516
92.38999938964844
93.77999877929688
92.83000183105469
93.41000366210938
92.62000274658203
92.35000610351563
95.14000701904297
92.83000183105469
93.36000061035156
93.48999786376953
92.2300033569336
91.67000579833984
93.36000061035156
92.35000610351563
91.25
91.69000244140625
90.96000671386719
89.77000427246094
91.98001098632813
91.30000305175781
90.84000396728516
89.58000183105469
91.4000015258789
89.86000061035156
91.80000305175781
90.30000305175781
91.6300048828125
90.96000671386719
90.69000244140625
90.22000122070313
90.44999694824219
89.85000610351563
89.81001281738281
88.45000457763672
91.11000061035156
90.58999633789063
92.30000305175781
93.79000854492188
94.59000396728516
94.50000762939453
93.15000915527344
94.7800064086914
93.08000183105469
93.81000518798828
92.29000091552734
90.72999572753906
91.31000518798828
91.48001098632813
88.75
88.71000671386719
91.06001281738281
93.44001007080078
93.510009765625
92.94000244140625
91.48001098632813
91.66000366210938
92.12001037597656
92.33000946044922
91.99000549316406
92.29000091552734
92.80999755859375
91.57000732421875
92.09000396728516
90.77999877929688
91.18000030517578
92.84000396728516
93.39000701904297
92.69000244140625
92.19001007080078
92.47000885009766
92.64000701904297
92.83000183105469
93.27999877929688
92.91000366210938
92.12001037597656
90.87001037597656
90.6100082397461
91.66000366210938
89.14000701904297
91.12000274658203
90.9000015258789
90.41000366210938
91.41000366210938
91.79000854492188
91.59000396728516
93.20999908447266
91.58000183105469
90.12000274658203
91.0
90.4000015258789
92.02999877929688
90.72999572753906
91.93000793457031
90.43000030517578
90.58000183105469
90.86000061035156
91.7800064086914
89.51000213623047
89.93000030517578
90.24000549316406
89.91000366210938
88.77999877929688
88.7300033569336
91.94000244140625
89.91000366210938
89.19999694824219
88.08999633789063
90.49000549316406
90.19000244140625
91.48001098632813
88.67000579833984
92.16000366210938
91.5300064086914
91.74000549316406
91.37000274658203
90.91000366210938
90.22000122070313
91.49000549316406
91.99000549316406
91.62001037597656
89.69001007080078
89.25
90.29000091552734
90.56000518798828
91.6500015258789
91.13999938964844
89.38999938964844
89.84000396728516
90.54000854492188
90.39000701904297
92.19001007080078
90.24000549316406
90.20000457763672
90.12000274658203
90.74000549316406
88.9000015258789
91.18000030517578
90.25000762939453
90.58999633789063
90.8800048828125
92.08000183105469
90.96000671386719
93.0300064086914
90.56000518798828
91.41000366210938
91.06001281738281
92.14000701904297
91.6300048828125
92.40000915527344
92.64000701904297
92.2800064086914
92.20000457763672
92.90000915527344
90.9000015258789
91.81999969482422
92.45001220703125
92.72000122070313
92.56999969482422
92.36000061035156
91.72000885009766
92.70000457763672
92.6100082397461
93.22000122070313
92.73001098632813
92.1300048828125
91.49000549316406
91.50000762939453
93.18000793457031
93.41000366210938
92.74000549316406
94.22000885009766
93.76000213623047
92.85000610351563
95.36000061035156
95.05000305175781
94.82000732421875
95.72000122070313
95.2800064086914
95.97000122070313
95.56999969482422
93.58000946044922
93.39000701904297
93.6300048828125
94.14000701904297
93.6300048828125
91.59000396728516
91.88999938964844
91.74000549316406
89.64000701904297
92.38999938964844
93.79000854492188
91.95999908447266
91.13999938964844
89.52000427246094
91.08000946044922
92.43000030517578
90.65000915527344
90.75000762939453
91.69000244140625
92.8800048828125
91.35000610351563
92.79000091552734
91.91000366210938
91.7300033569336
91.83000183105469
89.73999786376953
89.58000183105469
90.65000915527344
90.55000305175781
90.6100082397461
89.86000061035156
90.96000671386719
91.58000183105469
93.24000549316406
93.06999969482422
92.84000396728516
93.94000244140625
92.49000549316406
92.68000793457031
93.08999633789063
92.30000305175781
92.7800064086914
93.61000061035156
92.49000549316406
92.02999877929688
92.90000915527344
92.25
91.17000579833984
90.69000244140625
91.02000427246094
93.24000549316406
90.2800064086914
90.96000671386719
91.06001281738281
90.8499984741211
92.68000793457031
92.7800064086914
89.80000305175781
90.27000427246094
92.20000457763672
90.97000122070313
91.16000366210938
91.52000427246094
92.02999877929688
92.23999786376953
92.84000396728516
94.00000762939453
92.27000427246094
91.95000457763672
91.60000610351563
91.97000122070313
91.2300033569336
91.99000549316406
92.86000061035156
92.86000061035156
92.07000732421875
91.54000091552734
92.64000701904297
90.49000549316406
92.58000183105469
90.06999969482422
89.42000579833984
88.26000213623047
89.3600082397461
91.44000244140625
89.49000549316406
91.31999969482422
90.65000915527344
90.39000701904297
90.18000793457031
91.58000183105469
88.60000610351563
89.5999984741211
89.80000305175781
90.80001068115234
91.61000061035156
92.07000732421875
91.7800064086914
92.80000305175781
93.84001159667969
91.71000671386719
93.13999938964844
93.08000183105469
92.21000671386719
92.89000701904297
93.46000671386719
91.07000732421875
92.70000457763672
92.52000427246094
95.47000885009766
92.6300048828125
91.27000427246094
93.7300033569336
92.79000091552734
89.91000366210938
93.27999877929688
93.95000457763672
91.81999969482422
91.95999908447266
92.41000366210938
91.66000366210938
91.35000610351563
90.30000305175781
92.16999816894531
91.58000183105469
92.29000091552734
92.42000579833984
88.24000549316406
90.69000244140625
91.1300048828125
91.71000671386719
90.89000701904297
91.34001159667969
90.8800048828125
92.02000427246094
93.29000854492188
92.85000610351563
92.68000793457031
92.18000793457031
88.95000457763672
90.86000061035156
91.09000396728516
90.86000061035156
89.33999633789063
89.47000122070313
91.49000549316406
90.47000885009766
90.25000762939453
91.51000213623047
91.57000732421875
91.04000091552734
91.50000762939453
90.1500015258789
91.45000457763672
92.25
93.48999786376953
92.44000244140625
91.13999938964844
90.67000579833984
91.7800064086914
91.16000366210938
92.05001068115234
92.2800064086914
90.74000549316406
92.38999938964844
91.31999969482422
91.0300064086914
91.58000183105469
90.87001037597656
88.77999877929688
88.91000366210938
91.17000579833984
91.02000427246094
92.54000854492188
92.25
90.32000732421875
92.18000793457031
91.15000915527344
91.72000885009766
90.56999969482422
90.69000244140625
90.83000183105469
90.8800048828125
89.260009765625
89.10000610351563
90.16000366210938
89.86000061035156
91.3600082397461
92.52000427246094
91.95000457763672
91.760009765625
90.8800048828125
90.66000366210938
90.91000366210938
90.76000213623047
89.30000305175781
88.70001220703125
88.66000366210938
88.16000366210938
88.3800048828125
89.57000732421875
88.08000183105469
90.58000183105469
87.72000122070313
88.52000427246094
88.0300064086914
86.50000762939453
87.09000396728516
87.49000549316406
88.83000183105469
89.22000885009766
89.19000244140625
88.89000701904297
89.70000457763672
90.98999786376953
89.35000610351563
88.04000854492188
89.58000183105469
89.29000854492188
91.16000366210938
90.510009765625
88.47000122070313
88.12000274658203
88.84001159667969
86.20001220703125
86.85000610351563
87.68000793457031
89.66999816894531
89.37000274658203
87.89000701904297
86.77000427246094
88.85000610351563
89.68000793457031
87.91000366210938
88.70001220703125
85.91999816894531
88.1100082397461
87.72000122070313
88.20000457763672
87.16999816894531
84.95001220703125
86.67000579833984
84.75
86.51000213623047
86.94000244140625
86.11000061035156
85.75000762939453
87.79000091552734
87.12001037597656
87.52999877929688
88.4800033569336
85.80001068115234
87.34000396728516
92.33000946044922
89.86000061035156
90.65000915527344
88.20999908447266
90.79000854492188
88.77999877929688
89.47000122070313
89.66999816894531
88.87000274658203
88.36000061035156
91.31999969482422
89.6300048828125
90.12000274658203
88.29000854492188
87.89000701904297
89.79000091552734
92.37000274658203
87.54000854492188
88.06999969482422
90.39000701904297
89.68000793457031
91.010009765625
90.65000915527344
88.80000305175781
89.37000274658203
88.59000396728516
87.5
88.16000366210938
87.72000122070313
87.72000122070313
84.47999572753906
86.13999938964844
86.760009765625
87.20000457763672
87.19001007080078
87.02999877929688
87.91000366210938
87.58000183105469
91.19000244140625
89.08000183105469
88.55000305175781
87.84000396728516
90.89000701904297
88.47000122070313
89.47000122070313
91.47000122070313
90.4800033569336
90.06000518798828
88.52000427246094
89.31000518798828
89.1300048828125
89.62001037597656
91.12000274658203
90.27000427246094
88.27999877929688
88.22999572753906
88.77999877929688
86.83000183105469
89.50000762939453
89.47999572753906
88.3800048828125
88.31000518798828
89.61000061035156
89.85000610351563
88.1300048828125
88.52000427246094
88.99000549316406
87.80000305175781
88.26000213623047
87.25
87.25
86.0300064086914
87.05001068115234
86.69999694824219
87.34000396728516
87.18000793457031
88.62000274658203
88.29000854492188
89.19999694824219
89.54000854492188
88.43000793457031
88.08000183105469
88.87000274658203
88.81000518798828
89.71000671386719
91.44000244140625
90.09001159667969
91.50000762939453
91.3800048828125
93.26000213623047
91.51000213623047
91.43000793457031
92.91000366210938
93.81000518798828
92.76000213623047
94.5999984741211
92.44000244140625
94.43000793457031
94.33000183105469
92.82000732421875
95.77999877929688
94.49000549316406
92.55000305175781
94.81001281738281
92.69000244140625
93.67000579833984
95.4800033569336
95.49000549316406
95.36000061035156
94.79000091552734
96.0300064086914
93.13999938964844
93.33000183105469
93.24000549316406
91.7300033569336
90.46000671386719
89.95001220703125
88.7300033569336
89.94000244140625
90.68000793457031
89.87000274658203
89.50000762939453
90.10000610351563
92.74000549316406
91.6300048828125
91.85000610351563
91.31000518798828
93.0
92.05001068115234
94.50000762939453
92.44000244140625
90.95000457763672
88.99000549316406
89.86000061035156
88.84001159667969
88.98001098632813
90.60000610351563
89.61000061035156
92.40000915527344
89.97000885009766
90.9800033569336
90.63999938964844
89.77000427246094
88.39000701904297
91.85000610351563
93.75
93.59000396728516
93.19000244140625
90.68000793457031
89.80000305175781
92.66000366210938
90.63999938964844
89.21000671386719
87.51000213623047
91.13999938964844
90.60000610351563
88.4000015258789
89.52999877929688
88.61000061035156
89.96000671386719
87.96000671386719
88.46000671386719
89.41000366210938
90.80001068115234
91.13999938964844
92.0999984741211
92.74000549316406
93.54000091552734
91.37000274658203
90.6300048828125
94.24000549316406
92.42000579833984
92.97000885009766
93.54000091552734
94.93000030517578
93.33000183105469
92.31001281738281
90.67000579833984
91.57000732421875
91.64000701904297
90.65000915527344
93.08999633789063
90.47000885009766
88.4000015258789
91.11000061035156
88.45000457763672
88.93000793457031
91.59000396728516
89.33999633789063
90.86000061035156
88.84001159667969
89.31000518798828
89.260009765625
90.20000457763672
88.47000122070313
88.8800048828125
90.55000305175781
91.58000183105469
89.5999984741211
92.21000671386719
92.16000366210938
91.79000854492188
92.09000396728516
90.80001068115234
91.26000213623047
89.77000427246094
91.15000915527344
91.55000305175781
90.96000671386719
90.12000274658203
90.44000244140625
90.72999572753906
89.52000427246094
90.0
88.81999969482422
89.55001068115234
88.52000427246094
89.42000579833984
89.79000091552734
88.12000274658203
88.54000091552734
87.49000549316406
89.5999984741211
90.16000366210938
91.69000244140625
88.61000061035156
87.52999877929688
87.01000213623047
87.89000701904297
89.51000213623047
88.0300064086914
89.17000579833984
90.49000549316406
89.59000396728516
90.24000549316406
89.5999984741211
89.31999969482422
90.70999908447266
90.22000122070313
90.05000305175781
88.69000244140625
91.06001281738281
93.68000030517578
91.88999938964844
92.87001037597656
92.51000213623047
91.91000366210938
92.64000701904297
92.94999694824219
92.66999816894531
92.08000183105469
92.04000854492188
92.0999984741211
94.61000061035156
94.38999938964844
93.79000854492188
95.09001159667969
96.26000213623047
94.85000610351563
95.40000915527344
96.92000579833984
95.34000396728516
94.02000427246094
94.16000366210938
93.52000427246094
93.83000183105469
94.25
93.96000671386719
93.93000793457031
92.96000671386719
96.02000427246094
94.21000671386719
93.34000396728516
93.010009765625
92.77000427246094
91.55999755859375
93.87000274658203
93.57000732421875
93.93000793457031
93.63999938964844
94.62001037597656
95.44999694824219
93.15000915527344
94.05000305175781
93.76000213623047
93.29000854492188
93.010009765625
93.93000793457031
94.99000549316406
93.77999877929688
93.02000427246094
94.48001098632813
94.9800033569336
94.14000701904297
94.19999694824219
94.61000061035156
94.16000366210938
96.10000610351563
93.87000274658203
94.7800064086914
93.71000671386719
93.4800033569336
93.68000030517578
93.29000854492188
92.42000579833984
92.01000213623047
91.37000274658203
92.09000396728516
92.4800033569336
90.74000549316406
91.90000915527344
91.05000305175781
90.75000762939453
93.12000274658203
91.4000015258789
92.43000030517578
92.72000122070313
90.68000793457031
93.32000732421875
92.29000091552734
93.81999969482422
91.97000122070313
92.66000366210938
90.75000762939453
92.00000762939453
89.30000305175781
91.44000244140625
90.42000579833984
91.49000549316406
90.39000701904297
91.1300048828125
90.60000610351563
89.55001068115234
91.83999633789063
90.62000274658203
91.1300048828125
91.4000015258789
89.1300048828125
88.77999877929688
90.54000854492188
91.79000854492188
94.61000061035156
92.71000671386719
92.83000183105469
93.77999877929688
93.29000854492188
93.27999877929688
90.39000701904297
91.760009765625
92.1500015258789
92.77000427246094
91.69000244140625
90.1500015258789
89.51000213623047
89.7300033569336
90.1300048828125
92.55000305175781
91.81000518798828
93.1300048828125
91.13999938964844
92.68000793457031
93.1100082397461
91.75
91.95999908447266
90.09001159667969
91.19000244140625
90.76000213623047
89.07000732421875
89.86000061035156
89.41000366210938
88.5
89.50000762939453
87.34000396728516
89.07000732421875
88.08999633789063
90.91000366210938
91.50000762939453
92.0999984741211
89.1300048828125
88.27000427246094
89.5999984741211
88.99000549316406
89.16000366210938
91.0300064086914
89.9800033569336
89.8800048828125
92.01000213623047
91.12000274658203
91.39000701904297
91.3800048828125
90.06000518798828
89.31999969482422
89.8800048828125
88.010009765625
88.65000915527344
88.87000274658203
89.14000701904297
89.6500015258789
88.46000671386719
87.30000305175781
88.89000701904297
89.87000274658203
89.92000579833984
90.58999633789063
89.86000061035156
90.5
89.7300033569336
89.80000305175781
88.77999877929688
90.8499984741211
89.86000061035156
88.52000427246094
87.3800048828125
88.81000518798828
89.11000061035156
88.77000427246094
87.73001098632813
89.86000061035156
90.82000732421875
