99.40000915527344
99.45000457763672
100.69000244140625
98.27000427246094
98.23001098632813
100.46000671386719
101.58000946044922
101.2300033569336
101.2300033569336
100.27000427246094
102.12001037597656
102.04000854492188
100.4800033569336
100.5
100.68000793457031
102.87001037597656
100.54000854492188
98.6300048828125
97.9800033569336
98.55000305175781
99.99000549316406
98.0
97.8800048828125
96.41000366210938
99.16000366210938
97.06000518798828
98.5
98.39000701904297
97.31001281738281
99.52999877929688
99.09000396728516
100.79000854492188
100.12000274658203
101.67000579833984
101.55999755859375
98.85000610351563
99.48001098632813
101.18000030517578
99.80000305175781
99.68000793457031
99.35000610351563
98.59000396728516
96.77000427246094
99.68000793457031
95.77000427246094
97.54000854492188
95.84000396728516
95.77000427246094
98.0300064086914
98.43000793457031
97.2800064086914
100.10000610351563
98.7300033569336
97.09000396728516
97.8800048828125
98.98001098632813
102.12001037597656
99.94000244140625
97.9800033569336
102.16000366210938
98.70001220703125
99.17000579833984
101.16000366210938
102.89000701904297
103.26000213623047
102.12001037597656
98.91999816894531
101.81999969482422
98.75
99.77000427246094
97.11000061035156
98.54000091552734
100.43000030517578
99.42000579833984
101.06001281738281
100.510009765625
103.80000305175781
103.19000244140625
101.95000457763672
99.4100112915039
101.05000305175781
98.69000244140625
100.96000671386719
102.3800048828125
102.1300048828125
101.7800064086914
101.95999908447266
99.87000274658203
98.23001098632813
99.16000366210938
101.3600082397461
98.510009765625
98.89000701904297
97.18000793457031
96.60000610351563
96.77000427246094
94.71000671386719
95.25000762939453
97.77000427246094
96.64000701904297
95.93000793457031
98.59000396728516
94.83000946044922
96.15000915527344
96.83999633789063
97.25
99.30000305175781
100.76000213623047
100.86000061035156
99.48001098632813
100.82000732421875
99.97000885009766
98.91999816894531
100.4800033569336
100.73001098632813
99.40000915527344
98.3800048828125
98.55000305175781
100.47000885009766
99.760009765625
100.43000030517578
98.99000549316406
98.4000015258789
99.77000427246094
100.05000305175781
101.51000213623047
99.51000213623047
99.22000885009766
100.93000793457031
101.50000762939453
102.35000610351563
103.3800048828125
102.52000427246094
103.5300064086914
102.6500015258789
103.0300064086914
105.14000701904297
104.19000244140625
103.54000091552734
104.19000244140625
104.10000610351563
104.51000213623047
103.5300064086914
102.64000701904297
101.29000854492188
100.87001037597656
102.46000671386719
103.81000518798828
102.89000701904297
103.20999908447266
102.51000213623047
102.06000518798828
101.72000885009766
100.8800048828125
101.16000366210938
99.96000671386719
98.91999816894531
99.25
100.9000015258789
99.88999938964844
100.68000793457031
100.6600112915039
98.32000732421875
99.2300033569336
98.70001220703125
100.19000244140625
98.17000579833984
98.68000030517578
98.33000183105469
96.8800048828125
96.08000946044922
95.24000549316406
95.30000305175781
91.760009765625
95.30000305175781
94.52999877929688
92.83000183105469
94.79000091552734
95.2800064086914
95.32000732421875
96.17000579833984
96.21000671386719
94.96000671386719
94.82000732421875
97.3800048828125
94.72000122070313
94.55001068115234
96.41999816894531
95.79000854492188
95.20000457763672
95.52000427246094
93.70001220703125
94.64000701904297
97.20000457763672
94.7300033569336
94.88999938964844
96.07000732421875
96.62001037597656
95.70999908447266
94.72000122070313
96.760009765625
98.1600112915039
98.45000457763672
97.19001007080078
97.27000427246094
96.04000091552734
93.27000427246094
96.83000183105469
96.08000946044922
96.22000885009766
95.70999908447266
96.05000305175781
96.59000396728516
95.84000396728516
94.49000549316406
96.59000396728516
95.36000061035156
93.84001159667969
95.37001037597656
93.70001220703125
95.07000732421875
96.30000305175781
95.87001037597656
94.83000946044922
97.52000427246094
95.05000305175781
96.54000091552734
95.73001098632813
96.64000701904297
95.06000518798828
96.81000518798828
97.32000732421875
97.87001037597656
97.58000183105469
96.92000579833984
97.5
97.44000244140625
97.68000793457031
98.41999816894531
96.02000427246094
96.34001159667969
96.52000427246094
97.32000732421875
94.260009765625
96.66000366210938
94.85000610351563
96.94000244140625
97.51000213623047
98.4000015258789
96.34001159667969
96.09000396728516
98.17000579833984
97.4800033569336
96.21000671386719
96.12000274658203
96.34001159667969
96.15000915527344
94.77000427246094
96.55999755859375
95.91000366210938
93.96000671386719
95.20000457763672
95.73001098632813
94.70000457763672
93.18000793457031
93.96000671386719
95.39000701904297
97.56000518798828
96.57000732421875
96.13999938964844
97.38999938964844
96.87000274658203
95.70000457763672
95.93000793457031
93.0
94.50000762939453
95.60000610351563
97.22000122070313
95.07000732421875
95.1300048828125
95.67000579833984
94.5999984741211
92.97000885009766
91.07000732421875
92.86000061035156
95.10000610351563
94.52999877929688
94.07000732421875
95.74000549316406
94.49000549316406
93.66000366210938
96.22000885009766
92.33000946044922
95.510009765625
96.39000701904297
96.44000244140625
96.71000671386719
97.2300033569336
96.69999694824219
97.46000671386719
97.27000427246094
97.00000762939453
98.06000518798828
95.77000427246094
95.91999816894531
96.91000366210938
94.86000061035156
94.260009765625
95.99000549316406
95.74000549316406
95.02999877929688
96.16000366210938
94.2800064086914
95.91000366210938
96.16000366210938
94.75
94.2800064086914
95.16999816894531
96.18000030517578
97.73001098632813
97.22000122070313
96.99000549316406
99.19999694824219
97.6300048828125
98.39000701904297
99.88999938964844
98.05000305175781
96.1300048828125
96.74000549316406
98.0
97.14000701904297
95.9800033569336
96.37000274658203
95.19000244140625
96.760009765625
96.92000579833984
98.510009765625
96.3800048828125
97.29000091552734
96.55999755859375
97.7800064086914
95.70999908447266
97.01000213623047
98.39000701904297
97.72000122070313
96.51000213623047
95.58999633789063
96.35000610351563
96.91000366210938
94.08000183105469
96.59000396728516
97.41000366210938
97.19001007080078
96.30000305175781
95.30000305175781
96.48001098632813
95.16999816894531
95.14000701904297
95.94001007080078
95.8800048828125
93.77999877929688
96.20001220703125
96.69000244140625
98.1300048828125
94.31000518798828
95.58000183105469
97.92000579833984
97.0999984741211
97.40000915527344
97.52000427246094
98.3800048828125
98.45000457763672
97.14000701904297
97.84000396728516
95.58000183105469
96.24000549316406
97.04000854492188
96.8600082397461
98.55000305175781
98.1600112915039
98.37001037597656
99.4100112915039
99.2800064086914
98.8800048828125
97.99000549316406
98.47000122070313
97.22000122070313
96.85000610351563
95.41000366210938
97.71000671386719
97.43000030517578
96.54000091552734
98.75
96.08000946044922
97.37000274658203
100.10000610351563
97.01000213623047
96.44000244140625
96.87000274658203
99.19999694824219
98.33000183105469
98.6300048828125
97.76000213623047
97.92000579833984
97.31001281738281
96.41999816894531
97.02999877929688
96.71000671386719
98.37001037597656
96.71000671386719
95.91000366210938
98.77000427246094
96.92000579833984
98.010009765625
98.61000061035156
98.12000274658203
96.10000610351563
96.95000457763672
98.19000244140625
95.46000671386719
98.79000854492188
97.16999816894531
96.05000305175781
98.79000854492188
100.33000946044922
98.66000366210938
99.6500015258789
99.49000549316406
99.19000244140625
97.41000366210938
97.6500015258789
94.62001037597656
97.36000061035156
96.27000427246094
95.20000457763672
94.10000610351563
95.2800064086914
95.19000244140625
92.0999984741211
93.06999969482422
95.08000183105469
94.15000915527344
92.93000030517578
94.51000213623047
93.37001037597656
91.95000457763672
94.17000579833984
96.09000396728516
96.97000122070313
93.94000244140625
94.8800048828125
97.01000213623047
95.73001098632813
94.73999786376953
93.60000610351563
93.72000885009766
94.91000366210938
95.75000762939453
94.81001281738281
96.75
96.19000244140625
96.31000518798828
97.42000579833984
95.09001159667969
96.760009765625
94.7300033569336
95.76000213623047
96.21000671386719
96.49000549316406
95.91999816894531
96.21000671386719
97.92000579833984
96.72000885009766
96.80000305175781
98.18000793457031
98.1300048828125
97.69000244140625
97.56000518798828
97.92000579833984
97.05001068115234
99.69001007080078
97.16000366210938
98.60000610351563
99.51000213623047
99.97000885009766
98.83000183105469
100.12000274658203
99.52999877929688
97.22000122070313
98.36000061035156
96.07000732421875
96.05000305175781
98.97000122070313
97.60000610351563
97.80999755859375
99.21000671386719
99.48001098632813
97.90000915527344
98.82000732421875
98.06999969482422
97.32000732421875
96.3800048828125
97.96000671386719
98.63999938964844
98.5300064086914
98.55000305175781
99.6300048828125
98.54000091552734
96.83000183105469
98.08000183105469
97.60000610351563
98.45000457763672
99.22000885009766
98.3499984741211
98.12000274658203
96.07000732421875
94.82000732421875
97.260009765625
95.77000427246094
96.95999908447266
98.80000305175781
97.84000396728516
99.86000061035156
98.61000061035156
100.56000518798828
100.06000518798828
99.19999694824219
99.14000701904297
99.48001098632813
99.77000427246094
99.74000549316406
100.56999969482422
98.3800048828125
99.52000427246094
99.1300048828125
98.29000854492188
97.51000213623047
98.43000793457031
98.30001068115234
100.44999694824219
99.69001007080078
101.85000610351563
101.61000061035156
100.07000732421875
99.7800064086914
99.70000457763672
101.41999816894531
100.63999938964844
100.6100082397461
98.81000518798828
99.16000366210938
99.80000305175781
97.70000457763672
97.68000793457031
98.62000274658203
96.2300033569336
97.71000671386719
97.79000091552734
96.35000610351563
97.02000427246094
98.5300064086914
97.01000213623047
95.49000549316406
97.73001098632813
97.84000396728516
97.16999816894531
96.58000183105469
96.62001037597656
96.33000183105469
97.44000244140625
96.71000671386719
99.37000274658203
96.98001098632813
97.18000793457031
98.30001068115234
97.260009765625
96.49000549316406
96.61000061035156
95.74000549316406
97.70000457763672
96.44000244140625
98.06000518798828
97.3800048828125
96.90000915527344
97.1300048828125
98.06999969482422
98.1600112915039
97.6300048828125
96.98001098632813
95.55000305175781
97.91000366210938
97.37000274658203
97.96000671386719
99.38999938964844
96.83999633789063
97.25
96.49000549316406
101.20001220703125
98.60000610351563
98.66000366210938
98.22000122070313
98.29000854492188
97.06000518798828
95.68000793457031
96.09000396728516
98.1600112915039
100.35000610351563
99.05999755859375
98.23001098632813
98.8600082397461
99.11000061035156
96.92000579833984
97.66999816894531
99.81001281738281
100.14000701904297
100.25000762939453
99.99000549316406
100.6300048828125
97.64000701904297
99.94000244140625
97.5
96.34001159667969
99.05000305175781
96.81000518798828
98.66000366210938
98.57000732421875
98.37001037597656
100.44999694824219
101.10000610351563
99.44000244140625
99.91000366210938
101.47000122070313
101.1300048828125
99.22000885009766
99.19999694824219
99.74000549316406
100.0
98.10000610351563
98.17000579833984
100.93000793457031
99.62001037597656
97.2800064086914
100.40000915527344
102.18000793457031
99.70000457763672
99.02000427246094
99.66000366210938
101.95000457763672
98.94000244140625
98.8800048828125
99.77000427246094
99.38999938964844
96.91000366210938
96.98001098632813
97.82000732421875
95.91000366210938
96.41000366210938
97.02000427246094
97.02000427246094
95.49000549316406
98.58000946044922
98.6300048828125
94.54000854492188
97.2300033569336
96.21000671386719
94.62001037597656
96.25
95.07000732421875
94.14000701904297
94.11000061035156
93.41999816894531
92.05001068115234
93.79000854492188
92.07000732421875
94.7300033569336
93.89000701904297
92.6100082397461
92.59001159667969
93.99000549316406
92.31001281738281
93.94000244140625
94.45000457763672
95.67000579833984
93.27000427246094
93.66000366210938
94.95001220703125
95.42000579833984
95.99000549316406
96.51000213623047
99.29000854492188
96.3600082397461
97.60000610351563
95.80001068115234
96.41000366210938
94.59000396728516
95.6300048828125
92.70000457763672
93.1300048828125
95.20000457763672
96.05000305175781
98.32000732421875
99.16000366210938
98.12000274658203
97.83000183105469
97.58000183105469
98.02000427246094
98.08000183105469
98.4800033569336
99.30000305175781
97.47000885009766
96.92000579833984
96.8600082397461
94.88999938964844
95.65000915527344
96.43000793457031
95.66000366210938
95.09001159667969
95.46000671386719
97.94000244140625
96.04000091552734
97.66000366210938
97.06000518798828
97.46000671386719
94.68000793457031
96.08000946044922
96.77000427246094
95.62000274658203
97.00000762939453
96.57000732421875
96.47000122070313
95.58000183105469
96.54000091552734
96.4000015258789
97.38999938964844
96.31000518798828
95.16999816894531
95.76000213623047
96.69000244140625
96.41999816894531
95.69000244140625
98.56001281738281
96.34001159667969
98.80000305175781
99.08000946044922
99.04000091552734
96.7300033569336
97.24000549316406
97.83000183105469
97.58000183105469
94.42000579833984
95.56999969482422
96.18000030517578
95.09001159667969
93.67000579833984
93.41999816894531
93.77000427246094
94.18000030517578
94.3800048828125
92.94999694824219
97.33000946044922
95.63999938964844
94.75
94.31999969482422
95.69000244140625
93.97000122070313
95.73001098632813
95.91000366210938
96.55999755859375
94.43000793457031
95.44000244140625
96.17000579833984
94.77000427246094
95.10000610351563
95.3800048828125
92.99000549316406
95.0
96.0300064086914
95.36000061035156
99.16000366210938
96.39000701904297
94.80000305175781
96.010009765625
98.27999877929688
95.80001068115234
96.34001159667969
95.56999969482422
95.26000213623047
95.77000427246094
95.63999938964844
95.1500015258789
97.87001037597656
96.760009765625
95.6300048828125
96.20001220703125
94.90000915527344
95.69000244140625
95.40000915527344
96.0
97.62000274658203
95.34000396728516
98.8800048828125
96.69000244140625
98.22000122070313
98.60000610351563
97.34000396728516
98.54000091552734
99.42000579833984
98.4800033569336
99.40000915527344
97.16999816894531
97.92000579833984
95.97000122070313
98.69000244140625
96.02000427246094
95.02000427246094
95.73001098632813
98.24000549316406
95.32000732421875
96.760009765625
97.57000732421875
97.260009765625
99.38999938964844
98.55000305175781
99.3600082397461
98.20999908447266
99.92000579833984
99.2300033569336
98.29000854492188
95.27000427246094
96.760009765625
96.46000671386719
96.55999755859375
95.76000213623047
93.1100082397461
94.760009765625
93.85000610351563
92.87001037597656
95.86000061035156
97.47000885009766
97.85000610351563
96.1300048828125
94.42000579833984
95.1100082397461
94.66999816894531
93.17000579833984
93.5
95.40000915527344
95.35000610351563
94.01000213623047
93.70001220703125
93.77000427246094
95.70000457763672
96.55999755859375
93.77000427246094
94.760009765625
96.4000015258789
95.8800048828125
93.47000122070313
94.45999908447266
93.77999877929688
96.0300064086914
96.49000549316406
95.65000915527344
94.70000457763672
97.40000915527344
97.82000732421875
97.38999938964844
96.51000213623047
98.99000549316406
98.24000549316406
100.05000305175781
98.62000274658203
96.17000579833984
97.12001037597656
98.12000274658203
98.63999938964844
98.27999877929688
98.24000549316406
98.76000213623047
97.14000701904297
97.57000732421875
98.32000732421875
98.26000213623047
98.43000793457031
98.13999938964844
94.68000793457031
95.86000061035156
97.1500015258789
96.07000732421875
98.95000457763672
99.14000701904297
97.37000274658203
98.91000366210938
97.18000793457031
99.91000366210938
98.06999969482422
98.83000183105469
97.29000091552734
98.1100082397461
98.22000122070313
98.18000793457031
96.760009765625
97.16999816894531
97.84000396728516
95.02999877929688
96.43000793457031
94.37000274658203
96.30000305175781
93.57000732421875
94.6300048828125
93.55000305175781
94.33999633789063
97.32000732421875
93.16000366210938
95.91999816894531
98.67000579833984
97.94999694824219
96.08000946044922
94.86000061035156
92.86000061035156
94.260009765625
96.90000915527344
97.71000671386719
98.1600112915039
99.05999755859375
96.37000274658203
97.38999938964844
97.80000305175781
96.10000610351563
97.33000946044922
96.55999755859375
98.91999816894531
96.81000518798828
97.1500015258789
94.12001037597656
96.81999969482422
96.68000030517578
96.90000915527344
94.88999938964844
95.5
97.99000549316406
97.09000396728516
96.22000885009766
97.52000427246094
100.10000610351563
98.26000213623047
97.80999755859375
97.12001037597656
97.1500015258789
94.38999938964844
93.08000183105469
91.44000244140625
94.77000427246094
94.07000732421875
93.68000030517578
88.81999969482422
95.0
94.94000244140625
95.32000732421875
95.24000549316406
95.16000366210938
96.17000579833984
93.81999969482422
95.87001037597656
96.45000457763672
95.40000915527344
96.24000549316406
92.91000366210938
94.83000946044922
94.05000305175781
95.23001098632813
92.6300048828125
93.8600082397461
95.16000366210938
94.50000762939453
93.9000015258789
95.46000671386719
95.01000213623047
93.93000793457031
94.3800048828125
96.52000427246094
96.81999969482422
97.33000946044922
96.26000213623047
94.7300033569336
92.84000396728516
93.77000427246094
95.16999816894531
95.19000244140625
96.04000091552734
95.02000427246094
95.35000610351563
96.27000427246094
93.61000061035156
93.57000732421875
92.75000762939453
94.52999877929688
92.16999816894531
90.82000732421875
94.99000549316406
95.70999908447266
97.06000518798828
99.3600082397461
94.99000549316406
97.52999877929688
96.51000213623047
97.59001159667969
96.27999877929688
95.3800048828125
94.61000061035156
96.83999633789063
94.30000305175781
96.79000854492188
97.18000793457031
97.24000549316406
97.16999816894531
98.02000427246094
97.94000244140625
97.52000427246094
95.69000244140625
95.30000305175781
96.69000244140625
97.69000244140625
94.33999633789063
95.5
96.0300064086914
93.4000015258789
93.41999816894531
95.06000518798828
94.31999969482422
96.71000671386719
94.10000610351563
94.3600082397461
94.09000396728516
93.60000610351563
91.92000579833984
91.95000457763672
96.0300064086914
94.45000457763672
96.54000091552734
95.16000366210938
92.04000854492188
93.95000457763672
92.55000305175781
91.58000183105469
93.27000427246094
92.52000427246094
91.97000122070313
96.05000305175781
92.99000549316406
91.08000946044922
90.5300064086914
90.8800048828125
92.84000396728516
91.72000885009766
91.95999908447266
94.29000854492188
91.41999816894531
90.84000396728516
93.60000610351563
94.3600082397461
92.68000793457031
92.90000915527344
91.08000946044922
93.34000396728516
92.3800048828125
91.7300033569336
91.8600082397461
91.68000030517578
92.43000030517578
93.08999633789063
94.55001068115234
92.6100082397461
91.99000549316406
92.27000427246094
95.68000793457031
93.25000762939453
93.96000671386719
93.81999969482422
92.11000061035156
93.12000274658203
96.49000549316406
92.14000701904297
92.70000457763672
91.6500015258789
94.45000457763672
92.80999755859375
91.87000274658203
93.41000366210938
91.77000427246094
90.29000091552734
93.77999877929688
93.26000213623047
93.06999969482422
89.59000396728516
88.95000457763672
90.66000366210938
93.6300048828125
87.71000671386719
89.96000671386719
92.49000549316406
91.72000885009766
92.8800048828125
91.64000701904297
91.3600082397461
93.0
91.45000457763672
92.16000366210938
92.94000244140625
92.35000610351563
92.64000701904297
90.25000762939453
92.08000183105469
91.3800048828125
92.44000244140625
92.2800064086914
92.3800048828125
94.27000427246094
92.49000549316406
97.12001037597656
94.2800064086914
94.70000457763672
92.9800033569336
97.02999877929688
93.62000274658203
95.34000396728516
95.42000579833984
94.05000305175781
95.18000793457031
93.4000015258789
93.89000701904297
93.84001159667969
94.7800064086914
97.30000305175781
94.18000030517578
94.64000701904297
94.70000457763672
93.010009765625
92.52000427246094
95.44000244140625
94.66000366210938
94.2300033569336
94.58000183105469
94.93000030517578
95.02999877929688
92.84000396728516
94.12001037597656
94.41000366210938
94.51000213623047
93.41000366210938
94.02000427246094
92.71000671386719
94.11000061035156
94.43000793457031
92.37000274658203
93.06999969482422
93.06999969482422
93.30001068115234
94.05999755859375
94.0300064086914
94.41000366210938
94.19999694824219
94.00000762939453
93.8600082397461
94.16000366210938
91.81000518798828
95.89000701904297
94.33999633789063
95.16000366210938
95.34000396728516
95.65000915527344
94.27000427246094
94.24000549316406
95.89000701904297
98.19000244140625
96.21000671386719
97.16999816894531
96.02000427246094
95.27000427246094
95.73001098632813
94.86000061035156
98.15000915527344
96.44000244140625
94.38999938964844
96.35000610351563
96.41999816894531
96.22000885009766
99.04000091552734
96.99000549316406
97.4800033569336
97.69000244140625
97.93000030517578
98.3499984741211
97.31001281738281
96.13999938964844
96.81000518798828
96.02000427246094
95.08000183105469
93.05000305175781
93.93000793457031
94.70000457763672
94.260009765625
93.79000854492188
93.93000793457031
97.37000274658203
94.93000030517578
93.4800033569336
93.75
96.27000427246094
95.56000518798828
97.72000122070313
98.30001068115234
96.010009765625
94.50000762939453
95.54000854492188
93.85000610351563
93.08000183105469
94.07000732421875
94.73999786376953
97.47000885009766
95.23001098632813
96.98001098632813
96.83000183105469
98.95000457763672
97.71000671386719
99.35000610351563
99.17000579833984
99.81001281738281
98.87000274658203
97.20000457763672
96.31000518798828
99.64000701904297
97.57000732421875
95.02000427246094
92.08000183105469
95.6100082397461
95.39000701904297
89.66000366210938
91.13999938964844
91.51000213623047
93.22000122070313
91.66000366210938
92.02000427246094
92.44000244140625
94.70000457763672
94.33999633789063
93.22000122070313
95.60000610351563
96.39000701904297
95.46000671386719
95.91000366210938
98.82000732421875
96.010009765625
95.56999969482422
95.3800048828125
97.72000122070313
95.83000183105469
94.95001220703125
95.02000427246094
94.96000671386719
95.97000122070313
93.3800048828125
96.41000366210938
93.62000274658203
91.6300048828125
93.05000305175781
91.68000030517578
93.84001159667969
93.87000274658203
94.86000061035156
95.94001007080078
95.2800064086914
95.22000122070313
94.66000366210938
92.99000549316406
93.08000183105469
92.11000061035156
93.02000427246094
95.5300064086914
92.74000549316406
93.60000610351563
95.46000671386719
94.85000610351563
96.17000579833984
95.91000366210938
96.87000274658203
95.37001037597656
95.29000091552734
95.07000732421875
97.33000946044922
94.52999877929688
95.29000091552734
93.60000610351563
94.43000793457031
95.30000305175781
94.05000305175781
94.08000183105469
95.30000305175781
94.7300033569336
95.84000396728516
94.2300033569336
96.12000274658203
94.3800048828125
96.47000122070313
95.30999755859375
98.36000061035156
94.50000762939453
92.86000061035156
93.54000091552734
95.1100082397461
96.43000793457031
94.69001007080078
96.6300048828125
98.06999969482422
96.24000549316406
97.89000701904297
95.75000762939453
96.65000915527344
96.08000946044922
95.97000122070313
95.5
95.24000549316406
96.67000579833984
97.86000061035156
94.02000427246094
95.58999633789063
94.68000793457031
93.8600082397461
95.02000427246094
95.4800033569336
95.91000366210938
95.10000610351563
97.52999877929688
95.70000457763672
97.8800048828125
95.6300048828125
96.87000274658203
97.34000396728516
99.08000946044922
97.83000183105469
95.93000793457031
100.39000701904297
99.25
99.17000579833984
99.58000183105469
99.75
98.8800048828125
96.0
97.43000030517578
97.97000885009766
95.35000610351563
99.9800033569336
98.27999877929688
98.1100082397461
97.6100082397461
99.77000427246094
99.8800048828125
99.6300048828125
91.6500015258789
92.64000701904297
94.15000915527344
95.2800064086914
96.83999633789063
94.47000122070313
92.14000701904297
91.15000915527344
91.58000183105469
92.94999694824219
91.66000366210938
92.46000671386719
91.17000579833984
91.010009765625
92.02000427246094
91.760009765625
92.04000854492188
92.05001068115234
92.77000427246094
92.47000885009766
93.89000701904297
92.83000183105469
93.7300033569336
93.1300048828125
92.06000518798828
93.24000549316406
92.37000274658203
91.69000244140625
91.29000854492188
89.16000366210938
90.62000274658203
89.72000122070313
89.45999908447266
89.5999984741211
88.22999572753906
89.92000579833984
91.09000396728516
91.69000244140625
92.77000427246094
92.4800033569336
90.32000732421875
93.32000732421875
90.82000732421875
90.67000579833984
90.24000549316406
90.16000366210938
88.41000366210938
90.19000244140625
86.51000213623047
87.74000549316406
89.52000427246094
91.16000366210938
89.16000366210938
92.58000183105469
92.20000457763672
88.89000701904297
90.06000518798828
90.62000274658203
89.81001281738281
93.83000183105469
88.1100082397461
89.83000946044922
90.39000701904297
89.94000244140625
94.38999938964844
90.97000122070313
91.49000549316406
93.7300033569336
92.52000427246094
92.54000854492188
89.04000091552734
90.02000427246094
91.37000274658203
90.12000274658203
92.1300048828125
89.05000305175781
88.31000518798828
87.33000946044922
88.39000701904297
91.0
90.82000732421875
92.05001068115234
91.97000122070313
93.85000610351563
91.81999969482422
90.56999969482422
91.04000091552734
91.51000213623047
90.76000213623047
91.09000396728516
87.80999755859375
91.17000579833984
89.52000427246094
89.84000396728516
89.87000274658203
89.87000274658203
89.6300048828125
87.5
91.21000671386719
89.18000030517578
90.83000183105469
88.68000030517578
90.6100082397461
89.81001281738281
90.9800033569336
90.5
90.6100082397461
91.10000610351563
91.33000183105469
93.20999908447266
93.69000244140625
91.41000366210938
92.22000122070313
90.42000579833984
88.24000549316406
88.84001159667969
90.43000030517578
89.12001037597656
87.8800048828125
88.52000427246094
90.8499984741211
88.79000854492188
91.0
91.05000305175781
90.79000854492188
90.70000457763672
91.33000183105469
90.70000457763672
90.16999816894531
91.04000091552734
90.68000793457031
89.93000030517578
92.22000122070313
89.83000946044922
90.9000015258789
90.8800048828125
90.79000854492188
91.30000305175781
90.83000183105469
91.83000183105469
92.21000671386719
94.31000518798828
