107.70000457763672
107.57000732421875
108.25000762939453
107.60000610351563
108.31000518798828
109.74000549316406
108.55000305175781
107.9800033569336
107.27000427246094
107.42000579833984
107.6300048828125
108.30001068115234
110.07000732421875
109.51000213623047
111.32000732421875
111.37000274658203
111.0
110.77999877929688
112.14000701904297
109.64000701904297
109.47000122070313
107.77000427246094
108.80000305175781
107.260009765625
110.42000579833984
107.73001098632813
107.91000366210938
108.47000122070313
108.3800048828125
109.66000366210938
109.80000305175781
109.12001037597656
108.4800033569336
110.43000030517578
109.77000427246094
110.41000366210938
110.1100082397461
112.49000549316406
111.80000305175781
111.17000579833984
110.59001159667969
110.55000305175781
108.25000762939453
109.9800033569336
106.92000579833984
106.34001159667969
105.79000854492188
107.59001159667969
111.04000091552734
111.17000579833984
109.51000213623047
111.0300064086914
111.0300064086914
108.68000793457031
109.33000183105469
109.62001037597656
112.46000671386719
111.95999908447266
108.83000183105469
110.18000793457031
108.81000518798828
108.82000732421875
109.30000305175781
110.5300064086914
111.010009765625
111.20001220703125
107.99000549316406
111.37000274658203
110.06000518798828
110.30999755859375
107.40000915527344
108.83000183105469
110.39000701904297
110.93000793457031
109.86000061035156
109.47000122070313
110.70000457763672
110.510009765625
109.2300033569336
107.66999816894531
108.85000610351563
109.2800064086914
109.08000946044922
109.02000427246094
109.09000396728516
108.80000305175781
108.17000579833984
107.44000244140625
108.1600112915039
109.45999908447266
109.31999969482422
108.08000183105469
109.59000396728516
107.71000671386719
107.47000885009766
107.07000732421875
105.77999877929688
107.80999755859375
109.38999938964844
106.8800048828125
107.1500015258789
107.69000244140625
107.12001037597656
106.79000854492188
106.44000244140625
108.45000457763672
108.67000579833984
110.67000579833984
109.74000549316406
108.81000518798828
110.07000732421875
108.74000549316406
107.91000366210938
107.85000610351563
108.95000457763672
107.77000427246094
107.04000854492188
108.46000671386719
110.85000610351563
110.3800048828125
111.3600082397461
109.19000244140625
108.15000915527344
109.1300048828125
108.56001281738281
108.71000671386719
106.55000305175781
106.510009765625
108.22000122070313
108.8600082397461
108.55000305175781
107.72000122070313
108.08000183105469
108.61000061035156
108.13999938964844
109.52000427246094
109.22000885009766
108.81000518798828
108.20000457763672
108.68000793457031
109.14000701904297
110.12000274658203
108.65000915527344
108.82000732421875
109.86000061035156
107.57000732421875
109.04000091552734
110.42000579833984
109.97000885009766
109.54000854492188
108.98001098632813
108.72000885009766
108.55000305175781
107.9800033569336
107.27000427246094
107.8800048828125
108.10000610351563
107.66000366210938
109.42000579833984
107.52000427246094
109.49000549316406
109.88999938964844
108.68000793457031
108.08000183105469
109.34001159667969
109.04000091552734
108.34000396728516
109.14000701904297
108.17000579833984
107.94000244140625
107.34000396728516
108.52000427246094
107.94000244140625
106.81000518798828
109.52000427246094
107.4800033569336
108.08000183105469
108.55000305175781
106.61000061035156
108.68000793457031
108.97000122070313
108.1600112915039
109.2800064086914
109.60000610351563
110.81000518798828
107.94999694824219
108.10000610351563
111.12000274658203
108.83000183105469
109.83000946044922
110.30999755859375
107.30000305175781
108.4000015258789
109.86000061035156
108.84001159667969
109.88999938964844
109.9800033569336
109.60000610351563
109.94000244140625
109.16000366210938
109.17000579833984
111.22000885009766
109.97000885009766
112.66000366210938
111.39000701904297
111.43000793457031
110.18000793457031
111.37000274658203
109.40000915527344
108.41000366210938
107.9800033569336
109.77000427246094
109.61000061035156
108.59000396728516
109.25
110.5
110.84000396728516
111.09000396728516
110.6100082397461
110.32000732421875
110.37001037597656
110.77999877929688
108.69000244140625
109.6300048828125
108.72000885009766
108.45000457763672
109.27000427246094
108.0300064086914
109.31999969482422
108.13999938964844
107.7800064086914
108.5300064086914
108.510009765625
107.94000244140625
107.49000549316406
107.22000122070313
107.94000244140625
107.93000030517578
107.1500015258789
108.54000091552734
109.38999938964844
109.93000793457031
108.91000366210938
108.42001342773438
108.42001342773438
106.83000183105469
106.50000762939453
106.94000244140625
108.67000579833984
106.37000274658203
109.31999969482422
110.74000549316406
111.09000396728516
109.55001068115234
110.70999908447266
112.02999877929688
110.65000915527344
108.41000366210938
108.75000762939453
109.47000122070313
109.55001068115234
109.86000061035156
109.96000671386719
108.70001220703125
107.70000457763672
107.9800033569336
110.59001159667969
111.05000305175781
109.62001037597656
108.52000427246094
110.56000518798828
108.93000793457031
109.11000061035156
108.93000793457031
109.55001068115234
109.90000915527344
112.02000427246094
110.59001159667969
109.72000122070313
110.02999877929688
108.80000305175781
109.2800064086914
108.60000610351563
107.75000762939453
108.36000061035156
109.44000244140625
108.20999908447266
106.7300033569336
108.67000579833984
106.74000549316406
108.8800048828125
110.29000091552734
107.90000915527344
110.260009765625
108.56001281738281
109.19999694824219
110.07000732421875
109.3600082397461
107.51000213623047
108.1600112915039
108.59000396728516
108.46000671386719
108.9000015258789
109.3800048828125
109.2800064086914
111.30000305175781
108.43000793457031
109.760009765625
109.52000427246094
106.74000549316406
108.20000457763672
110.04000854492188
107.47000885009766
108.6300048828125
109.02000427246094
110.34000396728516
109.34001159667969
109.12001037597656
107.59001159667969
109.31000518798828
108.94000244140625
110.56999969482422
111.0
109.21000671386719
109.260009765625
110.87001037597656
109.47000122070313
109.760009765625
110.77000427246094
111.2300033569336
109.79000091552734
109.34001159667969
109.90000915527344
108.98001098632813
110.77999877929688
108.71000671386719
108.44001007080078
107.4800033569336
108.36000061035156
108.12000274658203
108.56001281738281
107.99000549316406
106.99000549316406
107.80999755859375
108.91999816894531
109.11000061035156
109.77000427246094
108.42001342773438
109.38999938964844
108.20000457763672
110.30999755859375
108.61000061035156
108.96000671386719
106.8800048828125
107.71000671386719
107.47000885009766
108.54000091552734
109.05999755859375
108.75000762939453
108.57000732421875
109.31999969482422
109.16000366210938
109.09000396728516
110.89000701904297
110.43000030517578
109.69001007080078
111.760009765625
110.8800048828125
110.5300064086914
111.4000015258789
111.3800048828125
111.08000946044922
111.07000732421875
109.16000366210938
109.18000030517578
110.42000579833984
110.6600112915039
111.92000579833984
110.34000396728516
109.24000549316406
110.5300064086914
109.71000671386719
110.46000671386719
110.44000244140625
110.35000610351563
109.93000793457031
109.09000396728516
108.44001007080078
108.1100082397461
108.3499984741211
107.3800048828125
107.92000579833984
107.90000915527344
106.54000091552734
107.59001159667969
109.38999938964844
109.22000885009766
108.05000305175781
107.80999755859375
109.52000427246094
109.75
109.82000732421875
110.47000885009766
109.24000549316406
107.87001037597656
109.010009765625
109.97000885009766
109.57000732421875
108.57000732421875
108.0300064086914
108.46000671386719
109.59000396728516
109.12001037597656
109.67001342773438
110.52001190185547
108.010009765625
108.02000427246094
107.42000579833984
106.59000396728516
108.1100082397461
106.83000183105469
106.74000549316406
106.93000793457031
108.52000427246094
107.82000732421875
107.19001007080078
108.61000061035156
107.64000701904297
109.62001037597656
110.54000854492188
110.83000183105469
107.75000762939453
109.02000427246094
109.64000701904297
109.19999694824219
108.89000701904297
111.0
111.19000244140625
109.33000183105469
110.44999694824219
111.67000579833984
111.65000915527344
108.29000854492188
110.2800064086914
108.84001159667969
108.55000305175781
110.62000274658203
110.47000885009766
110.92001342773438
107.41000366210938
107.85000610351563
110.10000610351563
109.45999908447266
106.49000549316406
107.31001281738281
108.36000061035156
108.55000305175781
108.76000213623047
108.17000579833984
107.89000701904297
107.07000732421875
109.14000701904297
109.31000518798828
109.49000549316406
109.72000122070313
108.12000274658203
109.80000305175781
109.010009765625
109.31999969482422
107.35000610351563
106.8600082397461
106.4000015258789
105.93000793457031
106.58000946044922
107.62000274658203
106.20001220703125
107.84000396728516
107.21000671386719
108.39000701904297
108.06000518798828
108.02000427246094
107.80000305175781
107.35000610351563
106.84001159667969
107.52000427246094
108.49000549316406
108.57000732421875
107.66000366210938
108.75000762939453
108.58000946044922
106.7800064086914
106.30000305175781
108.58000946044922
106.81999969482422
107.19001007080078
107.02999877929688
107.1500015258789
107.59001159667969
106.760009765625
105.9800033569336
106.760009765625
106.66000366210938
104.7300033569336
106.10000610351563
106.50000762939453
107.72000122070313
107.50000762939453
106.75
105.55000305175781
105.96000671386719
105.70999908447266
105.77999877929688
105.87001037597656
106.41999816894531
107.07000732421875
108.05000305175781
107.06000518798828
109.19000244140625
106.62001037597656
109.07000732421875
108.23001098632813
107.94000244140625
107.87001037597656
107.72000122070313
107.18000793457031
105.40000915527344
106.07000732421875
106.15000915527344
106.7800064086914
106.27000427246094
106.48001098632813
106.85000610351563
104.80000305175781
108.09001159667969
106.7800064086914
106.95999908447266
108.06000518798828
107.16000366210938
106.35000610351563
107.84000396728516
106.66000366210938
108.1600112915039
109.00000762939453
108.36000061035156
106.85000610351563
106.69000244140625
106.16000366210938
106.20001220703125
105.83000183105469
106.16000366210938
106.9100112915039
107.75000762939453
106.13999938964844
105.9000015258789
105.80001068115234
107.46000671386719
107.14000701904297
107.91000366210938
107.3800048828125
105.80001068115234
107.260009765625
105.74000549316406
105.37001037597656
106.20001220703125
106.75
107.94000244140625
107.66000366210938
108.44001007080078
107.47000885009766
108.81000518798828
106.94000244140625
109.05000305175781
106.95999908447266
107.25
107.79000091552734
108.12000274658203
107.74000549316406
108.19000244140625
107.49000549316406
107.75000762939453
106.7300033569336
108.62000274658203
108.15000915527344
108.71000671386719
107.96000671386719
106.99000549316406
107.2800064086914
107.19001007080078
107.38999938964844
107.29000091552734
108.77999877929688
107.50000762939453
107.80000305175781
107.86000061035156
108.4000015258789
106.49000549316406
106.5300064086914
108.41000366210938
107.43000793457031
107.66000366210938
107.14000701904297
107.45001220703125
106.55000305175781
106.60000610351563
108.56001281738281
110.95000457763672
110.22000122070313
111.54000091552734
109.19999694824219
110.85000610351563
109.44000244140625
107.02000427246094
109.19999694824219
110.19000244140625
109.18000030517578
107.46000671386719
107.94999694824219
109.760009765625
107.82000732421875
108.25000762939453
106.98001098632813
106.50000762939453
107.91000366210938
106.84001159667969
107.21000671386719
107.8800048828125
107.42000579833984
107.7800064086914
107.55000305175781
108.22000122070313
107.02000427246094
109.43000793457031
107.32000732421875
107.20000457763672
108.71000671386719
108.45000457763672
108.45000457763672
105.92001342773438
108.18000793457031
108.25000762939453
108.20999908447266
106.09000396728516
108.15000915527344
108.66000366210938
108.10000610351563
108.85000610351563
108.60000610351563
110.62000274658203
112.34000396728516
110.12000274658203
109.90000915527344
108.5
109.82000732421875
109.44000244140625
109.70000457763672
108.58000946044922
110.07000732421875
109.58000183105469
108.31000518798828
107.12001037597656
109.4100112915039
107.69000244140625
106.72000885009766
106.8600082397461
106.39000701904297
106.74000549316406
107.31001281738281
106.1300048828125
106.760009765625
106.510009765625
108.91000366210938
107.6300048828125
107.84000396728516
107.56000518798828
108.3499984741211
108.04000854492188
108.33000183105469
108.72000885009766
108.89000701904297
108.77000427246094
110.79000854492188
108.74000549316406
110.68000793457031
108.63999938964844
110.72000122070313
111.80000305175781
111.79000854492188
109.95001220703125
109.22000885009766
109.90000915527344
110.76000213623047
110.2800064086914
108.42001342773438
108.5300064086914
110.4800033569336
108.80000305175781
107.80000305175781
107.96000671386719
107.87001037597656
109.82000732421875
109.2800064086914
109.10000610351563
108.87000274658203
109.27000427246094
108.8600082397461
108.61000061035156
109.07000732421875
108.76000213623047
109.3600082397461
106.69999694824219
107.14000701904297
106.95000457763672
106.95999908447266
106.7800064086914
106.84001159667969
107.82000732421875
106.77000427246094
108.77000427246094
109.48001098632813
108.65000915527344
109.7300033569336
108.06999969482422
108.05000305175781
107.66000366210938
107.27000427246094
107.25
106.1300048828125
108.83000183105469
107.00000762939453
108.30001068115234
109.18000030517578
107.89000701904297
108.54000091552734
108.76000213623047
109.010009765625
107.260009765625
106.44000244140625
106.49000549316406
107.2300033569336
107.75000762939453
107.99000549316406
107.27000427246094
108.06999969482422
107.85000610351563
107.47000885009766
106.4000015258789
106.55999755859375
106.62001037597656
107.19001007080078
105.09001159667969
106.81999969482422
107.31001281738281
108.33000183105469
107.50000762939453
107.71000671386719
108.30001068115234
109.38999938964844
110.02000427246094
107.43000793457031
110.18000793457031
109.50000762939453
109.760009765625
108.77999877929688
107.40000915527344
106.94000244140625
108.70001220703125
109.1300048828125
109.92000579833984
108.09001159667969
108.25000762939453
109.4100112915039
109.90000915527344
109.64000701904297
109.91000366210938
106.57000732421875
107.79000091552734
108.3499984741211
108.31000518798828
108.97000122070313
109.2300033569336
107.18000793457031
108.18000793457031
107.94000244140625
105.40000915527344
109.3800048828125
108.22000122070313
108.46000671386719
108.63999938964844
107.18000793457031
108.67000579833984
109.18000030517578
107.49000549316406
107.37000274658203
107.24000549316406
107.30000305175781
107.6500015258789
108.31000518798828
107.75000762939453
108.06999969482422
108.15000915527344
108.31000518798828
107.42000579833984
106.85000610351563
107.40000915527344
108.05000305175781
106.95000457763672
107.44000244140625
104.7300033569336
106.69999694824219
105.96000671386719
109.3600082397461
106.37000274658203
107.52999877929688
105.99000549316406
106.60000610351563
107.8800048828125
108.24000549316406
107.08000183105469
107.6100082397461
106.8800048828125
106.37000274658203
107.760009765625
108.1100082397461
108.18000793457031
108.77999877929688
109.33000183105469
110.6600112915039
108.63999938964844
108.29000854492188
109.04000091552734
106.66000366210938
107.57000732421875
108.19000244140625
104.83000946044922
107.20000457763672
105.6300048828125
104.12001037597656
106.8600082397461
106.6300048828125
107.94999694824219
108.12000274658203
105.96000671386719
106.93000793457031
107.79000091552734
105.69000244140625
107.47000885009766
109.58000183105469
109.260009765625
107.51000213623047
108.18000793457031
107.32000732421875
107.52000427246094
107.9800033569336
106.9100112915039
107.6300048828125
107.43000793457031
108.76000213623047
107.2300033569336
107.04000854492188
106.90000915527344
106.77000427246094
108.7300033569336
107.8800048828125
107.54000854492188
109.07000732421875
107.92000579833984
108.18000793457031
109.15000915527344
107.71000671386719
107.760009765625
106.90000915527344
107.37000274658203
107.66000366210938
109.51000213623047
109.72000122070313
107.760009765625
106.74000549316406
106.97000122070313
109.42000579833984
107.21000671386719
107.1300048828125
106.54000091552734
107.07000732421875
108.31000518798828
108.42001342773438
106.35000610351563
107.27000427246094
108.52000427246094
107.18000793457031
106.34001159667969
106.52000427246094
107.12001037597656
107.68000793457031
106.21000671386719
110.00000762939453
108.15000915527344
107.85000610351563
108.24000549316406
108.6300048828125
106.12000274658203
107.25
107.31001281738281
108.15000915527344
108.09001159667969
108.05000305175781
108.77999877929688
107.09000396728516
108.7300033569336
106.46000671386719
107.45001220703125
105.20000457763672
105.68000793457031
107.04000854492188
105.80001068115234
106.74000549316406
106.06001281738281
106.26000213623047
106.80000305175781
106.22000885009766
106.0300064086914
106.5300064086914
105.84000396728516
106.46000671386719
107.80000305175781
107.42000579833984
106.48001098632813
106.60000610351563
106.27000427246094
105.97000122070313
108.46000671386719
105.93000793457031
106.09000396728516
105.4800033569336
106.55000305175781
106.25000762939453
105.20000457763672
105.16000366210938
107.01000213623047
105.58000183105469
105.00000762939453
107.43000793457031
106.0
106.32000732421875
106.18000030517578
107.80999755859375
106.54000091552734
107.33000946044922
106.47000122070313
105.8800048828125
106.81000518798828
105.8499984741211
106.65000915527344
105.9000015258789
107.31001281738281
108.23001098632813
104.6500015258789
106.99000549316406
107.05001068115234
107.45001220703125
108.58000946044922
107.08000183105469
107.64000701904297
105.67000579833984
106.46000671386719
107.85000610351563
109.9800033569336
108.8800048828125
104.19999694824219
107.3800048828125
105.73001098632813
105.35000610351563
105.33000946044922
105.05000305175781
104.18000030517578
104.7300033569336
102.99000549316406
103.87000274658203
104.35000610351563
103.58000946044922
102.40000915527344
98.96000671386719
101.68000030517578
101.4000015258789
101.99000549316406
101.41999816894531
103.18000793457031
100.6100082397461
103.71000671386719
102.16000366210938
104.10000610351563
103.39000701904297
101.02000427246094
101.10000610351563
101.83000183105469
100.96000671386719
101.48001098632813
101.61000061035156
100.06000518798828
99.38999938964844
100.67000579833984
100.93000793457031
103.3499984741211
103.10000610351563
98.65000915527344
99.79000091552734
99.31000518798828
99.77000427246094
99.16000366210938
98.04000854492188
99.86000061035156
99.0300064086914
98.45000457763672
97.96000671386719
99.57000732421875
98.49000549316406
99.12001037597656
98.66000366210938
99.5999984741211
101.64000701904297
102.84000396728516
101.54000091552734
100.30999755859375
99.01000213623047
98.66000366210938
97.87001037597656
97.64000701904297
97.66000366210938
99.83000946044922
99.37000274658203
99.31000518798828
98.04000854492188
98.0300064086914
98.29000854492188
98.46000671386719
97.46000671386719
98.91000366210938
98.5300064086914
98.8800048828125
98.77999877929688
98.89000701904297
99.45000457763672
100.04000854492188
99.19000244140625
99.69001007080078
98.54000091552734
99.24000549316406
100.6100082397461
100.0
100.14000701904297
98.85000610351563
98.75
98.47000122070313
97.5
97.45001220703125
98.57000732421875
99.8800048828125
99.9800033569336
99.68000793457031
100.5300064086914
100.44000244140625
99.84000396728516
101.41000366210938
100.86000061035156
98.5300064086914
98.57000732421875
100.01000213623047
99.3800048828125
99.4100112915039
97.46000671386719
96.62001037597656
96.55999755859375
99.05999755859375
98.3499984741211
99.72000122070313
97.75000762939453
98.8600082397461
98.15000915527344
98.47000122070313
99.3800048828125
97.31001281738281
98.37001037597656
103.84001159667969
101.19000244140625
101.27999877929688
100.2800064086914
100.29000091552734
99.35000610351563
100.3800048828125
101.95999908447266
98.68000030517578
98.46000671386719
102.90000915527344
103.24000549316406
101.83999633789063
99.66000366210938
98.75
98.61000061035156
100.510009765625
98.43000793457031
98.80000305175781
100.24000549316406
98.95000457763672
98.94000244140625
100.5
98.75
98.69000244140625
97.20000457763672
98.74000549316406
98.49000549316406
94.90000915527344
95.93000793457031
94.73999786376953
95.80001068115234
94.49000549316406
95.42000579833984
95.9800033569336
96.69999694824219
97.16000366210938
93.1100082397461
96.19000244140625
95.58999633789063
93.66000366210938
92.49000549316406
96.41000366210938
95.25000762939453
95.43000030517578
96.15000915527344
94.33000183105469
96.16000366210938
95.69000244140625
96.59000396728516
95.62000274658203
96.62001037597656
100.09001159667969
100.07000732421875
98.8800048828125
98.1600112915039
99.47000122070313
99.19999694824219
97.16000366210938
101.010009765625
97.37000274658203
97.85000610351563
97.9800033569336
96.92000579833984
96.75
96.13999938964844
97.52999877929688
96.99000549316406
96.06001281738281
97.62000274658203
96.22000885009766
95.16000366210938
96.90000915527344
96.16000366210938
97.74000549316406
97.66000366210938
99.07000732421875
99.16000366210938
98.67000579833984
98.18000793457031
98.7300033569336
96.51000213623047
98.1300048828125
97.82000732421875
97.75000762939453
96.51000213623047
98.79000854492188
98.010009765625
99.58000183105469
98.94000244140625
98.80000305175781
98.54000091552734
99.7800064086914
99.92000579833984
100.16000366210938
99.37000274658203
98.27999877929688
100.36000061035156
101.49000549316406
100.26000213623047
100.91000366210938
99.56000518798828
99.49000549316406
100.34000396728516
96.37000274658203
99.07000732421875
100.30000305175781
100.30999755859375
98.510009765625
99.09000396728516
97.08000183105469
96.26000213623047
99.40000915527344
98.6300048828125
98.05000305175781
96.7800064086914
96.50000762939453
93.0
96.10000610351563
94.99000549316406
95.0
96.22000885009766
95.27000427246094
95.77000427246094
95.55000305175781
96.0
94.87000274658203
99.27000427246094
97.07000732421875
101.09000396728516
102.260009765625
101.46000671386719
101.94000244140625
101.72000885009766
99.19000244140625
98.06999969482422
101.69999694824219
99.35000610351563
102.52999877929688
101.48001098632813
101.52000427246094
100.77999877929688
100.06000518798828
99.93000030517578
99.7300033569336
101.65000915527344
101.65000915527344
102.21000671386719
102.19001007080078
102.2300033569336
101.64000701904297
99.7300033569336
98.010009765625
97.8800048828125
101.69000244140625
101.68000030517578
98.44001007080078
100.54000854492188
100.6300048828125
101.04000091552734
99.64000701904297
100.5
102.2300033569336
102.70000457763672
102.68000793457031
102.6300048828125
103.43000793457031
101.10000610351563
99.71000671386719
100.04000854492188
101.66000366210938
99.85000610351563
98.95000457763672
100.76000213623047
99.80000305175781
99.91000366210938
99.9800033569336
99.0300064086914
99.40000915527344
102.16000366210938
100.30000305175781
102.38999938964844
101.81000518798828
100.06000518798828
100.39000701904297
100.20000457763672
99.79000091552734
101.52000427246094
102.11000061035156
101.69999694824219
98.4800033569336
100.05000305175781
99.74000549316406
100.47000885009766
100.40000915527344
100.22000122070313
99.3800048828125
103.26000213623047
101.68000030517578
103.1600112915039
103.10000610351563
102.80999755859375
102.37000274658203
100.93000793457031
100.12000274658203
98.57000732421875
99.9800033569336
100.30999755859375
99.80000305175781
99.10000610351563
98.98001098632813
99.87000274658203
99.9800033569336
99.25
100.30000305175781
99.09000396728516
99.64000701904297
100.22000122070313
99.1300048828125
99.05000305175781
98.66000366210938
98.46000671386719
98.97000122070313
100.56999969482422
101.45000457763672
99.92000579833984
98.47000122070313
98.96000671386719
98.5300064086914
97.14000701904297
98.02000427246094
99.10000610351563
100.43000030517578
99.04000091552734
99.05999755859375
100.39000701904297
98.70001220703125
100.52000427246094
99.01000213623047
98.20999908447266
97.62000274658203
99.37000274658203
101.92000579833984
99.04000091552734
97.33000946044922
97.260009765625
96.95999908447266
97.90000915527344
98.66000366210938
98.39000701904297
97.70000457763672
96.8600082397461
97.92000579833984
97.1500015258789
98.99000549316406
99.37000274658203
99.51000213623047
99.33000183105469
99.74000549316406
100.1100082397461
100.68000793457031
98.60000610351563
96.010009765625
96.8800048828125
95.10000610351563
98.4000015258789
99.15000915527344
100.0
97.84000396728516
96.85000610351563
97.36000061035156
96.35000610351563
95.43000030517578
94.90000915527344
94.79000091552734
95.08000183105469
96.08000946044922
97.18000793457031
97.35000610351563
97.9800033569336
98.41000366210938
100.44999694824219
98.5300064086914
98.69000244140625
97.52999877929688
99.40000915527344
98.06000518798828
98.93000793457031
99.760009765625
100.63999938964844
99.84000396728516
98.94000244140625
100.16999816894531
98.5300064086914
97.76000213623047
98.37001037597656
98.24000549316406
98.6300048828125
99.05999755859375
98.62000274658203
98.67000579833984
97.08000183105469
98.23001098632813
97.91000366210938
97.9800033569336
98.5300064086914
96.71000671386719
97.52000427246094
98.06000518798828
97.30000305175781
98.06000518798828
95.94001007080078
96.59000396728516
99.08000946044922
98.91999816894531
96.60000610351563
98.33000183105469
97.29000091552734
99.35000610351563
97.59001159667969
98.98001098632813
98.15000915527344
97.38999938964844
96.48001098632813
95.93000793457031
96.5300064086914
97.6300048828125
98.32000732421875
98.29000854492188
96.52000427246094
98.10000610351563
95.8800048828125
97.96000671386719
96.12000274658203
96.39000701904297
96.97000122070313
99.08000946044922
95.56999969482422
95.77999877929688
96.46000671386719
95.9800033569336
97.72000122070313
97.55000305175781
98.19000244140625
99.90000915527344
99.66000366210938
99.16000366210938
97.05001068115234
96.27999877929688
97.2800064086914
98.06999969482422
99.77000427246094
98.82000732421875
99.71000671386719
98.3499984741211
99.69001007080078
99.02000427246094
100.34000396728516
100.54000854492188
100.55000305175781
99.7800064086914
99.33999633789063
99.45000457763672
99.3800048828125
97.90000915527344
100.52000427246094
98.13999938964844
97.76000213623047
97.47000885009766
98.66000366210938
97.44000244140625
97.83000183105469
97.80000305175781
99.6500015258789
98.58000946044922
99.7300033569336
100.94001007080078
101.08000946044922
99.43000793457031
98.95000457763672
99.31000518798828
98.93000793457031
99.04000091552734
100.09001159667969
99.93000030517578
100.18000793457031
102.35000610351563
102.41000366210938
100.9000015258789
101.69000244140625
99.68000793457031
100.30000305175781
100.01000213623047
98.82000732421875
99.47000122070313
98.41000366210938
100.58000183105469
101.15000915527344
100.46000671386719
98.91999816894531
99.66999816894531
99.92000579833984
99.760009765625
100.54000854492188
99.16000366210938
100.52000427246094
99.57000732421875
98.77000427246094
100.44999694824219
99.10000610351563
99.4100112915039
98.65000915527344
99.22000885009766
99.50000762939453
99.54000854492188
98.15000915527344
98.06999969482422
98.85000610351563
100.56999969482422
