95.14000701904297
95.40000915527344
96.21000671386719
94.93000030517578
94.52000427246094
96.90000915527344
97.6100082397461
97.42000579833984
97.6500015258789
96.61000061035156
98.3499984741211
98.10000610351563
97.30000305175781
97.33000946044922
97.3800048828125
98.87000274658203
97.260009765625
96.17000579833984
95.87001037597656
95.33000183105469
97.02999877929688
95.20000457763672
94.95001220703125
93.33000183105469
95.95000457763672
94.00000762939453
95.44999694824219
95.60000610351563
94.6500015258789
96.60000610351563
95.80001068115234
97.74000549316406
97.01000213623047
99.0300064086914
98.71000671386719
95.9000015258789
96.61000061035156
98.30001068115234
96.49000549316406
97.18000793457031
96.57000732421875
95.44999694824219
94.17000579833984
96.7300033569336
92.71000671386719
94.64000701904297
92.76000213623047
93.08999633789063
95.23001098632813
95.1300048828125
94.12001037597656
97.4800033569336
95.2800064086914
93.24000549316406
94.54000854492188
95.5300064086914
98.77999877929688
96.11000061035156
94.66000366210938
98.27000427246094
95.6100082397461
95.43000030517578
96.51000213623047
99.05999755859375
98.79000854492188
98.05000305175781
94.48001098632813
97.91000366210938
95.5
95.10000610351563
93.26000213623047
94.3600082397461
96.72000885009766
95.1300048828125
96.5300064086914
96.37000274658203
98.77000427246094
98.9000015258789
96.72000885009766
94.80000305175781
96.09000396728516
94.260009765625
96.74000549316406
97.41000366210938
97.57000732421875
96.92000579833984
96.85000610351563
95.1300048828125
94.04000091552734
94.10000610351563
93.15000915527344
92.06000518798828
92.21000671386719
89.92000579833984
89.94000244140625
89.99000549316406
89.84000396728516
90.18000793457031
91.07000732421875
89.09000396728516
88.93000793457031
90.1100082397461
87.73001098632813
88.83000183105469
88.57000732421875
88.81999969482422
90.30999755859375
92.83000183105469
91.57000732421875
90.43000030517578
93.10000610351563
92.2300033569336
89.79000091552734
91.18000030517578
93.29000854492188
91.69000244140625
91.17000579833984
89.05999755859375
91.79000854492188
91.64000701904297
91.5300064086914
90.56000518798828
90.8800048828125
91.71000671386719
92.94999694824219
94.04000091552734
91.31999969482422
90.46000671386719
92.34000396728516
92.27000427246094
91.88999938964844
92.18000793457031
92.02000427246094
93.59000396728516
91.58000183105469
92.59001159667969
94.04000091552734
93.08999633789063
93.39000701904297
93.36000061035156
93.41000366210938
93.47000122070313
92.6100082397461
92.07000732421875
90.1500015258789
89.96000671386719
91.58000183105469
92.69000244140625
92.71000671386719
93.13999938964844
91.92000579833984
90.9000015258789
90.22000122070313
89.05000305175781
90.52000427246094
89.43000793457031
88.63999938964844
87.75000762939453
89.87000274658203
88.63999938964844
89.58000183105469
90.32000732421875
89.81001281738281
90.1500015258789
90.58999633789063
91.6300048828125
92.2300033569336
90.6300048828125
89.71000671386719
89.68000793457031
89.45000457763672
88.25000762939453
89.83000946044922
87.3800048828125
88.18000793457031
88.10000610351563
86.97999572753906
87.51000213623047
86.97999572753906
87.02999877929688
88.05000305175781
87.52000427246094
87.92000579833984
87.68000793457031
90.20000457763672
87.36000061035156
88.31000518798828
90.22000122070313
88.67000579833984
87.5
88.4000015258789
86.45000457763672
86.69000244140625
88.55000305175781
87.37000274658203
87.07000732421875
87.47000885009766
87.97000885009766
87.91000366210938
86.45000457763672
88.17000579833984
89.73999786376953
90.25000762939453
88.95000457763672
88.18000793457031
89.42000579833984
86.95000457763672
89.0300064086914
89.08000183105469
87.96000671386719
89.2300033569336
88.45000457763672
88.70001220703125
88.22000122070313
87.0999984741211
88.55000305175781
86.35000610351563
86.31000518798828
87.60000610351563
85.4800033569336
86.81999969482422
87.22000122070313
87.1500015258789
87.16999816894531
88.54000091552734
87.01000213623047
87.89000701904297
87.43000030517578
88.0300064086914
86.17000579833984
88.13999938964844
87.83000183105469
88.24000549316406
88.13999938964844
87.62000274658203
87.80999755859375
88.98001098632813
88.29000854492188
88.77000427246094
88.1300048828125
87.85000610351563
87.36000061035156
88.20999908447266
85.63999938964844
87.30000305175781
85.80001068115234
87.99000549316406
88.84001159667969
89.08000183105469
86.6500015258789
86.77000427246094
88.95000457763672
88.08000183105469
88.13999938964844
87.47000885009766
88.37001037597656
87.86000061035156
86.97999572753906
87.2300033569336
87.35000610351563
84.59000396728516
85.5300064086914
87.74000549316406
86.17000579833984
86.05000305175781
85.77000427246094
87.04000854492188
88.85000610351563
87.2800064086914
87.46000671386719
88.70001220703125
88.20999908447266
87.35000610351563
87.2300033569336
84.96000671386719
86.83000183105469
88.77999877929688
88.18000793457031
87.47000885009766
86.22000885009766
87.69000244140625
86.35000610351563
85.2800064086914
84.47999572753906
86.19000244140625
87.72000122070313
88.37001037597656
86.24000549316406
89.7300033569336
87.05001068115234
87.12001037597656
88.510009765625
86.18000030517578
88.71000671386719
88.68000030517578
89.42000579833984
89.09000396728516
92.23999786376953
89.79000091552734
90.79000854492188
90.93000793457031
90.12000274658203
91.30000305175781
89.07000732421875
89.70000457763672
90.4000015258789
88.1300048828125
87.2800064086914
90.06999969482422
88.27000427246094
88.0300064086914
88.99000549316406
87.66000366210938
88.57000732421875
88.30001068115234
87.85000610351563
85.89000701904297
88.77999877929688
89.38999938964844
88.8600082397461
89.49000549316406
89.30000305175781
92.84000396728516
91.27999877929688
93.63999938964844
94.95001220703125
93.13999938964844
89.61000061035156
91.13999938964844
91.30000305175781
92.14000701904297
91.13999938964844
91.51000213623047
88.96000671386719
90.91000366210938
91.87000274658203
91.3800048828125
90.84000396728516
91.61000061035156
89.44000244140625
92.21000671386719
89.31000518798828
90.46000671386719
93.08000183105469
91.83999633789063
89.70000457763672
90.62000274658203
89.80000305175781
91.74000549316406
88.25000762939453
91.15000915527344
92.45001220703125
92.75000762939453
91.30000305175781
90.510009765625
92.4800033569336
90.91000366210938
90.54000854492188
91.43000793457031
90.93000793457031
90.41000366210938
91.46000671386719
93.02000427246094
93.81999969482422
88.77999877929688
88.97000122070313
92.4800033569336
90.67000579833984
92.07000732421875
90.34000396728516
91.30000305175781
91.94000244140625
91.31000518798828
90.36000061035156
88.91000366210938
88.60000610351563
89.88999938964844
89.86000061035156
90.87001037597656
90.5
91.41999816894531
91.71000671386719
91.06001281738281
91.83000183105469
90.5300064086914
91.0300064086914
88.76000213623047
88.67000579833984
87.11000061035156
89.24000549316406
89.0300064086914
88.36000061035156
91.31999969482422
89.04000091552734
89.9800033569336
91.60000610351563
88.91999816894531
88.10000610351563
89.58000183105469
90.46000671386719
91.2300033569336
90.82000732421875
89.47000122070313
90.97000122070313
89.01000213623047
88.55999755859375
89.7300033569336
90.20000457763672
91.50000762939453
88.95000457763672
89.85000610351563
91.50000762939453
91.49000549316406
89.44000244140625
90.58999633789063
90.3800048828125
88.41000366210938
89.92000579833984
90.08000183105469
89.09000396728516
91.57000732421875
89.62001037597656
88.77999877929688
89.68000793457031
91.27000427246094
89.54000854492188
91.11000061035156
90.16999816894531
91.45000457763672
88.34000396728516
90.30999755859375
85.84000396728516
90.02000427246094
89.64000701904297
87.16999816894531
85.83000183105469
88.1300048828125
88.3800048828125
86.49000549316406
86.7800064086914
86.99000549316406
87.66000366210938
84.6500015258789
87.33000946044922
87.56000518798828
85.56999969482422
87.76000213623047
88.61000061035156
90.75000762939453
87.85000610351563
86.92000579833984
90.30000305175781
89.47999572753906
90.26000213623047
87.79000091552734
88.76000213623047
88.12000274658203
90.46000671386719
89.27000427246094
91.04000091552734
90.09001159667969
90.16000366210938
91.09000396728516
89.25
90.47000885009766
89.24000549316406
89.37000274658203
89.43000793457031
90.05000305175781
89.10000610351563
90.93000793457031
89.72000122070313
89.72000122070313
90.22000122070313
90.97000122070313
90.44999694824219
89.72000122070313
88.84001159667969
91.3600082397461
89.55001068115234
92.14000701904297
90.1500015258789
93.02000427246094
93.66000366210938
95.75000762939453
91.760009765625
91.94000244140625
90.98999786376953
89.25
89.37000274658203
88.510009765625
87.94000244140625
91.4000015258789
90.84000396728516
91.04000091552734
90.72000122070313
90.80001068115234
90.47000885009766
90.86000061035156
90.19000244140625
90.1300048828125
89.09000396728516
89.12001037597656
91.3600082397461
90.24000549316406
91.05000305175781
92.29000091552734
91.26000213623047
88.3800048828125
89.83000946044922
90.46000671386719
92.25
91.0300064086914
91.80000305175781
92.96000671386719
88.65000915527344
88.60000610351563
90.18000793457031
89.49000549316406
90.55000305175781
92.6100082397461
92.46000671386719
92.0999984741211
93.0300064086914
94.47000122070313
93.20000457763672
91.75
92.37000274658203
92.51000213623047
92.93000030517578
92.1500015258789
93.20999908447266
91.06001281738281
91.8800048828125
90.5
92.21000671386719
90.97000122070313
91.35000610351563
90.56000518798828
93.55000305175781
91.99000549316406
94.760009765625
95.16000366210938
94.48001098632813
93.510009765625
94.17000579833984
92.6300048828125
94.04000091552734
93.89000701904297
92.260009765625
92.55000305175781
93.05000305175781
91.8600082397461
91.18000030517578
91.61000061035156
91.06001281738281
91.35000610351563
91.41999816894531
90.21000671386719
88.20999908447266
90.35000610351563
88.95000457763672
86.93000793457031
89.260009765625
88.81999969482422
90.35000610351563
88.96000671386719
89.27000427246094
89.40000915527344
90.16999816894531
88.91000366210938
91.31999969482422
88.37001037597656
88.77999877929688
90.83000183105469
89.43000793457031
89.0300064086914
88.5300064086914
87.66999816894531
89.61000061035156
88.8800048828125
90.25000762939453
90.08000183105469
89.08000183105469
89.5999984741211
90.54000854492188
89.7300033569336
89.66999816894531
89.90000915527344
88.8600082397461
90.6100082397461
90.06000518798828
90.5300064086914
91.15000915527344
88.72000885009766
90.02000427246094
88.79000854492188
92.92000579833984
90.46000671386719
91.45000457763672
91.91000366210938
90.72999572753906
89.7800064086914
88.75
89.31000518798828
91.19000244140625
92.41000366210938
91.34001159667969
90.49000549316406
91.5300064086914
92.02999877929688
89.24000549316406
90.18000793457031
92.43000030517578
91.79000854492188
92.72000122070313
91.35000610351563
93.0300064086914
90.41000366210938
92.04000854492188
89.52000427246094
88.41999816894531
90.44000244140625
87.9800033569336
90.65000915527344
90.16000366210938
90.0
92.46000671386719
92.6300048828125
91.97000122070313
91.80000305175781
93.8600082397461
92.83000183105469
91.12000274658203
91.29000854492188
91.8800048828125
92.44000244140625
91.15000915527344
90.80001068115234
93.16000366210938
92.07000732421875
90.10000610351563
91.66000366210938
94.02000427246094
91.08000946044922
90.27000427246094
91.51000213623047
92.1300048828125
91.17000579833984
90.94001007080078
91.94000244140625
91.31000518798828
90.65000915527344
89.42000579833984
90.94001007080078
89.47000122070313
90.49000549316406
89.73999786376953
89.3800048828125
87.40000915527344
89.70000457763672
91.20001220703125
86.92000579833984
90.4000015258789
88.05000305175781
87.43000030517578
88.65000915527344
87.14000701904297
86.81000518798828
87.05001068115234
87.30999755859375
85.05000305175781
87.18000793457031
85.4000015258789
88.33000183105469
87.23999786376953
86.62001037597656
86.62001037597656
87.04000854492188
86.8600082397461
88.47000122070313
87.87001037597656
88.06000518798828
86.45000457763672
87.21000671386719
89.18000030517578
89.54000854492188
88.91999816894531
89.33999633789063
92.3800048828125
89.94000244140625
91.02000427246094
89.2800064086914
88.3499984741211
87.01000213623047
89.30000305175781
85.91000366210938
86.99000549316406
88.39000701904297
89.6500015258789
91.74000549316406
92.23999786376953
91.07000732421875
91.44000244140625
90.75000762939453
91.10000610351563
91.5300064086914
91.95999908447266
92.01000213623047
90.81000518798828
90.6300048828125
90.09001159667969
87.92000579833984
88.96000671386719
89.38999938964844
89.01000213623047
87.96000671386719
89.38999938964844
91.3800048828125
89.04000091552734
90.62000274658203
90.47000885009766
89.81001281738281
88.29000854492188
88.85000610351563
89.44000244140625
87.56000518798828
90.510009765625
89.75
90.2800064086914
89.66000366210938
90.30999755859375
91.2300033569336
91.85000610351563
89.70000457763672
88.12000274658203
91.04000091552734
91.0
91.08000946044922
91.22000885009766
91.99000549316406
90.39000701904297
92.80999755859375
92.42000579833984
92.37000274658203
91.04000091552734
91.15000915527344
91.20001220703125
91.31999969482422
88.41000366210938
89.77000427246094
90.36000061035156
91.11000061035156
88.52000427246094
87.38999938964844
89.56000518798828
88.72000885009766
89.25
88.79000854492188
92.20000457763672
91.010009765625
91.47000122070313
90.58999633789063
89.69001007080078
88.81999969482422
90.58999633789063
90.62000274658203
90.56999969482422
89.91000366210938
90.91000366210938
91.57000732421875
89.27000427246094
89.81001281738281
88.39000701904297
87.14000701904297
89.45000457763672
93.44001007080078
92.52000427246094
93.25000762939453
91.20001220703125
90.10000610351563
91.58000183105469
94.24000549316406
90.79000854492188
93.27999877929688
91.99000549316406
90.74000549316406
91.02000427246094
91.010009765625
89.38999938964844
93.52000427246094
92.27000427246094
91.0300064086914
91.16000366210938
89.41000366210938
90.79000854492188
89.99000549316406
91.08000946044922
91.55999755859375
90.18000793457031
94.66999816894531
93.20999908447266
93.62000274658203
93.71000671386719
93.08000183105469
94.09000396728516
95.58000183105469
92.49000549316406
94.61000061035156
93.32000732421875
92.56000518798828
91.93000793457031
92.58000183105469
90.39000701904297
90.4000015258789
90.35000610351563
93.29000854492188
92.16000366210938
93.510009765625
90.1100082397461
90.39000701904297
93.36000061035156
91.50000762939453
92.0999984741211
92.1300048828125
91.52000427246094
92.260009765625
91.50000762939453
88.1300048828125
90.0
89.760009765625
90.02000427246094
89.01000213623047
86.64000701904297
87.59001159667969
87.2800064086914
86.58000183105469
88.6300048828125
90.83000183105469
90.08000183105469
88.05000305175781
86.66000366210938
88.1300048828125
88.52000427246094
86.22000885009766
86.59000396728516
87.75000762939453
88.77000427246094
88.30001068115234
87.09000396728516
86.83999633789063
88.13999938964844
89.11000061035156
87.5
87.14000701904297
88.46000671386719
88.02000427246094
86.19000244140625
87.29000091552734
86.71000671386719
87.59001159667969
88.76000213623047
88.39000701904297
88.8800048828125
91.07000732421875
90.09001159667969
89.31000518798828
88.93000793457031
90.01000213623047
90.49000549316406
91.46000671386719
90.75000762939453
88.48999786376953
89.38999938964844
90.26000213623047
91.15000915527344
89.59000396728516
90.43000030517578
91.4000015258789
88.99000549316406
89.94000244140625
90.58999633789063
90.04000854492188
91.37000274658203
91.4000015258789
87.80000305175781
88.71000671386719
90.01000213623047
88.81999969482422
91.02000427246094
91.75
90.60000610351563
90.81000518798828
89.40000915527344
92.06000518798828
90.32000732421875
90.58999633789063
89.6500015258789
90.1500015258789
90.36000061035156
89.96000671386719
89.19999694824219
89.19999694824219
89.40000915527344
87.8800048828125
89.80000305175781
87.1500015258789
88.70001220703125
87.07000732421875
87.04000854492188
86.02000427246094
88.5300064086914
90.24000549316406
85.41000366210938
89.54000854492188
92.00000762939453
90.72000122070313
90.23001098632813
89.14000701904297
87.56999969482422
87.93000030517578
89.94000244140625
92.04000854492188
92.66999816894531
93.74000549316406
91.69000244140625
91.06001281738281
90.75000762939453
89.43000793457031
89.27000427246094
88.47000122070313
90.44999694824219
89.41000366210938
91.35000610351563
87.6100082397461
90.27000427246094
88.59000396728516
90.23001098632813
87.93000030517578
87.7800064086914
89.96000671386719
89.1300048828125
87.89000701904297
89.87000274658203
92.38999938964844
90.93000793457031
89.88999938964844
88.93000793457031
91.22000885009766
89.1500015258789
86.81000518798828
88.27999877929688
89.35000610351563
89.62001037597656
87.40000915527344
86.13999938964844
88.32000732421875
90.1100082397461
89.50000762939453
88.3499984741211
89.35000610351563
91.09000396728516
88.81000518798828
91.27000427246094
91.81000518798828
91.45000457763672
91.43000793457031
88.3499984741211
90.70999908447266
88.34000396728516
90.47000885009766
87.3800048828125
89.31000518798828
89.58000183105469
87.6100082397461
87.55000305175781
88.05000305175781
88.77000427246094
87.42000579833984
87.21000671386719
87.7800064086914
87.43000030517578
91.15000915527344
89.2800064086914
88.79000854492188
87.07000732421875
87.08000183105469
88.76000213623047
87.58000183105469
89.45000457763672
89.7300033569336
88.72000885009766
91.77000427246094
87.9800033569336
88.02000427246094
86.20001220703125
88.98001098632813
86.29000854492188
83.8800048828125
88.43000793457031
88.72000885009766
89.66999816894531
91.59000396728516
86.3800048828125
89.41000366210938
88.89000701904297
90.4800033569336
89.47000122070313
87.86000061035156
87.84000396728516
89.1500015258789
86.97999572753906
90.29000091552734
90.06999969482422
89.57000732421875
89.58000183105469
91.05000305175781
91.2300033569336
91.22000885009766
89.6300048828125
89.01000213623047
88.98001098632813
90.24000549316406
88.44001007080078
88.4800033569336
88.3499984741211
85.30999755859375
86.43000793457031
87.46000671386719
89.37000274658203
90.49000549316406
88.06999969482422
87.37000274658203
86.26000213623047
87.18000793457031
86.95000457763672
85.04000854492188
90.68000793457031
90.67000579833984
92.33000946044922
91.15000915527344
88.45000457763672
88.9000015258789
87.66000366210938
86.33000183105469
89.1300048828125
84.84000396728516
87.62000274658203
91.55999755859375
88.37001037597656
84.51000213623047
86.02000427246094
84.19999694824219
85.39000701904297
85.72000122070313
87.05001068115234
90.05000305175781
87.0999984741211
85.97000122070313
89.1300048828125
89.1500015258789
88.15000915527344
87.74000549316406
85.44000244140625
88.41000366210938
87.5
86.64000701904297
86.58000183105469
86.05999755859375
87.08000183105469
87.66000366210938
89.1300048828125
87.2300033569336
86.80000305175781
87.04000854492188
90.14000701904297
87.94000244140625
88.46000671386719
89.95001220703125
86.61000061035156
88.98001098632813
91.57000732421875
87.66999816894531
88.45000457763672
86.75
87.25
84.50000762939453
86.27999877929688
85.94001007080078
87.08000183105469
85.05000305175781
89.75
87.27000427246094
89.05999755859375
86.760009765625
85.54000854492188
87.38999938964844
90.66000366210938
83.69000244140625
86.6300048828125
87.89000701904297
88.67000579833984
88.16000366210938
85.39000701904297
85.86000061035156
86.67000579833984
86.41999816894531
85.20000457763672
86.72000885009766
86.67000579833984
88.17000579833984
82.80000305175781
86.31000518798828
86.69999694824219
86.47000122070313
87.56999969482422
86.97999572753906
90.26000213623047
87.30000305175781
92.2300033569336
90.02000427246094
90.04000854492188
87.74000549316406
90.04000854492188
89.04000091552734
90.70000457763672
91.22000885009766
89.85000610351563
90.46000671386719
88.91999816894531
89.25
88.39000701904297
89.80000305175781
91.68000030517578
88.68000030517578
89.41000366210938
86.45000457763672
86.05999755859375
84.11000061035156
85.70000457763672
87.55000305175781
86.41999816894531
86.19000244140625
87.7800064086914
87.49000549316406
86.41999816894531
85.74000549316406
88.79000854492188
86.5300064086914
85.09001159667969
85.9800033569336
86.72000885009766
86.83999633789063
87.40000915527344
84.17000579833984
85.04000854492188
86.43000793457031
86.24000549316406
85.72999572753906
87.12001037597656
86.61000061035156
84.44000244140625
85.6100082397461
85.6100082397461
86.22000885009766
84.91000366210938
87.09000396728516
85.62000274658203
86.67000579833984
87.08000183105469
88.20999908447266
86.49000549316406
86.54000091552734
89.47000122070313
91.17000579833984
89.71000671386719
90.01000213623047
89.0300064086914
88.45000457763672
88.47000122070313
87.22000122070313
91.22000885009766
88.77000427246094
87.59001159667969
88.77000427246094
87.87001037597656
87.4800033569336
90.43000030517578
89.01000213623047
89.54000854492188
88.91000366210938
89.29000854492188
89.16000366210938
88.99000549316406
87.38999938964844
88.010009765625
87.82000732421875
86.45000457763672
84.47999572753906
85.86000061035156
86.88999938964844
85.19000244140625
86.11000061035156
85.68000793457031
88.99000549316406
86.05000305175781
85.56999969482422
86.97999572753906
87.91000366210938
87.2800064086914
89.62001037597656
88.54000091552734
86.44000244140625
86.30000305175781
86.97999572753906
86.0
84.30000305175781
85.9000015258789
84.47000122070313
88.97000122070313
86.29000854492188
87.91000366210938
87.69000244140625
88.06999969482422
88.47000122070313
90.04000854492188
90.29000091552734
91.06001281738281
89.30000305175781
88.75
87.7800064086914
89.87000274658203
89.00000762939453
85.76000213623047
84.16000366210938
87.94999694824219
87.2300033569336
81.79000854492188
84.41000366210938
83.52000427246094
84.760009765625
82.9000015258789
83.20999908447266
84.24000549316406
85.65000915527344
85.41000366210938
84.57000732421875
87.21000671386719
87.00000762939453
86.67000579833984
87.14000701904297
89.40000915527344
87.2800064086914
87.3800048828125
87.44000244140625
89.6300048828125
88.20000457763672
87.22000122070313
86.26000213623047
87.41000366210938
87.94000244140625
85.74000549316406
87.01000213623047
86.59000396728516
84.85000610351563
85.65000915527344
84.1500015258789
85.58999633789063
86.92000579833984
86.33000183105469
87.42000579833984
87.93000030517578
88.65000915527344
87.04000854492188
85.89000701904297
85.01000213623047
87.49000549316406
86.93000793457031
89.62001037597656
88.15000915527344
88.47000122070313
89.96000671386719
88.46000671386719
90.1500015258789
89.94000244140625
91.43000793457031
89.6300048828125
89.52000427246094
89.40000915527344
90.86000061035156
89.29000854492188
89.44000244140625
88.08999633789063
89.30000305175781
89.47000122070313
87.70000457763672
87.08000183105469
90.27000427246094
89.6300048828125
89.90000915527344
89.08000183105469
90.72000122070313
86.37000274658203
89.1300048828125
87.79000091552734
92.66000366210938
88.6300048828125
87.54000854492188
88.54000091552734
89.19999694824219
90.98999786376953
88.55000305175781
91.94000244140625
92.70000457763672
90.41000366210938
88.81999969482422
90.35000610351563
90.72000122070313
90.26000213623047
90.25000762939453
89.90000915527344
90.06000518798828
90.9800033569336
92.4800033569336
88.52000427246094
89.18000030517578
88.47000122070313
88.6300048828125
88.97000122070313
89.51000213623047
89.72000122070313
89.79000091552734
91.72000885009766
88.08999633789063
89.33000183105469
89.16000366210938
91.29000854492188
89.31000518798828
92.37000274658203
89.94000244140625
88.74000549316406
91.33000183105469
89.3800048828125
92.46000671386719
90.91999816894531
90.8800048828125
88.5300064086914
88.75
89.40000915527344
89.37000274658203
89.50000762939453
92.82000732421875
91.46000671386719
90.46000671386719
90.22000122070313
91.26000213623047
91.08000946044922
92.56999969482422
87.77000427246094
90.87001037597656
90.63999938964844
92.52000427246094
93.08000183105469
91.87000274658203
90.5300064086914
89.05000305175781
90.12000274658203
89.2800064086914
88.89000701904297
90.34000396728516
88.5
89.30000305175781
90.81000518798828
90.87001037597656
90.02999877929688
89.71000671386719
87.8800048828125
87.84000396728516
90.52000427246094
88.89000701904297
90.02000427246094
90.08000183105469
88.59000396728516
90.18000793457031
89.80000305175781
89.01000213623047
88.77000427246094
88.3800048828125
89.09000396728516
88.3499984741211
87.51000213623047
87.94999694824219
86.17000579833984
88.4800033569336
89.1300048828125
91.58000183105469
89.47000122070313
89.71000671386719
87.73001098632813
90.49000549316406
89.00000762939453
88.67000579833984
87.41000366210938
88.30001068115234
87.14000701904297
88.20999908447266
84.17000579833984
85.62000274658203
87.18000793457031
88.47000122070313
87.80000305175781
88.5
88.06000518798828
87.30999755859375
87.1300048828125
84.97000885009766
86.99000549316406
88.60000610351563
85.16000366210938
86.7300033569336
88.68000030517578
89.14000701904297
92.73001098632813
90.6300048828125
90.30999755859375
90.0
88.41000366210938
89.59000396728516
87.89000701904297
88.17000579833984
88.59000396728516
88.57000732421875
88.5300064086914
87.40000915527344
87.49000549316406
87.1500015258789
87.72000122070313
89.84000396728516
89.41000366210938
90.5
90.58999633789063
91.59000396728516
92.62000274658203
88.510009765625
88.66000366210938
88.1300048828125
87.79000091552734
87.44000244140625
87.4800033569336
88.510009765625
87.34000396728516
88.22000122070313
89.2300033569336
86.66000366210938
88.02000427246094
86.31999969482422
89.5999984741211
86.30000305175781
87.94000244140625
86.99000549316406
87.6500015258789
86.17000579833984
87.9800033569336
86.46000671386719
87.97000885009766
88.10000610351563
87.99000549316406
91.06001281738281
90.1500015258789
89.42000579833984
89.95001220703125
87.1500015258789
86.35000610351563
86.29000854492188
85.54000854492188
86.0
85.82000732421875
86.010009765625
87.87001037597656
85.1100082397461
86.44000244140625
88.33000183105469
90.6100082397461
90.77999877929688
90.08000183105469
90.30000305175781
88.85000610351563
88.41999816894531
87.11000061035156
89.12001037597656
91.54000091552734
88.9000015258789
89.52000427246094
89.30000305175781
89.29000854492188
89.22000885009766
88.43000793457031
86.83999633789063
88.66000366210938
89.35000610351563
