94.6300048828125
95.56999969482422
95.8800048828125
94.87000274658203
94.51000213623047
96.81999969482422
96.07000732421875
96.95999908447266
98.15000915527344
96.69000244140625
95.84000396728516
97.90000915527344
98.08999633789063
96.79000854492188
96.39000701904297
98.5
97.42000579833984
98.08999633789063
97.1300048828125
95.99000549316406
96.30000305175781
96.0
95.36000061035156
93.0300064086914
96.13999938964844
94.30000305175781
94.81001281738281
95.26000213623047
94.18000030517578
95.60000610351563
95.1300048828125
95.89000701904297
95.22000122070313
98.45000457763672
98.27999877929688
96.32000732421875
97.49000549316406
97.83000183105469
97.29000091552734
97.66999816894531
96.61000061035156
95.40000915527344
94.55001068115234
96.010009765625
92.91000366210938
93.55000305175781
91.99000549316406
93.33000183105469
97.18000793457031
96.51000213623047
96.09000396728516
98.08000183105469
97.54000854492188
93.83000183105469
93.81000518798828
93.17000579833984
95.87001037597656
97.40000915527344
94.82000732421875
96.3600082397461
95.0
96.3600082397461
96.55999755859375
97.82000732421875
97.79000091552734
97.04000854492188
94.84000396728516
98.41000366210938
96.79000854492188
97.54000854492188
92.6300048828125
94.1300048828125
97.29000091552734
98.1100082397461
98.05000305175781
97.66000366210938
100.44999694824219
99.55001068115234
96.35000610351563
96.4000015258789
97.19001007080078
96.26000213623047
95.23001098632813
96.88999938964844
99.04000091552734
98.46000671386719
98.56001281738281
95.76000213623047
97.93000030517578
99.17000579833984
98.59000396728516
96.29000854492188
96.66000366210938
94.70000457763672
94.82000732421875
94.68000793457031
93.67000579833984
94.72000122070313
97.94000244140625
94.14000701904297
94.8800048828125
97.86000061035156
96.34001159667969
97.3800048828125
96.88999938964844
96.83000183105469
98.80000305175781
98.59000396728516
98.18000793457031
96.81000518798828
96.91000366210938
97.04000854492188
96.15000915527344
97.80999755859375
98.56001281738281
94.66000366210938
93.4000015258789
96.6300048828125
99.05000305175781
99.37000274658203
99.64000701904297
97.89000701904297
98.4000015258789
98.97000122070313
98.74000549316406
98.77999877929688
96.71000671386719
97.43000030517578
98.9000015258789
98.82000732421875
98.99000549316406
97.8800048828125
97.21000671386719
98.96000671386719
97.73001098632813
98.5300064086914
98.56001281738281
100.06000518798828
97.73001098632813
99.40000915527344
99.14000701904297
99.86000061035156
98.77999877929688
97.90000915527344
98.1100082397461
95.82000732421875
97.04000854492188
98.85000610351563
98.510009765625
97.42000579833984
97.9800033569336
96.51000213623047
96.11000061035156
96.25
95.19000244140625
96.22000885009766
95.62000274658203
95.42000579833984
98.20999908447266
94.82000732421875
96.27999877929688
97.14000701904297
94.42000579833984
94.58000183105469
94.99000549316406
94.08000183105469
92.6300048828125
93.8600082397461
92.68000793457031
93.93000793457031
93.63999938964844
93.47000122070313
92.25
91.06001281738281
93.12000274658203
91.69999694824219
92.70000457763672
93.67000579833984
93.32000732421875
94.260009765625
95.02999877929688
94.12001037597656
93.510009765625
95.24000549316406
95.56000518798828
94.11000061035156
94.02000427246094
94.94000244140625
94.52000427246094
94.95001220703125
95.86000061035156
93.04000854492188
94.2800064086914
95.0
94.68000793457031
94.10000610351563
94.96000671386719
95.21000671386719
95.510009765625
94.10000610351563
94.22000885009766
96.21000671386719
94.9800033569336
94.72000122070313
94.7300033569336
95.49000549316406
94.260009765625
95.37001037597656
94.95001220703125
94.8800048828125
93.83000183105469
93.76000213623047
95.62000274658203
95.34000396728516
95.1500015258789
95.06000518798828
93.81000518798828
92.44000244140625
93.16000366210938
94.45000457763672
95.70999908447266
95.30000305175781
94.59000396728516
95.33000183105469
95.95000457763672
93.85000610351563
96.0
94.38999938964844
95.87001037597656
94.40000915527344
94.7300033569336
95.77000427246094
95.36000061035156
93.87000274658203
92.96000671386719
92.91000366210938
95.02999877929688
93.65000915527344
93.31000518798828
93.34000396728516
94.40000915527344
94.12001037597656
92.73001098632813
90.32000732421875
92.9800033569336
93.77999877929688
92.7800064086914
91.59000396728516
93.0300064086914
92.45001220703125
93.54000091552734
94.68000793457031
95.29000091552734
93.98001098632813
95.70999908447266
96.69000244140625
96.12000274658203
93.52000427246094
94.22000885009766
92.74000549316406
92.69000244140625
93.04000854492188
92.66999816894531
90.91000366210938
91.74000549316406
92.20000457763672
94.66999816894531
95.63999938964844
94.59000396728516
91.09000396728516
94.85000610351563
91.0
90.70999908447266
90.18000793457031
89.40000915527344
91.26000213623047
90.93000793457031
91.27000427246094
93.24000549316406
93.34000396728516
92.94000244140625
93.15000915527344
92.33000946044922
92.19001007080078
92.25
95.58999633789063
92.44000244140625
92.52000427246094
92.66000366210938
91.47000122070313
92.66999816894531
93.6300048828125
91.7800064086914
93.41000366210938
93.65000915527344
94.30000305175781
94.14000701904297
95.4800033569336
95.0
95.65000915527344
94.38999938964844
94.70000457763672
96.06001281738281
94.09000396728516
93.71000671386719
95.30000305175781
92.08000183105469
93.05000305175781
93.8800048828125
92.4800033569336
92.51000213623047
94.07000732421875
91.90000915527344
92.6100082397461
92.93000030517578
94.51000213623047
90.93000793457031
95.27000427246094
92.44000244140625
94.45999908447266
94.86000061035156
96.08000946044922
96.80000305175781
94.44000244140625
92.34000396728516
94.62001037597656
94.6500015258789
93.16000366210938
94.88999938964844
94.31000518798828
92.9800033569336
92.7800064086914
92.62000274658203
92.16999816894531
94.58000183105469
92.35000610351563
92.55000305175781
91.95000457763672
91.83000183105469
92.96000671386719
93.47000122070313
92.97000885009766
92.68000793457031
93.98001098632813
93.97000122070313
93.4800033569336
94.02000427246094
92.76000213623047
92.94000244140625
92.80999755859375
94.40000915527344
93.20000457763672
94.37000274658203
92.44000244140625
91.98001098632813
93.17000579833984
94.40000915527344
93.72000885009766
93.0300064086914
93.4800033569336
93.41999816894531
93.83000183105469
94.58000183105469
95.20000457763672
94.2300033569336
95.19000244140625
95.43000030517578
92.96000671386719
93.61000061035156
94.80000305175781
95.41000366210938
96.61000061035156
97.20000457763672
95.47000885009766
95.21000671386719
96.66000366210938
96.43000793457031
96.92000579833984
96.30000305175781
95.93000793457031
97.2300033569336
95.02999877929688
96.15000915527344
95.97000122070313
95.47000885009766
95.8499984741211
94.00000762939453
92.68000793457031
93.9000015258789
94.7300033569336
92.38999938964844
92.29000091552734
93.41999816894531
92.12001037597656
94.35000610351563
93.94000244140625
95.27000427246094
94.260009765625
93.30001068115234
95.08000183105469
92.60000610351563
94.6300048828125
95.21000671386719
94.87000274658203
94.14000701904297
93.10000610351563
93.19000244140625
93.29000854492188
93.1100082397461
91.81000518798828
92.27000427246094
94.12001037597656
94.66000366210938
94.08000183105469
95.49000549316406
94.93000030517578
93.96000671386719
94.77000427246094
93.31000518798828
92.71000671386719
94.31000518798828
94.25
92.43000030517578
95.12000274658203
94.66000366210938
93.0
94.92000579833984
92.52999877929688
93.91999816894531
94.25
93.66000366210938
89.88999938964844
92.21000671386719
92.55000305175781
90.76000213623047
90.8800048828125
92.1300048828125
91.5300064086914
90.47000885009766
91.58000183105469
93.41000366210938
93.45000457763672
91.79000854492188
91.93000793457031
91.44000244140625
90.83000183105469
92.12001037597656
92.92000579833984
92.85000610351563
90.49000549316406
90.72000122070313
92.42000579833984
90.75000762939453
89.52999877929688
91.45000457763672
91.18000030517578
92.90000915527344
93.06999969482422
91.20001220703125
95.3800048828125
94.31999969482422
94.16000366210938
94.37000274658203
93.59000396728516
93.66000366210938
92.23999786376953
92.1300048828125
92.01000213623047
93.08000183105469
92.21000671386719
90.2800064086914
91.81000518798828
92.20000457763672
93.1300048828125
93.08999633789063
92.18000793457031
93.62000274658203
92.60000610351563
92.260009765625
93.010009765625
94.6300048828125
92.47000885009766
93.5300064086914
93.7300033569336
93.95000457763672
93.84001159667969
93.41000366210938
93.41000366210938
92.46000671386719
92.62000274658203
90.93000793457031
90.29000091552734
89.24000549316406
90.16000366210938
91.39000701904297
91.72000885009766
91.18000030517578
91.58000183105469
92.11000061035156
92.6100082397461
91.51000213623047
92.34000396728516
91.83999633789063
94.61000061035156
93.13999938964844
91.29000854492188
94.07000732421875
93.79000854492188
90.77000427246094
91.46000671386719
92.79000091552734
92.58000183105469
91.22000885009766
92.55000305175781
93.17000579833984
91.18000030517578
91.29000854492188
92.76000213623047
90.89000701904297
92.60000610351563
93.29000854492188
92.77000427246094
93.06999969482422
92.05001068115234
93.25000762939453
91.95000457763672
92.0999984741211
92.35000610351563
92.60000610351563
92.82000732421875
93.3499984741211
92.80000305175781
92.08000183105469
92.82000732421875
93.36000061035156
92.14000701904297
93.6300048828125
92.86000061035156
93.23001098632813
94.17000579833984
90.91000366210938
89.25
89.71000671386719
88.68000030517578
87.01000213623047
87.01000213623047
88.7300033569336
89.33999633789063
88.19000244140625
88.46000671386719
87.33000946044922
88.06000518798828
85.68000793457031
86.08000946044922
86.68000030517578
87.62000274658203
87.82000732421875
87.84000396728516
87.23999786376953
87.01000213623047
87.71000671386719
85.49000549316406
85.72000122070313
85.76000213623047
87.00000762939453
89.1500015258789
88.32000732421875
89.00000762939453
89.86000061035156
91.64000701904297
89.45000457763672
91.92000579833984
88.85000610351563
89.85000610351563
91.47000122070313
90.44999694824219
90.93000793457031
90.47000885009766
88.33000183105469
92.2800064086914
89.90000915527344
90.14000701904297
88.3499984741211
88.75
86.41999816894531
90.01000213623047
90.56000518798828
90.98999786376953
90.79000854492188
89.73999786376953
91.27000427246094
91.010009765625
90.91000366210938
92.05001068115234
91.60000610351563
91.27999877929688
89.84000396728516
91.58000183105469
91.20001220703125
92.04000854492188
89.45000457763672
90.42000579833984
90.69000244140625
89.66999816894531
91.11000061035156
90.98999786376953
93.74000549316406
95.02999877929688
92.66999816894531
92.37000274658203
93.60000610351563
91.6500015258789
92.99000549316406
95.09001159667969
93.71000671386719
90.70000457763672
93.3499984741211
93.81000518798828
92.21000671386719
93.30001068115234
91.61000061035156
91.05000305175781
93.19000244140625
91.69999694824219
92.64000701904297
92.44000244140625
91.44000244140625
92.92000579833984
91.97000122070313
93.1300048828125
92.34000396728516
95.37001037597656
94.70000457763672
93.65000915527344
92.60000610351563
93.62000274658203
92.9800033569336
89.9800033569336
90.23001098632813
92.23999786376953
91.91000366210938
89.6300048828125
91.80000305175781
93.32000732421875
90.5300064086914
89.7300033569336
91.68000030517578
92.09000396728516
91.58000183105469
89.42000579833984
90.81000518798828
91.0
91.67000579833984
91.33000183105469
91.02000427246094
91.25
92.05001068115234
91.67000579833984
90.9000015258789
89.41000366210938
91.69000244140625
91.29000854492188
89.6300048828125
90.06000518798828
88.52000427246094
89.62001037597656
90.16999816894531
88.71000671386719
87.70000457763672
86.77000427246094
87.94000244140625
87.2800064086914
87.91000366210938
85.84000396728516
88.30001068115234
87.80999755859375
86.15000915527344
85.74000549316406
88.1300048828125
87.07000732421875
91.05000305175781
88.91999816894531
89.72000122070313
87.68000793457031
87.68000793457031
89.5999984741211
90.04000854492188
89.2300033569336
88.27999877929688
90.04000854492188
89.1300048828125
90.9000015258789
90.75000762939453
89.95001220703125
90.4800033569336
90.05000305175781
88.06000518798828
88.59000396728516
90.72999572753906
91.7800064086914
92.16999816894531
92.55000305175781
93.91000366210938
93.19000244140625
93.71000671386719
93.80000305175781
93.70001220703125
93.59000396728516
92.47000885009766
92.58000183105469
93.66000366210938
92.25
90.6100082397461
89.08000183105469
90.22000122070313
89.43000793457031
89.00000762939453
89.52000427246094
90.69000244140625
89.45000457763672
89.95001220703125
87.80000305175781
90.05000305175781
87.94999694824219
88.010009765625
89.260009765625
88.08000183105469
90.89000701904297
90.1300048828125
89.59000396728516
88.96000671386719
88.52000427246094
90.01000213623047
89.84000396728516
88.43000793457031
88.19000244140625
90.30999755859375
88.3800048828125
89.24000549316406
89.14000701904297
90.63999938964844
90.21000671386719
92.5
93.68000030517578
94.33999633789063
90.91999816894531
92.2800064086914
90.4000015258789
90.56000518798828
90.06999969482422
90.96000671386719
90.9000015258789
90.66000366210938
89.73999786376953
88.5300064086914
89.1500015258789
90.39000701904297
90.56000518798828
90.10000610351563
93.27000427246094
92.29000091552734
91.02000427246094
88.93000793457031
89.92000579833984
88.16000366210938
90.86000061035156
91.54000091552734
92.70000457763672
90.46000671386719
90.20000457763672
91.33000183105469
91.0300064086914
91.50000762939453
91.74000549316406
89.95001220703125
90.56000518798828
93.31000518798828
92.49000549316406
93.71000671386719
93.65000915527344
91.74000549316406
91.33000183105469
91.77000427246094
89.72000122070313
91.72000885009766
91.17000579833984
89.97000885009766
90.54000854492188
89.96000671386719
90.9000015258789
92.4800033569336
92.40000915527344
91.62001037597656
90.5
90.32000732421875
90.24000549316406
91.010009765625
90.08000183105469
91.04000091552734
89.0300064086914
92.71000671386719
90.26000213623047
89.70000457763672
90.43000030517578
88.27000427246094
90.26000213623047
90.0
88.75
89.6500015258789
89.02000427246094
90.9000015258789
90.09001159667969
89.68000793457031
89.02000427246094
88.93000793457031
89.66999816894531
92.80999755859375
92.9800033569336
92.23999786376953
91.3600082397461
93.06000518798828
93.29000854492188
93.20999908447266
94.45000457763672
93.69000244140625
92.84000396728516
92.75000762939453
93.0
92.19001007080078
90.93000793457031
89.27000427246094
90.30999755859375
90.89000701904297
88.46000671386719
90.77000427246094
86.20001220703125
88.510009765625
91.27999877929688
92.2800064086914
90.81000518798828
90.81000518798828
88.010009765625
88.06000518798828
89.3800048828125
88.22999572753906
89.18000030517578
91.55999755859375
92.02000427246094
91.16000366210938
94.33999633789063
89.29000854492188
91.79000854492188
93.39000701904297
91.5300064086914
92.20000457763672
93.05000305175781
92.90000915527344
91.61000061035156
91.12000274658203
90.9800033569336
91.26000213623047
92.14000701904297
90.9800033569336
91.12000274658203
92.02999877929688
92.16999816894531
91.74000549316406
90.14000701904297
90.05000305175781
92.06000518798828
92.46000671386719
92.69000244140625
91.27999877929688
92.92000579833984
92.45001220703125
93.37001037597656
92.56999969482422
92.2300033569336
93.8600082397461
93.02000427246094
91.3600082397461
90.75000762939453
92.27000427246094
91.24000549316406
92.260009765625
89.62001037597656
89.66999816894531
91.06001281738281
89.44000244140625
92.76000213623047
92.84000396728516
90.82000732421875
90.79000854492188
91.09000396728516
89.3800048828125
90.16999816894531
89.30000305175781
90.1500015258789
89.5999984741211
91.0
90.10000610351563
89.79000091552734
90.19000244140625
91.15000915527344
91.6300048828125
90.24000549316406
90.93000793457031
91.31999969482422
90.06999969482422
90.32000732421875
88.5300064086914
90.84000396728516
91.79000854492188
89.49000549316406
90.12000274658203
91.4000015258789
91.1300048828125
91.55000305175781
90.63999938964844
88.87000274658203
90.4000015258789
92.91000366210938
90.65000915527344
90.26000213623047
92.00000762939453
90.10000610351563
90.4000015258789
90.60000610351563
89.82000732421875
89.94000244140625
88.91999816894531
90.6300048828125
90.91999816894531
90.93000793457031
87.75000762939453
87.56999969482422
88.3499984741211
90.10000610351563
89.3800048828125
89.05000305175781
92.31001281738281
90.56000518798828
90.27000427246094
90.06999969482422
92.12001037597656
91.25
91.20001220703125
89.37000274658203
90.08000183105469
89.33999633789063
89.86000061035156
90.44000244140625
90.02999877929688
92.11000061035156
92.06000518798828
88.67000579833984
92.20000457763672
90.5300064086914
90.70999908447266
89.96000671386719
92.6100082397461
90.6300048828125
88.76000213623047
93.10000610351563
92.93000030517578
92.70000457763672
91.50000762939453
88.79000854492188
90.9000015258789
89.87000274658203
92.260009765625
91.27999877929688
91.25
91.3800048828125
90.98999786376953
93.58000946044922
90.81000518798828
88.45000457763672
87.66000366210938
86.35000610351563
85.70000457763672
88.16000366210938
89.16000366210938
87.97000885009766
86.6500015258789
87.62000274658203
88.3499984741211
88.39000701904297
87.59001159667969
88.9000015258789
88.72000885009766
88.33000183105469
88.77000427246094
87.05001068115234
85.54000854492188
87.74000549316406
88.44001007080078
86.02000427246094
86.13999938964844
88.80000305175781
88.57000732421875
92.64000701904297
91.77000427246094
87.86000061035156
88.17000579833984
87.20000457763672
89.40000915527344
86.79000854492188
86.55999755859375
86.81999969482422
87.94000244140625
85.96000671386719
89.01000213623047
88.4800033569336
87.3800048828125
89.07000732421875
92.46000671386719
91.26000213623047
90.95000457763672
88.48999786376953
89.58000183105469
89.51000213623047
91.10000610351563
90.39000701904297
89.85000610351563
90.02999877929688
88.010009765625
89.52000427246094
88.12000274658203
88.18000793457031
91.1300048828125
88.77000427246094
89.56000518798828
88.74000549316406
89.31000518798828
86.90000915527344
86.16000366210938
87.59001159667969
88.12000274658203
90.39000701904297
89.05999755859375
89.52999877929688
89.3800048828125
89.49000549316406
88.48999786376953
89.35000610351563
88.72000885009766
87.54000854492188
90.04000854492188
87.74000549316406
87.23999786376953
85.37001037597656
86.33000183105469
86.27999877929688
86.41999816894531
87.85000610351563
89.56000518798828
87.38999938964844
88.46000671386719
89.82000732421875
90.30000305175781
89.61000061035156
89.47000122070313
87.8800048828125
88.31000518798828
88.15000915527344
88.97000122070313
88.99000549316406
87.80000305175781
88.68000030517578
89.33000183105469
91.83999633789063
89.49000549316406
89.21000671386719
90.12000274658203
91.55999755859375
89.77000427246094
87.64000701904297
89.68000793457031
87.55000305175781
88.47000122070313
93.9000015258789
90.98999786376953
89.97000885009766
88.96000671386719
90.72999572753906
88.68000030517578
88.3800048828125
89.97000885009766
88.96000671386719
88.30001068115234
90.93000793457031
88.97000122070313
89.29000854492188
87.21000671386719
88.55999755859375
88.04000854492188
90.21000671386719
87.01000213623047
88.52000427246094
89.84000396728516
87.46000671386719
86.50000762939453
87.52999877929688
85.22000122070313
87.59001159667969
86.51000213623047
86.7300033569336
87.22000122070313
84.94000244140625
86.30000305175781
82.84000396728516
85.18000793457031
84.2300033569336
85.69000244140625
85.70000457763672
87.11000061035156
88.04000854492188
86.62001037597656
87.86000061035156
87.89000701904297
87.38999938964844
86.1300048828125
88.83000183105469
87.19001007080078
87.16000366210938
87.19001007080078
84.83000946044922
87.01000213623047
86.17000579833984
85.08000183105469
85.32000732421875
87.11000061035156
89.96000671386719
88.29000854492188
86.55999755859375
86.48001098632813
86.7300033569336
86.2300033569336
86.8800048828125
88.30001068115234
86.91000366210938
86.71000671386719
87.38999938964844
87.16000366210938
86.81999969482422
86.010009765625
86.41000366210938
85.84000396728516
85.02000427246094
85.97000122070313
86.5300064086914
86.34001159667969
87.82000732421875
85.1500015258789
86.83000183105469
85.35000610351563
86.61000061035156
86.97999572753906
87.33000946044922
86.34001159667969
86.16000366210938
85.9000015258789
85.16000366210938
84.8800048828125
84.90000915527344
87.52000427246094
86.07000732421875
87.2300033569336
86.58000183105469
87.56000518798828
86.31000518798828
86.25
88.59000396728516
89.79000091552734
89.22000885009766
89.10000610351563
88.06000518798828
89.1500015258789
90.4800033569336
88.02000427246094
90.89000701904297
89.56000518798828
88.0300064086914
89.35000610351563
88.95000457763672
87.74000549316406
90.1300048828125
88.27999877929688
88.15000915527344
88.63999938964844
87.51000213623047
87.92000579833984
88.61000061035156
86.30000305175781
87.08000183105469
86.25
86.19000244140625
84.71000671386719
85.10000610351563
85.60000610351563
86.10000610351563
86.41999816894531
86.57000732421875
88.4800033569336
85.94001007080078
86.95999908447266
85.72000122070313
86.69999694824219
86.59000396728516
88.06999969482422
89.55001068115234
86.8600082397461
87.0999984741211
86.25
85.4000015258789
85.02999877929688
87.07000732421875
85.34000396728516
88.05000305175781
87.56999969482422
87.1500015258789
87.7800064086914
86.81999969482422
88.06000518798828
88.27999877929688
88.94000244140625
90.44000244140625
88.91000366210938
87.60000610351563
87.30000305175781
89.00000762939453
88.0
85.510009765625
85.33000183105469
87.92000579833984
87.70000457763672
82.22000122070313
84.58000183105469
85.32000732421875
86.04000091552734
85.24000549316406
85.5300064086914
87.2800064086914
87.22000122070313
85.67000579833984
86.61000061035156
88.27999877929688
87.86000061035156
85.89000701904297
85.84000396728516
87.66999816894531
87.25
85.8800048828125
86.91000366210938
88.13999938964844
86.74000549316406
86.93000793457031
85.55000305175781
86.34001159667969
87.11000061035156
84.87000274658203
88.37001037597656
85.91000366210938
84.59000396728516
85.23001098632813
84.33999633789063
84.64000701904297
86.18000030517578
85.97000122070313
88.34000396728516
86.21000671386719
86.57000732421875
85.89000701904297
86.60000610351563
86.12000274658203
84.10000610351563
85.18000793457031
87.04000854492188
86.27999877929688
86.80000305175781
87.20000457763672
86.88999938964844
86.49000549316406
86.44000244140625
86.43000793457031
84.7800064086914
86.09000396728516
85.93000793457031
85.46000671386719
85.16999816894531
85.0
83.59000396728516
84.5999984741211
84.88999938964844
84.56000518798828
84.260009765625
86.52000427246094
87.30999755859375
86.0300064086914
86.47000122070313
88.29000854492188
86.6300048828125
86.09000396728516
88.08999633789063
89.10000610351563
86.8800048828125
86.24000549316406
86.05000305175781
86.83999633789063
87.2800064086914
87.09000396728516
89.33000183105469
89.44000244140625
88.84001159667969
89.05999755859375
87.34000396728516
87.85000610351563
88.81999969482422
88.69000244140625
89.0300064086914
86.46000671386719
87.29000091552734
89.64000701904297
87.00000762939453
88.94000244140625
88.06000518798828
88.1300048828125
89.1300048828125
88.84001159667969
89.9800033569336
89.2300033569336
90.06999969482422
90.12000274658203
89.2800064086914
92.37000274658203
90.74000549316406
90.58000183105469
92.9800033569336
90.37001037597656
91.11000061035156
92.40000915527344
90.24000549316406
90.05000305175781
90.04000854492188
90.80001068115234
89.97000885009766
89.12001037597656
91.59000396728516
89.41000366210938
88.4000015258789
90.6100082397461
87.8800048828125
89.85000610351563
89.80000305175781
90.18000793457031
90.12000274658203
91.08000946044922
88.62000274658203
89.72000122070313
89.47999572753906
91.98001098632813
92.69000244140625
92.31001281738281
89.62001037597656
89.42000579833984
89.87000274658203
88.91000366210938
89.88999938964844
89.86000061035156
89.45000457763672
88.32000732421875
89.18000030517578
89.760009765625
88.68000030517578
89.19999694824219
90.55000305175781
89.7300033569336
91.07000732421875
91.29000854492188
90.5
89.27000427246094
89.41000366210938
88.93000793457031
88.81999969482422
88.59000396728516
88.74000549316406
88.02000427246094
89.3800048828125
89.2300033569336
88.4000015258789
88.91999816894531
87.4800033569336
88.67000579833984
89.7800064086914
91.71000671386719
89.41000366210938
89.1500015258789
89.33999633789063
92.44000244140625
88.02000427246094
88.3499984741211
88.08999633789063
87.75000762939453
86.74000549316406
89.3800048828125
86.91000366210938
89.45999908447266
90.89000701904297
89.16000366210938
87.7800064086914
88.4800033569336
87.45001220703125
87.55000305175781
86.50000762939453
86.62001037597656
87.2300033569336
87.79000091552734
86.0
87.66999816894531
86.97000122070313
89.6500015258789
90.91999816894531
88.8600082397461
88.12000274658203
89.3800048828125
89.17000579833984
90.0
85.91999816894531
86.88999938964844
87.30000305175781
89.17000579833984
88.30001068115234
89.94000244140625
90.21000671386719
88.8600082397461
90.0
92.86000061035156
91.04000091552734
90.6100082397461
90.6300048828125
91.11000061035156
90.10000610351563
89.05000305175781
89.04000091552734
90.20000457763672
89.18000030517578
88.3800048828125
88.510009765625
88.83000183105469
89.04000091552734
88.84001159667969
89.72000122070313
89.66999816894531
90.5
89.38999938964844
91.83000183105469
90.79000854492188
92.38999938964844
90.8800048828125
89.9800033569336
90.08000183105469
91.09000396728516
90.86000061035156
92.74000549316406
91.5300064086914
91.29000854492188
92.7800064086914
94.04000091552734
91.66000366210938
90.89000701904297
88.71000671386719
88.74000549316406
90.02999877929688
86.50000762939453
88.08999633789063
87.2300033569336
87.99000549316406
89.87000274658203
87.08000183105469
87.38999938964844
88.74000549316406
90.25000762939453
90.33000183105469
90.25000762939453
91.16000366210938
91.92000579833984
91.35000610351563
92.41000366210938
90.30999755859375
92.16999816894531
92.1300048828125
91.59000396728516
92.08000183105469
91.7800064086914
92.27000427246094
92.20000457763672
90.35000610351563
89.90000915527344
90.65000915527344
