100.56999969482422
100.24000549316406
100.77999877929688
100.12000274658203
101.02000427246094
102.94999694824219
101.15000915527344
100.67000579833984
100.30999755859375
100.47000885009766
100.77000427246094
101.010009765625
102.83000946044922
102.4800033569336
104.00000762939453
104.14000701904297
104.0300064086914
103.32000732421875
104.91000366210938
102.14000701904297
102.75000762939453
101.1300048828125
101.69000244140625
99.96000671386719
103.98001098632813
101.44000244140625
101.09000396728516
101.4000015258789
101.39000701904297
102.91000366210938
103.31000518798828
102.57000732421875
101.98001098632813
103.23001098632813
103.08999633789063
103.66000366210938
103.510009765625
105.70999908447266
104.90000915527344
104.37000274658203
104.42000579833984
103.72000885009766
101.41000366210938
103.9000015258789
99.55001068115234
99.84000396728516
98.77000427246094
101.27999877929688
103.87000274658203
104.84000396728516
102.19001007080078
103.13999938964844
103.57000732421875
102.06000518798828
102.43000030517578
102.30000305175781
105.54000854492188
105.04000854492188
102.20000457763672
103.41000366210938
101.35000610351563
101.54000091552734
103.05000305175781
103.6300048828125
103.83000183105469
104.30000305175781
100.9000015258789
104.91000366210938
103.23001098632813
103.55000305175781
100.9800033569336
102.02000427246094
103.47000122070313
104.02000427246094
102.70000457763672
102.36000061035156
103.39000701904297
102.99000549316406
102.52999877929688
100.91000366210938
102.06000518798828
102.84000396728516
102.70000457763672
101.97000122070313
102.44000244140625
102.36000061035156
101.58000946044922
100.70999908447266
101.34001159667969
102.57000732421875
102.59001159667969
101.22000885009766
102.72000122070313
100.69000244140625
100.44999694824219
100.67000579833984
99.3800048828125
101.26000213623047
102.31001281738281
99.83000946044922
100.67000579833984
100.74000549316406
100.89000701904297
100.8800048828125
100.14000701904297
101.50000762939453
101.80000305175781
103.36000061035156
103.06000518798828
101.55999755859375
102.96000671386719
101.81999969482422
101.32000732421875
101.010009765625
102.31001281738281
100.91000366210938
99.69001007080078
102.25
103.85000610351563
103.72000885009766
104.3800048828125
102.52999877929688
101.58000946044922
102.60000610351563
101.17000579833984
101.49000549316406
99.97000885009766
99.58000183105469
101.51000213623047
102.59001159667969
101.27999877929688
101.07000732421875
101.47000122070313
102.260009765625
101.44000244140625
102.38999938964844
102.56000518798828
102.64000701904297
101.55000305175781
101.77000427246094
102.47000885009766
103.3499984741211
102.4800033569336
101.92000579833984
103.62000274658203
101.05000305175781
102.80999755859375
103.61000061035156
104.09000396728516
102.79000091552734
102.09000396728516
101.31000518798828
101.37000274658203
100.97000122070313
100.44999694824219
100.97000122070313
101.0300064086914
100.69000244140625
103.010009765625
101.50000762939453
103.27000427246094
103.510009765625
102.12001037597656
101.7800064086914
103.29000854492188
103.85000610351563
102.14000701904297
103.33000183105469
102.37000274658203
101.8600082397461
100.99000549316406
102.49000549316406
101.87000274658203
101.07000732421875
103.26000213623047
101.57000732421875
102.1500015258789
102.75000762939453
100.77999877929688
102.6300048828125
102.58000183105469
102.260009765625
103.010009765625
104.14000701904297
104.83000946044922
101.52000427246094
102.04000854492188
105.10000610351563
102.70000457763672
104.02000427246094
103.82000732421875
101.15000915527344
101.35000610351563
102.89000701904297
102.40000915527344
103.27000427246094
103.42001342773438
102.6100082397461
102.51000213623047
102.57000732421875
102.09000396728516
104.2800064086914
103.43000793457031
105.95000457763672
104.97000885009766
105.14000701904297
102.99000549316406
104.29000854492188
102.96000671386719
101.3800048828125
101.30000305175781
103.61000061035156
103.8600082397461
102.25
102.94999694824219
103.74000549316406
104.62001037597656
104.87000274658203
104.45000457763672
103.75000762939453
103.94000244140625
104.15000915527344
102.06000518798828
103.36000061035156
102.2300033569336
102.31001281738281
102.55000305175781
101.52000427246094
103.30001068115234
100.9800033569336
101.48001098632813
101.95999908447266
101.71000671386719
101.52000427246094
100.6300048828125
100.75000762939453
101.4000015258789
101.7300033569336
101.06001281738281
102.44000244140625
103.1100082397461
104.15000915527344
102.18000793457031
102.05001068115234
102.2800064086914
99.99000549316406
99.8800048828125
100.12000274658203
101.83000183105469
99.71000671386719
102.70000457763672
105.25000762939453
104.31999969482422
102.92000579833984
103.82000732421875
105.6300048828125
104.31999969482422
102.52000427246094
102.76000213623047
103.85000610351563
103.55000305175781
103.89000701904297
103.69000244140625
102.6100082397461
101.65000915527344
101.95999908447266
104.18000030517578
104.6300048828125
103.9000015258789
102.71000671386719
104.58000183105469
103.010009765625
102.96000671386719
103.22000122070313
103.3800048828125
103.49000549316406
105.56999969482422
104.91000366210938
103.83000183105469
103.97000122070313
102.86000061035156
102.72000122070313
102.51000213623047
101.74000549316406
101.19000244140625
102.70000457763672
102.17001342773438
100.510009765625
102.50000762939453
100.77999877929688
102.6100082397461
103.99000549316406
101.97000122070313
103.5300064086914
101.95999908447266
102.46000671386719
102.4800033569336
103.08999633789063
101.0
101.13999938964844
101.66000366210938
102.50000762939453
102.27000427246094
102.05001068115234
102.52000427246094
103.79000854492188
101.18000030517578
102.79000091552734
102.36000061035156
99.77000427246094
100.87001037597656
102.90000915527344
100.67000579833984
101.55000305175781
101.35000610351563
103.19000244140625
100.56999969482422
101.07000732421875
97.45001220703125
99.57000732421875
100.0
100.18000793457031
100.91999816894531
99.47000122070313
98.96000671386719
101.8600082397461
100.69000244140625
100.0
101.39000701904297
100.54000854492188
100.23001098632813
98.77999877929688
100.12000274658203
99.58000183105469
101.57000732421875
99.95001220703125
97.96000671386719
98.04000854492188
97.6300048828125
97.60000610351563
98.23001098632813
98.39000701904297
97.01000213623047
97.59001159667969
98.96000671386719
98.65000915527344
98.83000183105469
98.30001068115234
98.89000701904297
98.06000518798828
99.5999984741211
98.69000244140625
98.94000244140625
96.55000305175781
97.06000518798828
96.97000122070313
97.71000671386719
98.75
97.90000915527344
98.65000915527344
99.24000549316406
97.86000061035156
98.49000549316406
100.89000701904297
100.01000213623047
99.14000701904297
101.30000305175781
100.30999755859375
100.41000366210938
101.06001281738281
101.29000854492188
100.91000366210938
100.21000671386719
98.9000015258789
98.6300048828125
100.14000701904297
100.33000946044922
101.37000274658203
99.66999816894531
98.84001159667969
100.02000427246094
99.37000274658203
99.94000244140625
100.25000762939453
100.08000183105469
99.2800064086914
98.20999908447266
98.1600112915039
97.60000610351563
98.08999633789063
96.47000122070313
97.27000427246094
97.5
95.82000732421875
97.6100082397461
98.57000732421875
98.02000427246094
97.90000915527344
97.40000915527344
99.37000274658203
98.77999877929688
99.66999816894531
100.65000915527344
98.67000579833984
97.76000213623047
98.24000549316406
99.31999969482422
99.5999984741211
98.30001068115234
97.43000030517578
98.69000244140625
98.510009765625
98.9000015258789
99.59000396728516
99.74000549316406
97.8800048828125
97.29000091552734
97.11000061035156
96.0
97.6300048828125
96.17000579833984
96.26000213623047
96.27000427246094
98.67000579833984
97.58000183105469
97.45001220703125
98.58000946044922
97.79000091552734
99.56000518798828
100.46000671386719
100.9800033569336
97.42000579833984
98.510009765625
99.59000396728516
99.33000183105469
98.75
100.94001007080078
100.58999633789063
99.88999938964844
100.29000091552734
101.65000915527344
101.55000305175781
98.17000579833984
99.7300033569336
99.44000244140625
98.41000366210938
100.42000579833984
100.25000762939453
100.20000457763672
96.87000274658203
97.19001007080078
99.35000610351563
99.00000762939453
96.760009765625
97.18000793457031
98.20999908447266
99.17000579833984
98.71000671386719
98.13999938964844
97.4800033569336
96.6300048828125
98.33000183105469
98.63999938964844
99.54000854492188
99.7300033569336
98.06999969482422
99.94000244140625
99.49000549316406
99.42000579833984
97.74000549316406
97.05001068115234
96.33000183105469
95.73001098632813
97.05001068115234
97.47000885009766
95.95000457763672
97.8800048828125
96.6300048828125
98.49000549316406
98.010009765625
98.10000610351563
97.40000915527344
97.72000122070313
96.95000457763672
97.44000244140625
98.52000427246094
99.08000946044922
98.13999938964844
98.7300033569336
98.97000122070313
97.38999938964844
95.79000854492188
98.9000015258789
97.58000183105469
97.94999694824219
96.94000244140625
97.6100082397461
98.74000549316406
96.69999694824219
95.72000122070313
96.69000244140625
96.19000244140625
94.7300033569336
96.33000183105469
96.74000549316406
96.71000671386719
97.16999816894531
96.92000579833984
96.27999877929688
95.99000549316406
95.74000549316406
95.29000091552734
96.34001159667969
96.54000091552734
96.75
97.94000244140625
97.38999938964844
98.4000015258789
96.79000854492188
99.10000610351563
97.87001037597656
98.08000183105469
98.05000305175781
97.77000427246094
96.39000701904297
95.20000457763672
96.60000610351563
95.79000854492188
96.65000915527344
96.20001220703125
95.82000732421875
96.62001037597656
95.66000366210938
97.6500015258789
96.65000915527344
97.11000061035156
98.63999938964844
96.99000549316406
95.9000015258789
97.57000732421875
96.68000030517578
98.20999908447266
99.10000610351563
98.37001037597656
96.34001159667969
96.85000610351563
95.6300048828125
96.43000793457031
95.99000549316406
96.41000366210938
97.47000885009766
97.8800048828125
96.41000366210938
96.20001220703125
95.5300064086914
96.80000305175781
97.42000579833984
98.17000579833984
97.6100082397461
96.41000366210938
97.27000427246094
96.02000427246094
95.47000885009766
96.72000885009766
96.57000732421875
97.86000061035156
97.74000549316406
98.4000015258789
97.31001281738281
98.93000793457031
96.92000579833984
99.25
97.18000793457031
97.25
97.33000946044922
98.29000854492188
97.91000366210938
97.56000518798828
97.47000885009766
98.37001037597656
97.02000427246094
99.08000946044922
98.74000549316406
98.67000579833984
98.13999938964844
97.05001068115234
97.35000610351563
97.80000305175781
97.92000579833984
97.34000396728516
98.23001098632813
97.91000366210938
97.73001098632813
98.37001037597656
98.71000671386719
97.24000549316406
96.30000305175781
98.68000030517578
98.20000457763672
98.20999908447266
96.81999969482422
97.75000762939453
97.12001037597656
97.08000183105469
98.57000732421875
101.25000762939453
100.44999694824219
101.98001098632813
99.17000579833984
101.2300033569336
99.43000793457031
96.39000701904297
99.3800048828125
100.9000015258789
98.60000610351563
97.12001037597656
97.99000549316406
100.09001159667969
97.06000518798828
98.54000091552734
96.67000579833984
97.43000030517578
97.22000122070313
97.57000732421875
97.6100082397461
98.02000427246094
97.3800048828125
97.260009765625
97.60000610351563
98.97000122070313
97.75000762939453
99.86000061035156
97.20000457763672
96.8800048828125
99.05999755859375
98.77999877929688
99.19999694824219
96.05000305175781
97.94000244140625
97.22000122070313
97.93000030517578
95.34000396728516
98.0300064086914
98.95000457763672
97.84000396728516
98.4000015258789
98.33000183105469
99.70000457763672
101.57000732421875
100.14000701904297
99.35000610351563
97.86000061035156
98.95000457763672
98.80000305175781
98.80000305175781
98.68000030517578
100.27000427246094
98.79000854492188
97.72000122070313
96.18000030517578
98.1100082397461
97.77000427246094
96.88999938964844
96.20001220703125
96.6300048828125
97.80999755859375
97.93000030517578
96.51000213623047
97.25
96.79000854492188
99.1300048828125
97.55000305175781
98.13999938964844
97.71000671386719
98.49000549316406
98.59000396728516
99.04000091552734
98.61000061035156
98.45000457763672
98.23001098632813
99.9800033569336
99.05999755859375
99.88999938964844
98.27999877929688
100.49000549316406
101.72000885009766
101.57000732421875
99.11000061035156
98.8800048828125
98.63999938964844
100.42000579833984
100.83000183105469
98.58000946044922
99.05999755859375
100.9000015258789
99.12001037597656
97.89000701904297
96.68000030517578
96.12000274658203
98.66000366210938
98.3800048828125
98.45000457763672
98.44001007080078
97.62000274658203
99.08000946044922
95.6300048828125
97.64000701904297
97.34000396728516
97.64000701904297
95.9000015258789
98.05000305175781
97.60000610351563
93.97000122070313
95.49000549316406
97.80000305175781
96.6300048828125
97.20000457763672
96.46000671386719
97.1500015258789
97.04000854492188
98.63999938964844
98.77000427246094
96.79000854492188
95.68000793457031
96.4000015258789
97.8800048828125
96.26000213623047
98.89000701904297
97.09000396728516
98.96000671386719
98.99000549316406
98.27999877929688
98.23001098632813
96.32000732421875
96.61000061035156
95.37001037597656
94.31000518798828
94.16000366210938
95.01000213623047
95.54000854492188
96.26000213623047
95.06000518798828
96.11000061035156
97.08000183105469
96.27999877929688
94.21000671386719
96.81999969482422
97.55000305175781
96.12000274658203
92.69000244140625
94.50000762939453
95.1300048828125
96.3800048828125
97.68000793457031
98.13999938964844
99.50000762939453
99.0300064086914
99.4100112915039
95.24000549316406
97.70000457763672
97.3800048828125
98.24000549316406
96.75
95.34000396728516
95.75000762939453
97.37000274658203
97.40000915527344
97.47000885009766
96.94000244140625
95.4800033569336
97.79000091552734
97.84000396728516
97.97000885009766
98.49000549316406
94.15000915527344
96.44000244140625
98.91000366210938
97.70000457763672
97.87001037597656
98.5
95.96000671386719
96.39000701904297
96.4000015258789
93.48999786376953
97.41000366210938
96.12000274658203
97.00000762939453
97.20000457763672
96.08000946044922
97.33000946044922
97.87001037597656
95.86000061035156
97.11000061035156
96.8800048828125
95.62000274658203
95.77999877929688
97.01000213623047
96.44000244140625
96.72000885009766
96.99000549316406
96.99000549316406
95.49000549316406
94.73999786376953
96.09000396728516
96.55999755859375
95.1300048828125
95.9800033569336
94.80000305175781
97.3800048828125
95.06000518798828
97.07000732421875
95.02000427246094
96.010009765625
96.21000671386719
95.49000549316406
95.76000213623047
97.2300033569336
95.77999877929688
98.06000518798828
98.87000274658203
98.08000183105469
98.77000427246094
100.56999969482422
99.57000732421875
100.39000701904297
100.24000549316406
101.95000457763672
100.41000366210938
98.62000274658203
100.21000671386719
98.06999969482422
98.94000244140625
98.97000122070313
95.35000610351563
98.69000244140625
96.83000183105469
94.97000885009766
98.37001037597656
96.81999969482422
99.3600082397461
99.00000762939453
97.56000518798828
97.55000305175781
97.6300048828125
95.89000701904297
95.87001037597656
97.37000274658203
100.56000518798828
99.62001037597656
100.32000732421875
97.01000213623047
95.44999694824219
96.66000366210938
96.010009765625
95.91999816894531
96.50000762939453
97.02999877929688
94.95001220703125
95.21000671386719
95.0
94.55001068115234
96.69999694824219
96.29000854492188
95.89000701904297
97.6100082397461
97.1300048828125
96.27000427246094
97.40000915527344
96.85000610351563
96.71000671386719
96.18000030517578
96.29000854492188
96.25
97.92000579833984
98.10000610351563
96.19000244140625
95.41000366210938
95.44000244140625
97.64000701904297
95.63999938964844
95.97000122070313
95.09001159667969
95.5
96.83999633789063
96.31000518798828
95.08000183105469
95.39000701904297
96.69999694824219
95.07000732421875
96.02000427246094
96.31000518798828
96.83000183105469
96.60000610351563
95.54000854492188
98.94000244140625
96.12000274658203
96.3600082397461
97.42000579833984
96.47000122070313
98.04000854492188
96.69999694824219
95.84000396728516
98.34000396728516
97.02000427246094
97.59001159667969
97.99000549316406
95.22000122070313
96.3800048828125
97.37000274658203
96.51000213623047
95.37001037597656
94.07000732421875
96.59000396728516
94.48001098632813
96.18000030517578
94.38999938964844
94.69001007080078
95.5
93.83000183105469
96.31000518798828
95.89000701904297
95.24000549316406
94.80000305175781
95.77000427246094
95.74000549316406
95.35000610351563
96.44000244140625
96.54000091552734
95.20000457763672
96.61000061035156
95.70000457763672
95.58999633789063
94.99000549316406
94.95001220703125
94.72000122070313
94.52000427246094
94.7800064086914
95.44999694824219
94.30000305175781
94.02000427246094
96.04000091552734
95.75000762939453
94.7300033569336
95.20000457763672
98.56001281738281
97.14000701904297
96.13999938964844
96.11000061035156
96.49000549316406
96.8800048828125
94.16000366210938
97.02000427246094
96.77000427246094
96.17000579833984
96.3800048828125
94.47000122070313
95.79000854492188
96.04000091552734
98.29000854492188
97.55000305175781
97.54000854492188
98.25000762939453
98.1100082397461
99.19999694824219
100.0
101.16000366210938
102.41000366210938
99.31999969482422
101.49000549316406
99.99000549316406
100.08000183105469
99.81001281738281
100.14000701904297
99.69001007080078
98.45000457763672
97.82000732421875
97.55000305175781
95.36000061035156
93.99000549316406
95.56999969482422
93.06000518798828
95.60000610351563
94.71000671386719
95.01000213623047
93.47000122070313
93.8800048828125
94.68000793457031
94.54000854492188
95.14000701904297
95.39000701904297
97.2300033569336
94.64000701904297
95.10000610351563
95.9800033569336
94.27000427246094
96.54000091552734
96.13999938964844
95.39000701904297
94.51000213623047
94.45999908447266
94.96000671386719
97.41000366210938
97.57000732421875
93.26000213623047
93.32000732421875
93.97000122070313
96.4000015258789
95.82000732421875
95.05000305175781
96.54000091552734
95.34000396728516
94.6300048828125
94.81001281738281
96.41999816894531
94.7800064086914
95.74000549316406
94.99000549316406
95.72000122070313
98.43000793457031
97.05001068115234
96.48001098632813
95.80001068115234
95.08000183105469
94.6300048828125
94.05999755859375
94.10000610351563
94.24000549316406
95.8499984741211
95.55000305175781
94.43000793457031
95.02999877929688
95.16999816894531
94.40000915527344
94.70000457763672
94.760009765625
95.86000061035156
95.70000457763672
95.07000732421875
95.32000732421875
95.39000701904297
95.62000274658203
96.07000732421875
96.16000366210938
96.55999755859375
95.81000518798828
95.87001037597656
97.5
95.9800033569336
96.71000671386719
95.35000610351563
95.40000915527344
94.83000946044922
94.54000854492188
94.47000122070313
94.87000274658203
97.30000305175781
96.30000305175781
96.760009765625
97.3800048828125
97.07000732421875
96.0
96.67000579833984
95.84000396728516
94.95001220703125
93.26000213623047
94.5999984741211
95.14000701904297
96.15000915527344
92.27000427246094
91.68000030517578
92.14000701904297
95.16000366210938
93.1100082397461
95.16000366210938
93.85000610351563
94.52000427246094
94.33999633789063
94.66999816894531
94.17000579833984
92.21000671386719
93.33000183105469
99.8800048828125
96.12000274658203
96.67000579833984
96.81999969482422
95.89000701904297
93.60000610351563
95.29000091552734
96.85000610351563
93.59000396728516
93.44001007080078
97.1500015258789
97.27000427246094
96.0
92.16000366210938
90.76000213623047
93.05000305175781
94.43000793457031
91.16000366210938
92.07000732421875
93.34000396728516
93.94000244140625
93.24000549316406
94.58000183105469
91.1300048828125
92.38999938964844
90.6100082397461
92.1500015258789
91.75
88.63999938964844
91.3600082397461
90.72999572753906
90.4000015258789
89.29000854492188
90.06000518798828
89.72000122070313
91.27000427246094
91.62001037597656
88.24000549316406
93.010009765625
91.31000518798828
90.56999969482422
89.12001037597656
92.22000122070313
91.62001037597656
90.76000213623047
91.6300048828125
90.82000732421875
91.15000915527344
91.22000885009766
92.06000518798828
92.49000549316406
92.2800064086914
95.62000274658203
92.260009765625
92.02000427246094
91.35000610351563
91.43000793457031
92.1500015258789
91.83999633789063
96.80000305175781
92.32000732421875
93.31000518798828
94.35000610351563
91.41999816894531
91.05000305175781
91.92000579833984
92.29000091552734
90.93000793457031
90.23001098632813
93.510009765625
91.41000366210938
90.87001037597656
90.54000854492188
91.44000244140625
92.12001037597656
92.42000579833984
93.52000427246094
93.71000671386719
93.58000946044922
92.02999877929688
93.81000518798828
94.12001037597656
92.71000671386719
91.75
93.010009765625
92.46000671386719
93.12000274658203
93.80000305175781
94.24000549316406
92.83000183105469
92.27000427246094
90.96000671386719
93.72000885009766
94.10000610351563
93.34000396728516
93.08999633789063
92.66000366210938
94.33000183105469
94.11000061035156
92.94000244140625
96.5300064086914
93.10000610351563
91.58000183105469
94.31000518798828
93.89000701904297
93.75
94.91000366210938
95.18000793457031
93.68000030517578
94.31000518798828
91.95999908447266
91.50000762939453
94.90000915527344
93.43000793457031
94.05000305175781
94.02000427246094
93.19000244140625
91.11000061035156
93.83000183105469
92.08000183105469
91.80000305175781
93.3499984741211
91.49000549316406
93.87000274658203
91.74000549316406
92.46000671386719
92.60000610351563
93.72000885009766
94.0300064086914
97.85000610351563
95.93000793457031
93.46000671386719
93.24000549316406
92.87001037597656
91.95000457763672
91.6300048828125
93.70001220703125
93.67000579833984
96.34001159667969
95.87001037597656
95.9800033569336
94.22000885009766
93.93000793457031
93.62000274658203
93.65000915527344
94.05999755859375
93.3800048828125
94.52999877929688
93.15000915527344
94.11000061035156
92.22000122070313
91.6300048828125
89.55001068115234
88.89000701904297
94.41000366210938
94.5999984741211
91.5300064086914
93.6300048828125
94.16000366210938
93.44001007080078
92.80999755859375
94.64000701904297
94.90000915527344
95.65000915527344
94.41000366210938
95.76000213623047
97.01000213623047
94.3800048828125
92.7800064086914
90.89000701904297
93.83000183105469
90.65000915527344
90.80001068115234
92.25
91.66000366210938
92.01000213623047
91.55999755859375
90.44000244140625
90.79000854492188
93.19000244140625
91.69000244140625
94.35000610351563
92.52000427246094
91.81000518798828
92.86000061035156
93.33000183105469
93.04000854492188
93.65000915527344
94.48001098632813
94.99000549316406
93.08999633789063
95.510009765625
95.1300048828125
94.260009765625
93.91000366210938
93.67000579833984
93.12000274658203
97.38999938964844
95.6300048828125
95.0
95.37001037597656
95.0
94.02000427246094
92.66999816894531
92.22000122070313
92.2300033569336
92.27000427246094
92.82000732421875
91.95000457763672
92.41000366210938
92.84000396728516
94.22000885009766
93.41000366210938
92.60000610351563
93.5300064086914
92.42000579833984
92.01000213623047
93.80000305175781
93.44001007080078
92.54000854492188
92.71000671386719
92.1500015258789
92.68000793457031
93.1300048828125
93.75
92.20000457763672
90.75000762939453
91.24000549316406
90.4800033569336
90.02000427246094
91.83000183105469
91.8600082397461
92.08000183105469
92.38999938964844
94.21000671386719
92.46000671386719
91.85000610351563
94.35000610351563
93.5300064086914
91.90000915527344
92.35000610351563
94.61000061035156
96.51000213623047
93.91000366210938
94.55001068115234
94.09000396728516
94.19000244140625
94.33000183105469
95.10000610351563
96.91000366210938
94.94000244140625
94.97000885009766
95.30000305175781
95.01000213623047
96.64000701904297
94.91000366210938
94.41000366210938
94.16000366210938
94.38999938964844
94.70000457763672
95.75000762939453
93.5
90.84000396728516
91.72000885009766
89.94000244140625
90.70999908447266
92.260009765625
92.35000610351563
92.02000427246094
90.70000457763672
91.31999969482422
90.29000091552734
89.68000793457031
89.08000183105469
88.55999755859375
87.94000244140625
90.12000274658203
90.09001159667969
89.19000244140625
90.24000549316406
91.61000061035156
92.66999816894531
91.33000183105469
90.6100082397461
88.98001098632813
90.9800033569336
89.83000946044922
91.1300048828125
92.41000366210938
92.92000579833984
91.1300048828125
91.57000732421875
92.60000610351563
90.56000518798828
89.08000183105469
89.83000946044922
90.72999572753906
92.06000518798828
91.90000915527344
91.7300033569336
91.60000610351563
89.62001037597656
93.16000366210938
93.56001281738281
93.41000366210938
93.80000305175781
93.81000518798828
93.24000549316406
94.02000427246094
92.2800064086914
93.96000671386719
91.41999816894531
92.14000701904297
94.61000061035156
94.79000091552734
92.19001007080078
93.77000427246094
92.19001007080078
94.48001098632813
91.35000610351563
92.49000549316406
91.83999633789063
90.02999877929688
90.22000122070313
89.42000579833984
90.30999755859375
91.1300048828125
92.34000396728516
90.49000549316406
89.40000915527344
87.41000366210938
86.7800064086914
89.10000610351563
87.99000549316406
88.3499984741211
88.20000457763672
88.85000610351563
87.16000366210938
88.47000122070313
87.86000061035156
86.80000305175781
89.56000518798828
89.96000671386719
90.42000579833984
91.61000061035156
92.38999938964844
91.67000579833984
89.64000701904297
88.54000091552734
92.0999984741211
91.7300033569336
92.4800033569336
92.06000518798828
92.19001007080078
89.7800064086914
92.1300048828125
91.17000579833984
92.25
92.82000732421875
92.16999816894531
92.42000579833984
91.21000671386719
92.4800033569336
90.91999816894531
90.46000671386719
92.80000305175781
90.16000366210938
90.06999969482422
89.77000427246094
90.510009765625
90.23001098632813
90.66000366210938
90.01000213623047
92.58000183105469
90.81000518798828
92.96000671386719
94.77000427246094
93.9000015258789
92.52000427246094
90.72000122070313
92.14000701904297
92.66000366210938
91.68000030517578
94.43000793457031
93.29000854492188
92.73001098632813
94.45999908447266
95.22000122070313
92.38999938964844
94.18000030517578
92.92000579833984
92.6500015258789
91.8800048828125
91.06001281738281
92.1300048828125
91.02000427246094
92.36000061035156
94.47000122070313
94.48001098632813
91.7800064086914
91.26000213623047
92.71000671386719
93.25000762939453
93.23001098632813
92.82000732421875
93.83000183105469
93.27999877929688
92.22000122070313
92.92000579833984
92.92000579833984
93.17000579833984
92.09000396728516
92.37000274658203
93.69000244140625
93.63999938964844
93.79000854492188
92.16999816894531
92.68000793457031
93.10000610351563
