0 9.942274358587659
2 13.489366987689207
4 13.969618312289365
6 14.836809005061626
8 15.301433397952893
10 15.254081670927677
12 15.022442133402654
14 15.379660197499991
16 15.10789066883392
18 15.66920812576939
20 15.10150330595006
22 15.505781173636489
24 15.231367251969463
26 15.043996943933786
28 15.743924378826776
30 15.197480346247552
32 15.548968179992093
34 15.652592520094103
36 15.877483013651098
38 15.366284867008607
40 15.41193629769995
42 16.07089729439042
44 15.463234172049326
46 16.675313106681774
48 15.445496734900873
50 16.25205844534795
52 15.982847335052487
54 15.340353017477653
56 15.066234971156376
58 15.198870042463872
60 14.891669718812999
62 15.857449342184411
64 15.688154703798462
66 15.893698375363414
68 15.546719857504646
70 16.09162817001241
72 14.997651254916319
74 15.517041117697437
76 16.326855868182598
78 16.298528019445044
80 15.759856527616117
82 15.829132191239525
84 16.732956042947396
86 16.036815821554274
88 15.339876938072116
90 15.746512320008298
92 15.899163359219935
94 15.151096263943748
96 15.537726804396229
98 15.091101981564453
100 15.377466012978221
102 15.252785453784025
104 14.927957143153849
106 16.41885525782408
108 15.245819621263884
110 15.508226325755
112 15.843420664166098
114 15.579557449461475
116 15.958859471081478
118 16.21877284308001
120 16.146644372355066
122 15.341807406507778
124 16.646947260152277
126 15.739640991112108
128 16.63716438378249
130 15.998512005088843
132 15.587891181206697
134 15.87587747444414
136 15.988065958535866
138 15.639984060217385
140 15.587121961182767
142 15.625740906848073
144 16.86196730932046
146 16.19959065200399
148 15.8439845009721
150 15.347696741724477
152 16.360019986205597
154 15.434916698157103
156 16.30417438306555
158 16.113423377407255
160 15.836299177620688
162 17.561030618494275
164 15.855899827844379
166 16.801633169993483
168 16.7164688417138
170 15.903283166070171
172 15.581562873107993
174 15.680362406844917
176 16.21536458441055
178 16.61725128267801
180 16.02365542118435
182 16.88306007038355
184 14.92883856290958
186 15.754484044195006
188 15.356193737064395
190 16.39033970069803
192 15.61400033937226
194 15.766289307309338
196 15.688537077721827
198 16.132367087337144
200 16.48952706828865
202 15.575736762536465
204 15.64223778367284
206 15.072978277017285
208 15.729486391253447
210 16.25917822953928
212 15.787329278091258
214 15.358247289595294
216 16.19662325104707
218 16.1495166614167
220 16.688709092911857
222 15.789521065057917
224 15.763721364898977
226 16.32417221442916
228 15.516888244577627
230 15.703389281633715
232 15.453365521029244
234 15.799823826643829
236 16.326982571428495
238 15.699262760421497
240 15.598827719638706
242 15.276426390534114
244 15.04679595542617
246 15.966718458524827
248 15.819657211737717
250 16.07666192417707
252 15.976594667984145
254 15.407416557002799
256 16.133357916592587
258 16.13483291771356
260 14.800611554684142
262 15.752224685742382
264 15.636582965702244
266 15.04591614043274
268 14.832969410432227
270 15.554447928100616
272 15.310848720356956
274 15.804552458644151
276 15.336412102233163
278 15.56315518277621
280 15.299315680168753
282 15.512151893467193
284 15.163680116071179
286 15.654979766181786
288 15.318019411032857
290 16.1152025072415
292 15.69171716983428
294 15.277944688427127
296 15.184249056881741
298 16.27073753856457
300 15.730128900639453
302 15.199798694683793
304 15.472954023896852
306 15.528301387923788
308 15.446184346640404
310 16.211666716189534
312 15.862286863418733
314 15.296350005156306
316 14.630496310345253
318 15.89512777713359
320 16.041485540610704
322 16.035079988399982
324 15.968060915944069
326 15.287163554747906
328 15.516128139264945
330 15.821568760115628
332 15.817145253173747
334 16.14193304282635
336 15.630808515474081
338 15.342317122883783
340 15.376560358135393
342 16.107067224711425
344 15.226882212183568
346 15.811623995795507
348 15.921359161174331
350 15.849670022027938
352 16.29151955989244
354 15.068919819456466
356 15.08455667969038
358 15.805546197863865
360 15.980672872081772
362 16.28740660882766
364 15.047511256264537
366 15.229691549724134
368 15.995313721065541
370 14.80270815779828
372 15.566188665159991
374 15.35879737993902
376 15.342821106008238
378 15.63614985596369
380 15.210855616194525
382 15.667732610782668
384 15.406994745604282
386 14.865614856639558
388 15.54789952369832
390 15.239040245416613
392 15.214660068692941
394 15.245611528872992
396 15.51292021324666
398 16.19119447209927
400 14.967763200813895
402 15.185548024317416
404 15.458011042283283
406 15.477151788694707
408 15.403298325694372
410 15.035352189836996
412 15.169156492015135
414 15.359468861576161
416 16.36941521907107
418 16.02066566180387
420 15.722157831483393
422 15.87831540913385
424 15.219734412745213
426 14.93105966434464
428 15.566782605237814
430 15.894548532916929
432 15.88530277414387
434 16.337312078444995
436 15.443260070267407
438 15.844697112887134
440 15.312103160916415
442 14.95396245308003
444 14.837656731696633
446 15.788374421201766
448 15.15878620230573
450 15.51452090518094
452 16.058094543255404
454 15.41940098313319
456 15.09937203785523
458 15.88486830529947
460 15.300440567555391
462 15.888151877922272
464 15.794420736377772
466 15.68993139053887
468 15.595698779058004
470 15.788513650932094
472 15.552728254700979
474 15.061877940851687
476 15.438970198508374
478 15.48981257641213
480 15.619281353119902
482 16.320251528915772
484 15.806676185206703
486 15.959062457266123
488 15.373026299756392
490 16.05945598588277
492 16.245234327097112
494 15.738326153198734
496 15.32403487255981
498 16.061153822101918
500 15.5406766603298
502 15.899004461253114
504 15.11767709933107
506 16.524990540935306
508 15.853668216632402
510 15.85065068109814
512 15.90640877541649
514 15.630217711239066
516 15.850808540400479
518 15.641925002656022
520 16.28454861768523
522 17.221625016616855
524 16.521325511635553
526 16.689242347997748
528 15.581363280446668
530 17.085094674609543
532 16.51480967934919
534 15.561017876016177
536 15.953757569256927
538 15.98182509349583
540 16.42716670844332
542 15.66824287636804
544 15.778669370530322
546 15.928450262211536
548 14.587141621637905
550 16.164867356073856
552 14.98844240999777
554 16.429848394179555
556 16.562043350869104
558 15.929425460311283
560 15.515911777274207
562 15.931998270282607
564 15.516979723358835
566 15.853144303508516
568 15.841411675636204
570 16.332822105214138
572 16.198079667800346
574 15.800713008776649
576 15.749555684632877
578 15.039814268955713
580 15.220022245135326
582 15.831733080326847
584 15.992503181995614
586 16.431943775809287
588 16.334262881946373
590 16.72151353456223
592 16.07375461548983
594 15.383576392758496
596 15.592166585461124
598 15.725045352842459
600 15.978872702588479
602 15.83617387820265
604 16.053875338338816
606 16.093215870518947
608 16.1842958938133
610 16.453280300250263
612 16.025611248862614
614 15.47890919866638
616 15.501714511678552
618 15.822447111295794
620 15.745823476076417
622 15.363746697715602
624 15.584134189617023
626 15.681307156242708
628 16.790560530485596
630 16.550726421076458
632 15.930161835255127
634 16.58552384633482
636 16.039085182970382
638 16.69390663124542
640 15.532735522794928
642 16.188532982395852
644 15.21342604996541
646 16.215031398070895
648 15.974862065685054
650 16.030102035760518
652 15.845812258693702
654 15.8933791309925
656 16.371908088827727
658 15.333264198240252
660 16.349428855510922
662 16.036393591308542
664 15.47859514550148
666 16.511445240557283
668 16.33976202316586
670 15.735568084694483
672 15.651364894838988
674 15.914587378587825
676 17.033207669704904
678 16.539975241721848
680 16.993508802885167
682 16.32818319218193
684 16.339428610179223
686 16.425501629977305
688 16.349558766982472
690 16.41609615183351
692 15.910037777688423
694 15.319893431928909
696 16.66201774166031
698 16.624267179609912
700 15.802098166789204
702 14.997894859909017
704 16.39770775736887
706 16.622546066103617
708 15.66246165409316
710 16.533578280410254
712 16.88756062591916
714 15.933974846050255
716 16.237414849768268
718 15.676543636263753
720 15.774973974725635
722 15.450650855125307
724 15.161279248539767
726 16.29656984505469
728 16.784126893292125
730 15.917440090723947
732 14.932786810372964
734 15.368329427419473
736 15.373837369602148
738 16.11110152056119
740 15.587219382399851
742 15.033855055007809
744 15.853071458951995
746 14.810266600276378
748 15.022868235244694
750 15.524962314631457
752 15.533006837768978
754 15.749866407428158
756 15.484822897116027
758 15.923800653402147
760 15.66366930246115
762 15.867488009815352
764 14.649919033311708
766 15.852921196853934
768 15.52070561761512
770 15.183107814472452
772 15.458273748573571
774 15.631903644212004
776 15.718233726611173
778 15.494765491368371
780 15.915566103379025
782 15.20823798904244
784 15.011242199859664
786 15.38657048712243
788 15.704078362502594
790 15.677249719212726
792 15.49559138018707
794 15.163795874157929
796 16.175608817906625
798 15.228666395186846
800 16.09523177341491
802 15.939340139637421
804 15.369589841554857
806 15.719958738122804
808 16.1012369508614
810 15.677769143557112
812 17.03634305478239
814 15.398783449947112
816 15.762308382133776
818 15.372300566508294
820 15.922722041648571
822 15.781337803264366
824 15.031130348894305
826 15.160953728060447
828 15.32530692082478
830 15.092278332981726
832 14.630401367919458
834 15.891925377749546
836 15.81345838001039
838 15.289381888694102
840 15.760879982329186
842 15.424633801041091
844 16.159212439957955
846 15.26299723147457
848 15.593528754380301
850 16.079609426623207
852 16.421397739167215
854 16.04540685606848
856 15.585306170935246
858 15.601176034273164
860 15.333111945196785
862 16.114912429558
864 15.75852285850407
866 15.477952891979172
868 15.745943328519145
870 16.064433602762172
872 15.665579450397534
874 16.015698022890366
876 16.147729024224393
878 15.952105293839178
880 15.981357827682492
882 16.260618198745803
884 15.804219910131541
886 16.489633190362632
888 15.863525814186092
890 15.18674558713373
892 15.620696350870826
894 15.494492599685731
896 15.435056812813418
898 15.806501415351025
900 15.013596694516474
902 15.677285003137463
904 15.693467945039872
906 15.479473576627557
908 15.402330638450685
910 15.7017269046857
912 15.489107894869797
914 15.193939850442037
916 15.790888994255337
918 15.372669798689422
920 15.839834878816278
922 15.484003616809789
924 14.899422448351958
926 15.125571170129682
928 16.24618861195731
930 16.06033515399973
932 16.059021183272147
934 15.712019768636862
936 16.15661633919951
938 15.029828468304233
940 15.290050827754547
942 15.470387853044086
944 15.709742801537809
946 14.644160225008221
948 15.339571655442299
950 15.347900135464212
952 15.290296658918791
954 15.463806655480823
956 15.788784035267375
958 15.753067647335666
960 15.57199588005707
962 16.029553199297442
964 15.547134943847722
966 15.417653384239498
968 15.190327903721306
970 16.382741136183288
972 15.621144483499911
974 15.384942471927516
976 15.131850984938493
978 16.662616892583454
980 15.856825899475345
982 16.823427522679896
984 16.481063789925493
986 16.057148676925404
988 16.460276224595187
990 15.546169340337544
992 16.143811257159726
994 16.012729096990984
996 15.086476478631687
998 15.886712783051554
1000 16.463987830659644
1002 15.101107112896214
1004 15.056765539559187
1006 15.96081105411171
1008 15.333688799136839
1010 16.404616885794102
1012 15.559371214375176
1014 15.461512934594074
1016 16.468987935790647
1018 16.460283036052846
1020 15.228564907501815
1022 14.933875618784715
1024 15.575298729644231
1026 15.66780804015045
1028 15.217812142841654
1030 15.719279540735629
1032 15.3202871292779
1034 15.963303210095557
1036 16.130449047803936
1038 15.598814758856125
1040 15.567258297239619
1042 16.05851007317761
1044 16.16152006610947
1046 16.50760516537622
1048 16.420654548489033
1050 16.849171141210448
1052 15.994914575740728
1054 15.562136294854001
1056 15.747569281679205
1058 15.273824138232522
1060 15.380908240103018
1062 15.906169447972449
1064 15.65638307975873
1066 15.761391862996991
1068 15.22427420433785
1070 15.822898937880442
1072 16.038136187405044
1074 16.12452163644507
1076 14.938575402786046
1078 16.2621942260058
1080 16.402016157757362
1082 17.026772053234104
1084 15.788872838730482
1086 15.335306412131393
1088 16.56199723348869
1090 16.159268819113148
1092 16.111295291062614
1094 15.668665713315056
1096 16.069647454112143
1098 15.929198028340252
1100 15.813465913944238
1102 15.99497151760278
1104 16.116757898420047
1106 15.788568881061913
1108 16.65813252528014
1110 16.39520406742188
1112 16.08062253591643
1114 15.666317028761215
1116 16.866983944609952
1118 16.79328868618294
1120 16.507964076409138
1122 16.054200391599466
1124 16.0826986980483
1126 16.097280128045366
1128 16.861721512954812
1130 16.053744407177735
1132 16.276187419744836
1134 15.91853322465535
1136 17.08885593109492
1138 16.530317206966945
1140 16.447171030764544
1142 16.104882862103118
1144 15.86290922135198
1146 15.466568899656917
1148 15.67637327174666
1150 16.025974099486962
1152 15.276811172120537
1154 15.112999224398457
1156 16.1966815563786
1158 15.873110139109675
1160 15.643867649883655
1162 14.650694250953629
1164 15.982867585135404
1166 15.761958053287403
1168 15.753918900125667
1170 15.726220511763726
1172 16.14751180107145
1174 14.746203318923119
1176 14.950043100557755
1178 14.731501906018138
1180 15.709033775799197
1182 15.513616936201164
1184 16.496998308177055
1186 15.888737608577124
1188 15.81420280828175
1190 15.663842292328658
1192 16.48158272503969
1194 15.321497694470333
1196 15.763981807797837
1198 15.547374671815401
1200 16.126252355112605
1202 14.939597293785537
1204 15.393241972544581
1206 16.156108528059313
1208 15.52600864838166
1210 15.48242202066557
1212 16.31358067728126
1214 15.72296925581361
1216 16.714640446299626
1218 16.241753594663557
1220 16.23335556936595
1222 16.27701726484618
1224 15.787614842618167
1226 15.871700076100067
1228 15.587832785181796
1230 15.373201209962868
1232 15.987072459958789
1234 15.752756518957696
1236 15.95783769879359
1238 15.47712056528823
1240 16.302902470830176
1242 16.439035076309086
1244 16.042405193491067
1246 15.959310091545248
1248 16.454728709384113
1250 16.82979469759048
1252 15.484905251943387
1254 15.684197805538636
1256 15.678024796231318
1258 16.183838134398993
1260 16.17223274230809
1262 15.756078562282838
1264 15.572083819337784
1266 15.764461385454421
1268 15.598942634255204
1270 16.275424358314964
1272 15.854618270066295
1274 15.388052046990651
1276 15.590177053802135
1278 15.178029198957331
1280 15.31642016744451
1282 15.347157968459937
1284 15.894661004748226
1286 15.807738100763302
1288 16.009513672704696
1290 15.264078616622664
1292 15.345599264835183
1294 15.69059549537899
1296 15.498914655131951
1298 16.03294528339868
1300 15.788564440632186
1302 15.089656495166553
1304 15.693827588304062
1306 15.417805650784196
1308 15.397794158303213
1310 14.654763698748852
1312 15.288213651305878
1314 15.417474521587584
1316 15.701869566773526
1318 14.405953141537983
1320 15.396352760323445
1322 15.290653017718899
1324 16.404770936864544
1326 15.48733441286294
1328 16.486981687415646
1330 15.353949437326857
1332 16.430777510799388
1334 15.270380267671785
1336 16.085930941617402
1338 15.785095677395496
1340 15.601133552644287
1342 15.541126327548113
1344 15.83319658133657
1346 15.589728247016897
1348 15.22909631063298
1350 15.484322364276466
1352 15.098126376089525
1354 15.725941165676275
1356 15.604898747608688
1358 15.15379980436414
1360 15.99714107434574
1362 15.626252026108304
1364 15.251319599429406
1366 15.097462574154152
1368 15.924576913627476
1370 15.654363174377652
1372 16.15899083895884
1374 15.52386766485824
1376 15.34167701556679
1378 15.345479230261995
1380 15.09408514100481
1382 15.774347479284957
1384 16.064404579907407
1386 16.118379992544515
1388 15.668242708373946
1390 15.310668298847899
1392 15.963026202513115
1394 15.925229026597204
1396 15.881430983174523
1398 16.284965380642692
1400 15.867302349393283
1402 15.344588397868044
1404 15.254502296296048
1406 16.269285178590113
1408 15.432654909771747
1410 15.980239111648828
1412 15.751685779272606
1414 15.938225709676878
1416 15.271264712384317
1418 15.612873466478886
1420 15.43886956163191
1422 15.83975345285276
1424 15.569844892706945
1426 15.928318645975079
1428 15.591680820827147
1430 15.869031413278382
1432 14.925983376674491
1434 15.40647391950151
1436 15.422384153276555
1438 15.547879826983477
1440 15.403397531835592
1442 15.57518523501399
1444 15.65670258788096
1446 15.687419238854545
1448 15.546547182475328
1450 15.478540978095053
1452 15.795056328644877
1454 15.040174366166934
1456 15.072785490783632
1458 15.259789293667197
1460 15.62307546839318
1462 15.174432210390671
1464 15.406475189706393
1466 15.387174346678364
1468 15.72690398957578
1470 15.05990489255985
1472 15.327373972986344
1474 15.382024053626902
1476 15.871063970947638
1478 14.98862481668347
1480 15.661746071709306
1482 15.843858579220909
1484 15.93563607743562
1486 16.731708984645877
1488 15.304991130061829
1490 15.356017990529036
1492 15.197966095620826
1494 15.316375256803672
1496 15.484608652397851
1498 15.118812764702893
1500 15.304858049436344
1502 15.153290701953717
1504 15.591523375994317
1506 15.920951305416414
1508 14.835760545617301
1510 14.929557178060753
1512 15.819327802111493
1514 15.701628465501413
1516 15.539967460059614
1518 15.888906523699026
1520 15.695902747581265
1522 15.593403044326884
1524 15.78182817368202
1526 15.129358819864018
1528 15.508291777170651
1530 15.377456439236987
1532 15.318787342816181
1534 15.456790889473224
1536 15.149048517546568
1538 14.858477967306335
1540 15.372097203191394
1542 15.595163522875767
1544 15.664996550238538
1546 15.853710622434347
1548 15.612016725048404
1550 15.242859360896665
1552 15.764788373452005
1554 15.829154495629712
1556 15.65970197235958
1558 15.884364070873627
1560 15.623557527168407
1562 16.04404764679471
1564 15.556227882062467
1566 16.444632249886844
1568 16.087824601511546
1570 15.353317903773215
1572 15.938045871474756
1574 16.047685929753438
1576 15.994577235615631
1578 15.3054515003644
1580 15.311499880248597
1582 15.640066388959724
1584 15.881791313089401
1586 15.050611960101742
1588 15.15751828295412
1590 15.50736978213523
1592 15.771452017382687
1594 15.634863536936244
1596 15.776968019887716
1598 15.673331099791294
1600 15.586983822179038
1602 15.733675076175277
1604 15.23223836198656
1606 15.430418468446936
1608 15.847933237006199
1610 15.66362091686177
1612 16.1444021243402
1614 15.819691070936031
1616 14.620614677900605
1618 15.345207045405699
1620 14.808365727110747
1622 15.608032821269171
1624 15.273605460634684
1626 15.491819993160558
1628 16.41566599958672
1630 15.48431203691983
1632 15.355864992463081
1634 15.502988677301214
1636 15.606514305169528
1638 15.851676392481707
1640 15.049898805807679
1642 14.955117511704408
1644 16.200322807582058
1646 15.712529925358519
1648 15.242788878850032
1650 15.152940766105784
1652 15.214569628669667
1654 15.076998239961469
1656 15.878066557980793
1658 15.785981725663916
1660 15.25084407023964
1662 16.01778122947019
1664 15.699805586858378
1666 15.585846931715285
1668 15.32361316393663
1670 16.400646962408008
1672 16.086023137521604
1674 16.293745867965367
1676 15.454907485354898
1678 15.714068111959808
1680 15.295885395963534
1682 14.916516861545807
1684 15.570060129020012
1686 16.141951019088957
1688 15.883606248038292
1690 15.77367333174557
1692 15.520279700130082
1694 15.658297109574326
1696 15.732608570625942
1698 15.690222963656113
1700 15.047594985371123
1702 15.75457353940419
1704 15.59219543531543
1706 15.213156615985481
1708 15.836421126836951
1710 15.30443968222428
1712 15.375061928230455
1714 15.5535027025941
1716 15.116223500029479
1718 15.529777265869265
1720 15.918858095747243
1722 15.527906644673376
1724 16.050324607540983
1726 16.059705553030128
1728 14.943644889485933
1730 15.72683251250791
1732 15.461790771016686
1734 16.276294703118285
1736 15.386489670088025
1738 15.288267149250283
1740 15.594534681691732
1742 15.363213809386785
1744 14.475225949963447
1746 14.884452195910267
1748 15.0517404829128
1750 15.110821912163871
1752 15.215403115922639
1754 15.355937186995643
1756 15.023857343288562
1758 15.420882688756565
1760 14.773522964723059
1762 15.605156982180269
1764 16.01233097289232
1766 15.14226455422543
1768 15.507691550417963
1770 15.601112729225962
1772 15.756915185781956
1774 15.520154447672434
1776 15.248427567962109
1778 14.875376208563022
1780 15.116700168785513
1782 14.94530527629475
1784 15.238800160592579
1786 15.53358410725902
1788 15.493418433984031
1790 15.775229719566424
1792 15.89297925768069
1794 14.828382646644505
1796 15.412836707231738
1798 15.234952419547321
1800 15.866323655169298
1802 15.25794961636136
1804 14.908410836978561
1806 15.163816187303704
1808 15.161380003772303
1810 15.159838476404596
1812 15.11356663415601
1814 15.228637260640486
1816 14.835469243491993
1818 15.107167142834742
1820 15.295089211430872
1822 15.058402833583772
1824 14.729853951014626
1826 15.555717353919155
1828 15.597737337298245
1830 14.88287993976893
1832 15.687493582118003
1834 15.573491252782679
1836 14.930513730575864
1838 15.638271501644132
1840 15.169354855848756
1842 15.483644964186498
1844 15.363597787270013
1846 15.336280785289294
1848 15.517569159551543
1850 15.884964298717332
1852 15.383466894054028
1854 15.763485795855336
1856 15.126166643332814
1858 15.860887394309827
1860 15.199978605157261
1862 15.331173425246984
1864 15.374548549172522
1866 15.55651145093136
1868 14.667313266294073
1870 15.277733524057243
1872 15.409926686840826
1874 15.290916321607325
1876 15.241729035704266
1878 15.35541772342278
1880 15.335630833623602
1882 15.198403570565834
1884 16.675084084457207
1886 15.088474990909457
1888 15.496296324619031
1890 15.820680039908135
1892 16.48355188305224
1894 15.489064936631076
1896 16.073709362562855
1898 15.465070992330121
1900 15.588309990367213
1902 15.543843040960363
1904 15.086635758699417
1906 15.896919649980061
1908 15.333817247888563
1910 15.199091564036417
1912 15.065778991837279
1914 14.69119018262228
1916 15.37248907223353
1918 14.93852041248607
1920 15.727285312540475
1922 15.626712212049013
1924 14.487854492274161
1926 15.306012494887609
1928 15.275173738233223
1930 15.66327456637643
1932 14.986491974111654
1934 15.934315070092572
1936 15.40922427790671
1938 16.01227534854973
1940 15.733258109954239
1942 15.765607385861385
1944 15.11013596257169
1946 15.476031022788982
1948 15.483287029371558
1950 15.608948737259214
1952 15.341083235314226
1954 15.53653783046879
1956 15.459488167529742
1958 15.774216707401001
1960 15.819058047295485
1962 15.914903449300562
1964 15.960504724844808
1966 14.996291820292724
1968 15.249882086426604
1970 15.229685384766569
1972 14.575108694623573
1974 15.101135334406981
1976 14.80951234724487
1978 15.262736247716866
1980 15.027675014830704
1982 15.155232463428147
1984 15.692786548938127
1986 15.677719202178581
1988 15.235957348713168
1990 15.120226001364124
1992 15.407322995647045
1994 15.69268579295219
1996 15.560545331524292
1998 15.125780802299488
2000 15.19971429134828
2002 14.739587997620927
2004 15.472601437947562
2006 15.544183116515905
2008 15.364799017346437
2010 15.680982496272199
2012 15.630282989986966
2014 15.814431447787284
2016 15.309334793838852
2018 15.695868418947656
2020 15.371777607685898
2022 15.260058636034385
2024 15.80352234249097
2026 15.788112605178803
2028 15.187371615550557
2030 15.65477700156615
2032 15.282009903599931
2034 15.32469207325151
2036 15.450219065870776
2038 16.107951116714794
2040 15.607360497627106
2042 15.030272233014433
2044 15.31810529491893
2046 15.179289161116447
2048 14.940004495725166
2050 14.879552083813692
2052 15.240110515886345
2054 15.375217465830596
2056 15.1578687649357
2058 15.00284781234932
