0 9.916077885061066
2 14.70608773305728
4 15.160013733307506
6 15.60606240364277
8 14.971328075468612
10 15.225076727513859
12 16.088874387185943
14 15.566522918712904
16 15.814292555843643
18 15.481065160000153
20 16.423674770363153
22 15.829071760886848
24 15.026150686979992
26 15.246410797191139
28 16.004025404007745
30 14.988554344782598
32 16.66283796687157
34 15.215076328257284
36 15.052694939008807
38 15.964437477438905
40 15.472926894053018
42 15.304032222606311
44 16.132718701490784
46 15.050361442003771
48 15.15014863296981
50 15.795448468716858
52 15.819582446120949
54 15.469970362216811
56 16.128944875191337
58 16.69602664904214
60 15.976454815499473
62 16.053162712911025
64 16.517810180952186
66 15.000858269515644
68 15.656424908189438
70 15.357114113268942
72 15.959409183667319
74 15.991153847274445
76 16.04925877803523
78 16.029312569773793
80 16.12412136959464
82 15.958589807036711
84 15.485073376028062
86 16.54668991575041
88 15.527446168295226
90 15.71555380340473
92 16.119957615723987
94 16.03234442193624
96 15.906484194273244
98 14.857056574668393
100 15.592997100280199
102 16.164809862383425
104 15.761930091523357
106 15.506821992337885
108 14.930479551818076
110 16.068911674028527
112 15.178687568592402
114 15.951934873503928
116 15.740293194804483
118 15.760521898587415
120 16.090958566699637
122 15.4408360789586
124 16.058618965865815
126 15.801229638262704
128 15.504023704954692
130 16.452492103917198
132 15.813117337760355
134 15.737277160282986
136 15.182970294877425
138 16.202328227270733
140 16.122150980563354
142 15.683143855432712
144 15.822882909435409
146 15.128942848281062
148 15.526624946019783
150 15.801804003326572
152 15.4092472965463
154 15.327819706400776
156 15.26140884055993
158 15.619416144250359
160 15.409444671072409
162 15.800073905289695
164 15.694130590105328
166 15.317836002670765
168 15.110249806833977
170 15.29300661852907
172 15.023837774179228
174 15.453733288512915
176 15.22613934322707
178 15.388058803352092
180 15.451981780616938
182 14.718660216933763
184 15.577329229830813
186 14.706369899850126
188 15.03737380758794
190 15.172961176603335
192 14.857337308119098
194 16.045396825367554
196 15.64185323521001
198 14.926884760309392
200 15.212365702204394
202 15.857998266332313
204 15.692298277370035
206 15.810011331748916
208 15.60825122526912
210 16.231084651842163
212 16.170456193800952
214 15.558972924665262
216 15.632472184228032
218 15.615355185685392
220 15.443742773792128
222 15.982466470824983
224 16.419287392583445
226 16.213208137479754
228 16.640988686975756
230 16.29107887081708
232 15.270325451216266
234 14.695676825464627
236 15.58880734445807
238 15.946336282818713
240 15.38200261257432
242 15.251640509946725
244 16.068532080556892
246 15.826057932609741
248 15.890007497455509
250 15.350890930169061
252 15.80516518834568
254 16.138929738389184
256 16.680295549881297
258 16.050041322460416
260 16.670608647982124
262 16.05429007282742
264 15.60708615210619
266 15.965138182005152
268 15.73602988403624
270 15.50620909512531
272 16.2956515924204
274 15.366268277868139
276 16.062140179332268
278 16.255616278652226
280 15.412969275887335
282 15.220080341623449
284 15.891696639904202
286 15.21193149619811
288 15.440423342974249
290 15.394249070461376
292 15.174548231561696
294 16.26854181284378
296 14.804809527862233
298 15.273423839908872
300 15.61215436400572
302 15.625046798954482
304 15.639063864207948
306 15.439748577778904
308 15.889727451299185
310 15.26070373412401
312 15.393735062911245
314 15.946647329181456
316 15.757314748158109
318 15.761650802305736
320 14.824605123838706
322 15.2919825344526
324 15.709466018781475
326 15.085703653698262
328 15.007629198762528
330 15.386813731382261
332 15.260165758747332
334 15.29684348492914
336 15.547493252078121
338 15.46321390794459
340 16.346380596698893
342 15.301051441242551
344 15.635489926228423
346 15.366162956958824
348 15.989008229258566
350 15.266729682516655
352 15.47632224502877
354 15.646137773714203
356 15.56331707584815
358 14.806215229964945
360 15.316203276379921
362 15.239032089857144
364 14.790851743471192
366 14.767549144846514
368 15.227362151109986
370 15.183431631418435
372 15.644016879225113
374 15.049213127579106
376 15.127175411942002
378 15.335103068876666
380 15.180655987103753
382 15.358079288021235
384 15.356120072123149
386 15.658038394789454
388 15.732286433504365
390 16.01043450246969
392 15.183492951734255
394 15.778348026034672
396 16.12460972134841
398 15.54141311563708
400 15.99168386195014
402 15.951519711414349
404 15.102836228739228
406 15.545740416947341
408 15.310666759082881
410 15.17909783860309
412 14.698742661973153
414 15.489800661504662
416 15.07356922957729
418 15.088583108303778
420 15.107292994160685
422 15.54816016162841
424 15.846357159983004
426 15.309088386693974
428 15.663576914429704
430 14.576764062826213
432 15.377170960824552
434 15.3700432628277
436 15.316343472917664
438 15.31273529534866
440 14.862776960894701
442 14.729859342922158
444 15.434687508603142
446 15.602414980661766
448 15.22706618887946
450 14.994406739980608
452 15.824034208649197
454 15.927687480580635
456 15.61373231127841
458 15.166311857216384
460 15.674173142719132
462 15.450792731334426
464 15.576233326490254
466 15.583695212201453
468 15.102256232349731
470 15.379876624557157
472 15.169878708137489
474 15.654678965141217
476 15.308821225828343
478 15.290604423618536
480 16.097763578343688
482 15.205930084714089
484 14.987164929027932
486 15.413379924226891
488 15.777836304479854
490 15.627523537232479
492 14.565639602968083
494 14.523751774900328
496 15.133730593257972
498 14.892676042301797
500 15.477859497824804
502 14.772859898521213
504 15.899903858110694
506 15.17727339149453
508 15.260103229564692
510 15.305348183562643
512 15.094054604361798
514 15.501798156197202
516 15.32791621728077
518 14.921140374587434
520 15.092652476414091
522 14.96952439301466
524 15.287018221713181
526 15.590932805194692
528 15.169766542152177
530 15.251185887190632
532 14.564727437134325
534 15.711534916073429
536 14.768247431848737
538 14.734587609689735
540 14.628254624381867
542 15.237993316502278
544 15.207146534911852
546 15.38573543622029
548 14.966663551949377
550 15.55546417397299
552 15.175477782923334
554 15.216972065922334
556 15.438877464758498
558 15.5002912898115
560 14.654046632023624
562 14.564199067873284
564 15.804874490678223
566 14.945605069750288
568 15.39106902893082
570 15.267031252399478
572 15.31069181737328
574 15.539078680588645
576 14.879577893352677
578 14.987890320394303
580 15.683398437844494
582 15.062885947753909
584 15.064520235674141
586 15.158071520496884
588 14.67016540808593
590 15.239940087409932
592 14.954076603654526
594 15.740082242526478
596 14.785376875212284
598 15.518672109802418
600 15.513648843502029
602 15.259538693037209
604 15.29600376433466
606 15.633110186407308
608 14.80821643173875
610 15.299349060973523
612 15.051359404245694
614 14.938456821128673
616 14.950597819033423
618 15.115958990379061
620 15.038389437253382
622 15.206712973286491
624 14.950855436519582
626 14.925140452176251
628 15.165979655262147
630 15.354563637947718
632 15.174224777406419
634 15.075744059912468
636 15.1529648052436
638 15.559415524447513
640 15.382547342498205
642 15.204957767871964
644 14.703596332364167
646 14.821848414128182
648 15.249215464939532
650 15.148632273661065
652 15.014375533953928
654 15.223095503831908
656 15.033384594975306
658 14.65303371288636
660 14.684960976933784
662 14.868472416805119
664 15.297904489466672
666 15.167527610259985
668 14.698885824112633
670 15.164041763655424
672 15.68745177330279
674 15.381014031863078
676 14.582305548420502
678 14.543714206236611
680 15.258276452639896
682 14.41467762174286
684 15.428650934922157
686 14.93973003547138
688 15.189854950002234
690 15.103064654965241
692 14.769239014771905
694 15.104325284314546
696 14.447804969782657
698 14.94165196999948
700 14.65317960326065
702 15.621941963251547
704 14.836176208628086
706 15.386859794630789
708 15.239991764859266
710 14.30007789473302
712 15.148520380973238
714 15.357741737260536
716 15.121563240661386
718 14.97456143387282
720 15.125090569444533
722 15.227324840820451
724 15.334288172660933
726 15.076055824974528
728 14.960354509284263
730 15.207191086529184
732 15.057354364834392
734 15.25435852332489
736 15.800253840861423
738 14.730349102870912
740 15.512588550202796
742 14.96935436745114
744 14.5898131741242
746 14.945135624955192
748 15.451110395806316
750 15.477551196986354
752 15.43750405055936
754 15.560984396405933
756 14.619119064995155
758 14.907356979910587
760 15.04628490576108
762 14.659476172963108
764 14.886593989018802
766 14.933339457398766
768 15.329374396990007
770 14.91609781468905
772 15.110596399258853
774 15.207191177537078
776 15.471528313076002
778 15.712015111272018
780 15.135594124955938
782 15.19150947880989
784 15.854122553967208
786 15.108179889679423
788 15.71803930776133
790 15.174823080274335
792 15.496988576128294
794 15.404072155868132
796 15.397802663616819
798 15.428206106892754
800 14.977127901593652
802 15.350305418872482
804 15.059650909309783
806 15.526833744381616
808 15.677382997963104
810 15.050537495390655
812 14.866403641113804
814 15.067831997518454
816 15.320992673382932
818 15.974042349753121
820 15.450564255176085
822 15.93286223805092
824 15.450803630187425
826 15.316243995410895
828 14.863429706676573
830 14.73796500021282
832 14.597269961192124
834 15.378080917497282
836 15.11942392917047
838 15.257923281088557
840 14.470332599606941
842 15.123543420796512
844 15.077266499203317
846 14.85360347894953
848 14.88736893506307
850 15.29928025291897
852 14.701955854611297
854 14.846924164117475
856 15.019886476218364
858 14.75938154687554
860 14.88530262571647
862 14.739070733646402
864 14.49924570076805
866 15.093550341996597
868 15.310219287663916
870 15.026613438153875
872 14.960088243277598
874 14.782354681320035
876 15.482301396461011
878 15.295963945496272
880 15.000382478647241
882 15.678433022540819
884 15.010186864414457
886 14.522303808421807
888 14.819034229271795
890 15.17352749835078
892 15.376776909992065
894 15.087481755585287
896 15.596759963214144
898 14.963218157597693
900 14.972171439943097
902 15.273800265434891
904 14.809896900300894
906 14.98891665442048
908 15.052071252997978
910 15.200569450152903
912 15.17689192404957
914 14.765309727951532
916 14.957285998582405
918 15.076565668544983
920 14.858543533069769
922 14.633695952169289
924 15.138141158571447
926 15.243629213575746
928 15.265251827219052
930 15.129541380817704
932 15.326314696036023
934 15.240368822697564
936 14.855583372369946
938 14.754862271697052
940 15.588808602939798
942 14.916152053931008
944 15.452010695100604
946 15.306013440162337
948 15.461894345116212
950 14.737729686086507
952 15.165722595368878
954 15.35170702241943
956 14.73545641619142
958 14.959416459682734
960 15.207954167025186
962 14.912420534577493
964 14.826002750445337
966 14.774255218995297
968 14.825964366509936
970 15.01910328409621
972 15.466310880343954
974 14.734461476893557
976 15.390480335716203
978 15.183089964229783
980 14.579148428581881
982 15.067910427736477
984 15.404837384132549
986 15.256701759285736
988 15.228014485711418
990 14.720528271674505
992 15.614249491892167
994 14.735661358963416
996 14.933961587316592
998 15.059311185487834
1000 14.913599705329304
1002 14.979493774907338
1004 15.253866386393922
1006 15.127218697235628
1008 15.217788268810331
1010 15.228341103153827
1012 15.1525934720177
1014 14.594887539942905
1016 15.130192994919584
1018 14.932446134155091
1020 15.881953500947096
1022 15.467500968947355
1024 14.775308959830037
1026 14.964907934417045
1028 15.54269828013631
1030 14.813662397528564
1032 15.136295586324303
1034 15.5256032683146
1036 15.12508711094074
1038 14.733721941719477
1040 15.17870250981965
1042 15.68352596235807
1044 14.728975293890302
1046 15.132525674876895
1048 15.573266621397561
1050 15.30441835222476
1052 15.1910580773025
1054 15.115247658769958
1056 14.728104280202594
1058 15.704930950646716
1060 15.16513345500703
1062 14.839842802796127
1064 15.644767936335999
1066 15.333295370956872
1068 15.626542955852424
1070 15.027701235756584
1072 16.357888662653032
1074 15.299793132507318
1076 15.093312481427192
1078 15.240971198587678
1080 15.80645540520805
1082 15.224780802837097
1084 15.137817393396363
1086 15.863121027436913
1088 15.110115466180376
1090 15.199488079888715
1092 15.008227854397738
1094 15.289697117722762
1096 14.929930680786772
1098 14.695475966413508
1100 15.560594108733149
1102 15.345335268477498
1104 14.995928680063555
1106 14.954945206617783
1108 15.08127309550481
1110 14.931089088694998
1112 15.139582176340468
1114 15.035080793017627
1116 15.158309537301461
1118 15.148183517889601
1120 15.004019149658433
1122 15.03264431979364
1124 15.108134568880036
1126 15.291582530365973
1128 15.091518975942295
1130 15.63133748692915
1132 15.405918931257892
1134 15.029152137056773
1136 14.712813874795494
1138 15.233481423914526
1140 15.355702766875048
1142 15.277872097182891
1144 14.908256450309793
1146 14.910990285041171
1148 15.660096333625042
1150 15.052302845930878
1152 15.126482189855725
1154 15.074909370922416
1156 15.48963290642333
1158 15.081915788255943
1160 15.329921564348835
1162 14.885981910105643
1164 15.472854438900084
1166 14.964155295890048
1168 15.040849435845224
1170 15.632592414157351
1172 15.434662968373813
1174 16.086659498998415
1176 15.547622554852644
1178 14.90496074498885
1180 15.396330060752097
1182 15.446112974406166
1184 15.909623318186735
1186 15.84740848128262
1188 15.400354102687311
1190 14.980172649046786
1192 15.05010955750568
1194 15.541168633783895
1196 15.701176819936773
1198 15.403794518007134
1200 15.059912401432307
1202 15.590299267102935
1204 15.848809822720263
1206 15.201073441196938
1208 14.903940631390272
1210 15.221316435499054
1212 15.657881884803006
1214 14.56011702291528
1216 15.334166353327284
1218 15.04561818093947
1220 15.53730499032345
1222 14.9464420010672
1224 14.903106068723607
1226 14.896534649434358
1228 15.057035531007903
1230 15.171384552329819
1232 14.946254563879853
1234 15.175686996771772
1236 15.46054685476962
1238 15.328581597989354
1240 14.761037145737097
1242 15.259790673577747
1244 15.504379980047384
1246 15.771586875250286
1248 15.249844429199982
1250 14.872641128330331
1252 15.233212204425017
1254 15.537138904553437
1256 15.3037697924702
1258 15.036630320984093
1260 14.8943726996638
1262 15.475018769236685
1264 15.129738092773424
1266 15.603055165357071
1268 15.657430738444997
1270 14.481921076347158
1272 15.32748694787025
1274 15.25917274322879
1276 15.182813348827978
1278 15.089318052220081
1280 14.774446335799846
1282 15.301813439802583
1284 15.274255728563675
1286 14.683544558601872
1288 15.24791449603467
1290 15.047851314219518
1292 15.221902337011253
1294 15.18751541621739
1296 15.413241398339876
1298 15.370213409512028
1300 15.08247644950349
1302 15.620873157357453
1304 15.05997154081325
1306 14.889386570519617
1308 15.172046571911052
1310 15.34633596542017
1312 15.218506795895083
1314 15.497347284935092
1316 14.660598513680274
1318 15.211735211572408
1320 14.969295158026048
1322 15.403340020566873
1324 14.997447999874977
1326 14.982244533358466
1328 14.803358401444546
1330 15.328225994748014
1332 15.10338376441897
1334 15.073711598266001
1336 14.941990987333009
1338 14.965291563305392
1340 15.448415022749725
1342 15.261592998827183
1344 15.320893136430621
1346 16.09071747303551
1348 15.303556983514078
1350 14.937668566814324
1352 15.177793964222039
1354 15.291752938181629
1356 15.291263346202818
1358 15.259111560642637
1360 15.63902049165814
1362 15.39095895081238
1364 15.426485708940925
1366 15.223213519639685
1368 14.801684979585799
1370 15.177612475585308
1372 15.230257121350338
1374 14.850043455736554
1376 15.724183450964864
1378 15.316939754961462
1380 15.084312959425723
1382 15.073978343757144
1384 15.7999647162329
1386 15.254860697974085
1388 15.060380279685837
1390 15.290690231965016
1392 15.049269920512167
1394 14.78823703371931
1396 15.005532254342116
1398 14.959306874359651
1400 15.401328744217805
1402 15.267924357442539
1404 15.024725466234461
1406 15.807381555251407
1408 16.51431055185014
1410 15.998921193757132
1412 15.458153749894516
1414 15.075112990328535
1416 15.696130565065774
1418 15.820921701140156
1420 15.251764450907647
1422 14.821446243537444
1424 15.819672472203798
1426 15.11454051902841
1428 15.31925515558158
1430 15.634846751429919
1432 15.357089976383492
1434 15.06181860816297
1436 15.623333467766344
1438 15.090643481167527
1440 15.190489268659785
1442 14.843084589939485
1444 15.703427708915815
1446 15.529372677584224
1448 15.10003432667891
1450 15.487083332556328
1452 15.150780778666652
1454 15.445278146103462
1456 14.944767822424224
1458 15.437635649872052
1460 15.153258409853915
1462 15.901034198932129
1464 15.167024291354357
1466 14.976938580147069
1468 14.419753693953574
1470 14.992591621866287
1472 14.963562839987047
1474 15.36779768425115
1476 14.932741769610947
1478 15.22547652237321
1480 15.144547115594701
1482 14.941750236645264
1484 14.614076470070204
1486 15.339293913127763
1488 14.811430318461277
1490 15.826573146644314
1492 15.810141754770088
1494 14.83192818739752
1496 15.641629572021646
1498 15.845291937096887
1500 15.650706563191706
1502 15.433565564667354
1504 15.213817128799727
1506 15.3603445511179
1508 16.185857849583982
1510 14.956266842532418
1512 15.644245313985358
1514 15.031071340383756
1516 15.340647278301747
1518 15.077536509930137
1520 15.470504779533957
1522 14.720207330446879
1524 15.331866846651511
1526 15.341908571364359
1528 15.069056831318962
1530 15.464469667426968
1532 14.574052011326824
1534 15.040962462170057
1536 15.26985344177631
1538 15.009311899250468
1540 14.875276660148087
1542 14.90634817082667
1544 15.189371544882436
1546 14.982115995240594
1548 14.85034027295749
1550 15.00418872504965
1552 15.062982655041152
1554 15.016639019726124
1556 14.79033418248367
1558 15.026926744361843
1560 15.487990840302398
1562 15.103712798466272
1564 15.542532184356585
1566 15.243382082145315
1568 15.300891300346047
1570 15.599583360049005
1572 15.446914669568013
1574 14.999835768755052
1576 15.583863021603484
1578 15.361328650669003
1580 15.088901665158064
1582 15.660713352897162
1584 15.414618930418968
1586 15.534365959874222
1588 15.102519526388152
1590 14.85240964190976
1592 14.486227825931769
1594 15.62770965899401
1596 15.107493355520056
1598 15.169665540857453
1600 15.27262990562048
1602 14.950505448489958
1604 15.076268187161475
1606 15.310847584231828
1608 16.014580459268792
1610 15.009983408067486
1612 15.516313127129026
1614 15.587046258144099
1616 15.576222242474588
1618 15.363139112894457
1620 15.211699457881636
1622 14.487596221210621
1624 15.043319630420617
1626 15.086800880752673
1628 15.000823109539688
1630 16.212322214958014
1632 15.065343480795207
1634 14.871893021149472
1636 15.051721829189399
1638 14.860642303715842
1640 14.599390212821353
1642 14.947892645979037
1644 15.219568229699375
1646 14.80294975104262
1648 15.1026970429522
1650 15.082504242617098
1652 14.772470236422551
1654 14.927789904466762
1656 14.434749719335985
1658 15.377807209270765
1660 14.914921119168179
1662 15.30518913763058
1664 14.924782123554388
1666 14.994504288040702
1668 15.152395324698565
1670 15.081554838008692
1672 15.1645236415005
1674 15.232943689575695
1676 14.840257683134697
1678 15.528234947303533
1680 14.978488201259836
1682 14.788269322508924
1684 15.047257593664627
1686 15.3131673679738
1688 16.1885994383788
1690 15.475677177638126
1692 15.702449593687449
1694 15.403688534214021
1696 15.048682789796308
1698 14.91547405434722
1700 15.12790752638036
1702 15.291262845870026
1704 15.614286682468933
1706 15.344450351570472
1708 15.10137343369075
1710 14.935470306992345
1712 14.942858531341786
1714 14.797528365908466
1716 15.412460013952174
1718 15.170589679079061
1720 15.210215184422054
1722 15.50869223949147
1724 15.034311299009397
1726 14.94434404206829
1728 15.560028185978783
1730 15.640605729220047
1732 15.668028264738872
1734 15.057147321403198
1736 15.517249622862352
1738 15.981699569712962
1740 15.379615590286605
1742 14.674339491789256
1744 15.4326510696294
1746 15.29376851337135
1748 15.406609082601735
1750 14.656864602236976
1752 14.970572827223402
1754 15.419987264548363
1756 15.432435129174346
1758 14.93312211543533
1760 15.489675881016447
1762 14.750221853161587
1764 15.187233228513552
1766 15.694967882139267
1768 14.871565185450086
1770 15.237031714863566
1772 15.04042014083162
1774 15.233672182909995
1776 14.944394081879993
1778 15.328217946768728
1780 14.664182740209792
1782 14.645504080035366
1784 15.064280574623774
1786 15.085786301677869
1788 15.441961308169539
1790 14.896472586899087
1792 15.041886668674723
1794 15.456265708710133
1796 15.477901559791508
1798 15.052773736690167
1800 15.2392392783151
1802 15.04332483856411
1804 14.978715210482004
1806 14.724100137103703
1808 14.729753309206137
1810 14.93019549978418
1812 15.113105594539752
1814 15.275361053345485
1816 15.081512301881109
1818 15.338188433257258
1820 14.883885412032683
1822 14.591262890945902
1824 14.790013498091021
1826 14.624504097538649
1828 15.415878126962356
1830 15.472255096101595
1832 15.5522553241172
1834 15.12511240132143
1836 15.237405432967535
1838 15.404827070049205
1840 14.957079763734269
1842 15.918910707751976
1844 15.922854292829342
1846 14.938818334296501
1848 14.962465864942848
1850 14.903938783414539
1852 15.127413705867811
1854 15.036458050051692
1856 14.810624061228529
1858 15.086843453956979
1860 16.295831893752144
1862 15.023553331955503
1864 15.537498027628011
1866 14.931133616515949
1868 15.837638876098593
1870 15.34862348258263
1872 14.490823903167373
1874 15.976351650313298
1876 15.67649164654764
1878 14.92839994468523
1880 15.630696560795265
1882 15.922651465174788
1884 15.07563699781547
1886 15.288343857664506
1888 15.281198455787091
1890 15.31472039436142
1892 15.371180664264607
1894 15.446851523959289
1896 15.292911186637461
1898 15.129093313741334
1900 15.50262682209453
1902 14.828771626691895
1904 15.069585205935134
1906 15.08982691640957
1908 15.314727595065323
1910 15.460256440084965
1912 15.236281390535476
1914 14.970235515365397
1916 15.801563721645952
1918 15.483569341588206
1920 15.582918799146636
1922 15.360747354924461
1924 15.018193254976033
1926 15.872287006162132
1928 15.192062288162594
1930 14.884318037473111
1932 14.926902478499422
1934 15.234774776405905
1936 15.562638843233492
1938 15.189633435063895
1940 15.245527198311672
1942 15.39204337928301
1944 15.15210025141256
1946 15.173536718066464
1948 14.944940324285282
1950 15.320344862282624
1952 15.251597014709555
1954 15.809514161765332
1956 15.500993107442048
1958 15.488165303990137
1960 15.132681093745262
1962 15.468507396004755
1964 15.193610625895346
1966 15.653208982201644
1968 15.292038973076416
1970 15.486767175168813
1972 15.775401958298506
1974 15.716506721683386
1976 15.208162500873371
1978 15.335966349211612
1980 15.393287968780465
1982 15.206055700953097
1984 15.374997346906417
1986 15.360994012282367
1988 15.377415919104486
1990 15.520460961959625
1992 15.054578392995472
1994 15.216951002583347
1996 15.594785867674409
1998 15.304866319064734
2000 15.67440064852293
2002 15.733955454234863
2004 15.438263222055967
2006 15.159653305278441
2008 16.136188242082028
2010 15.01975632674532
2012 15.034960498003409
2014 15.532032510429914
2016 15.973756219577684
2018 15.527088758519898
2020 15.433908800333159
2022 15.217629376734958
2024 15.54655765173548
2026 15.244891530697693
2028 15.63780456666031
2030 15.423946755631674
2032 16.017565921836933
2034 15.694237866475635
2036 14.917823614871827
2038 15.343827186034543
2040 16.09246805422435
2042 15.6388604342643
2044 15.211670392555769
2046 15.661962372465592
2048 15.817085959459481
2050 15.184301263022245
2052 15.743629820328577
2054 15.642943521375706
2056 15.549047715445488
2058 15.949240169976465
