0 12.64210450772784
2 12.66495881168768
4 15.32642098619459
6 14.591029645997482
8 14.17174217546629
10 13.990237739077676
12 14.409838773739205
14 12.966100666654178
16 14.746777626116558
18 13.835467023120293
20 12.722237777122674
22 12.675788604102054
24 12.62202303044015
26 11.674669458321882
28 10.9323882921163
30 12.421673886935139
32 11.893368903854999
34 15.165388094712336
36 10.103041584673345
38 14.118569581519717
40 13.75564759904652
42 12.868863172617125
44 13.256244635122052
46 11.382927085666541
48 11.837095474374776
50 10.919154768431452
52 11.756083997223488
54 11.685705888784392
56 12.211650574741803
58 10.43349427923157
60 10.088569209393086
62 10.083665117878837
64 11.809255108838272
66 13.268900845851357
68 11.549281139381144
70 12.773099511965908
72 12.422680553191674
74 13.355649215818344
76 12.436242726578003
78 11.058798229052556
80 12.493328796952914
82 10.405619842676854
84 10.100069978377451
86 10.804424439677142
88 11.350886290241325
90 13.702363621664674
92 12.985415477783475
94 12.788937161736571
96 11.224736406864444
98 12.970355149629999
100 12.18166365137685
102 12.117165660995555
104 13.810814767682523
106 13.310778663841472
108 12.38504376733222
110 9.698606079627414
112 13.93438233297865
114 11.352902725160643
116 13.330839292372977
118 11.941449109677388
120 14.488114851958189
122 10.679460062105985
124 13.064865804891653
126 10.483691315850825
128 12.12733277887702
130 11.971803524384814
132 10.596662199108717
134 11.009040890947059
136 12.41684932263253
138 12.515121045078983
140 11.15619341804742
142 12.340023004402967
144 11.780695233646279
146 10.909316873815794
148 10.443036005256351
150 14.248573420060193
152 10.58833641926206
154 10.65816864543488
156 13.096266943726729
158 10.77674634535012
160 11.625096896392172
162 12.039622644741181
164 11.155940035306916
166 12.50078774471575
168 12.037377234415633
170 11.161263569497859
172 10.195412901805557
174 12.455627578492289
176 11.786676612292656
178 11.09289777262217
180 10.882798578549158
182 10.59867183008284
184 11.46158564704203
186 11.000313627176837
188 10.656581614851353
190 10.228207354652428
192 10.793667708324094
194 11.309004114964363
196 11.76875148066194
198 10.036834280931048
200 11.72555375252377
202 14.034160857852928
204 13.478249519410664
206 10.708522333244689
208 12.67055592510408
210 11.567011448834574
212 11.946322967353375
214 13.698088990965518
216 12.637288980448533
218 12.184709583403139
220 12.272117828680436
222 13.88087214475671
224 11.602124365077216
226 11.866164063634889
228 14.456487529251705
230 13.942274533414306
232 12.892034673396212
234 13.248972507702216
236 12.244212573319167
238 12.4961508283769
240 12.457076793314277
242 15.171521602958915
244 15.04737154930041
246 14.626908124556133
248 14.501619468489224
250 11.418463151479921
252 12.621939385263564
254 12.91166183779614
256 10.608190283435464
258 11.446589026110185
260 11.16138082090411
262 11.446535978767471
264 11.49514878756272
266 11.351026934713333
268 10.728571726653673
270 12.712815807702377
272 12.949027607942439
274 11.935716594127614
276 12.109356150691779
278 12.446913658634415
280 13.606051516823545
282 13.65045852729485
284 12.236055499757931
286 11.57298938902771
288 11.392518637610745
290 12.51131383252919
292 12.029827661462923
294 14.85615834459038
296 14.700855762201
298 12.991213394362184
300 14.791453528486873
302 13.777704560729326
304 14.253687161972417
306 15.747719190751926
308 14.447763447260582
310 13.987756191058685
312 14.767557701723556
314 13.35765834297015
316 14.073939222782782
318 12.864729944948733
320 11.97703217824174
322 14.174024793661944
324 13.996840632548412
326 11.300368942586813
328 11.517732630758466
330 13.522568094935979
332 14.773233075083084
334 13.713172815478403
336 14.63034891918607
338 15.14826581672255
340 14.428882471751642
342 15.372897354080946
344 15.190818778216116
346 15.11760163152127
348 14.31768710526268
350 15.346387282504327
352 14.976582621352083
354 13.829906447972004
356 13.333558220635135
358 13.67291808744363
360 11.395269988320802
362 11.881919676714375
364 12.11619509354986
366 14.450375587524892
368 14.167801533081562
370 12.060808609762876
372 11.184048127558816
374 13.0507552122108
376 11.857455405005034
378 13.571556395617833
380 12.874036128497258
382 11.316113406639136
384 11.94847785558377
386 14.686379693186511
388 13.560902975845082
390 14.232245656633475
392 11.625173479796716
394 14.531686096868215
396 13.210605477745931
398 13.533486171093715
400 12.069742209931066
402 12.674185317008165
404 14.049110049698587
406 13.39925423235209
408 13.743511771422146
410 13.930209488237026
412 14.022320700873852
414 12.616484262044136
416 12.49252066961615
418 12.613027464591484
420 15.359473705316137
422 13.900104887642902
424 14.267334139555757
426 15.017525066357692
428 14.421787627123773
430 13.715892102930242
432 16.158742398534816
434 13.720269146162067
436 14.494451677282447
438 14.282949654828363
440 11.503443648649087
442 12.3531480896433
444 10.345564841215555
446 11.837908915852688
448 13.052753060926817
450 13.734830676279744
452 14.657424975391192
454 13.62352789159952
456 9.92538282111226
458 10.358855946830813
460 10.87005068686135
462 9.420587661142678
464 13.102625594173576
466 9.772155870892114
468 10.462023333305824
470 10.530145805783782
472 10.23617445655005
474 10.041585162740851
476 11.420269143162392
478 10.753320029206504
480 11.769972334503834
482 9.512117154452914
484 9.931470360821438
486 13.243258479232612
488 9.974398242822641
490 10.086606175793579
492 10.842302108624482
494 12.398039241941937
496 12.291844079372071
498 12.460389847390974
500 13.248659592805122
502 9.497031485219543
504 10.687014932397652
506 10.722100702255803
508 10.717632505694873
510 11.118791124790745
512 11.43954562532052
514 11.051757306555729
516 14.361869075772548
518 10.871069373742415
520 11.232603225152875
522 12.731612891590956
524 13.255987589628765
526 11.38243140931205
528 10.566616911895792
530 10.50697265608711
532 13.31200868463646
534 11.661198294755213
536 11.090265528920549
538 12.798653803371103
540 11.078379639123677
542 11.993144881883726
544 12.944290456647883
546 11.6666366704415
548 14.692797461593711
550 13.943662670921494
552 12.604864967529268
554 13.98750085438823
556 14.1722473358883
558 11.999396996422659
560 13.120442318323857
562 12.598697908250283
564 13.438527326964522
566 12.769555661830202
568 12.806349657610069
570 12.999263827096529
572 12.883553910499883
574 12.015213868791138
576 13.837546042485652
578 12.40359782365412
580 12.372945807603733
582 15.421036176492606
584 14.21095247001486
586 12.896385296550957
588 13.356154638586023
590 13.50493851230933
592 15.306500204513554
594 12.28903469432597
596 11.498552892512224
598 11.520010192656347
600 10.809835398904086
602 13.183567115714844
604 14.531032685713026
606 11.828316055363484
608 13.754658365506797
610 12.744007988057744
612 13.113069992201224
614 14.458570697471824
616 13.07258789103229
618 13.226315557746807
620 15.03099529856714
622 14.17501996462004
624 13.470883169469705
626 14.962882774157489
628 14.071786361771231
630 11.602960781163759
632 11.123083935957721
634 11.601332870071477
636 12.460031496504621
638 11.61355898302759
640 13.725321984579576
642 12.345935455887613
644 11.020188213765834
646 10.415501278204687
648 11.721582215829686
650 10.484780577337666
652 10.826883259316762
654 10.04390321827366
656 10.797821535595565
658 10.534294582628377
660 13.239539450391957
662 11.322551739070063
664 12.789849090527907
666 12.085388846528074
668 10.795126458789897
670 13.847149647603871
672 12.998467623732164
674 13.7959052778475
676 12.887814656484457
678 11.9776724646718
680 11.69577849642805
682 12.993885805597056
684 13.985299945408759
686 14.254742806110867
688 14.57205888181123
690 14.165678908173849
692 14.224037474135576
694 13.054387108260118
696 12.25379627306809
698 12.677630096052264
700 11.351582694999314
702 14.389518262955873
704 13.70372905840729
706 13.280921167574775
708 10.962940126606787
710 12.736008802642726
712 13.172644014149059
714 11.911625941169133
716 15.017068126218485
718 15.588391531037018
720 15.731663946867391
722 14.257602464636532
724 13.533074176306627
726 15.09145117828525
728 15.525854551231676
730 15.40268879065964
732 14.899504857177476
734 15.218498333252368
736 15.826987918229506
738 15.027911630444256
740 14.924965896133145
742 14.232286844512988
744 14.80230782965263
746 14.985677699542537
748 13.834394879993523
750 14.379029338906067
752 15.295971150042918
754 14.549884020159784
756 14.697837896875125
758 15.806492704813142
760 15.025027137364745
762 13.969032546170912
764 13.856612619301888
766 13.52583416736773
768 15.921868854467105
770 15.689705382995506
772 15.862087590528148
774 14.881896617576105
776 15.522550941122654
778 15.826401443789196
780 15.612388901156931
782 14.584218267677494
784 15.785580999145418
786 15.729684999954115
788 15.035878132434142
790 15.16210971938516
792 15.39935489284336
794 15.223186128352689
796 15.787459862304477
798 15.285525527422163
800 14.669579806254427
802 15.525452921823502
804 15.637267865820883
806 15.070127504009273
808 15.783897214544918
810 14.6616638582109
812 15.084861760302488
814 14.438660741608702
816 13.9387175129059
818 16.495114709067334
820 14.393617185192019
822 16.799623698608087
824 14.769509346470945
826 13.858598296392843
828 14.32111910192773
830 15.643730983161428
832 15.420428789366763
834 14.941173869927098
836 14.931480202296866
838 16.42255811328772
840 17.611236679091164
842 17.48992737883242
844 16.000886648600716
846 15.9974087054952
848 16.21559980075466
850 15.903756925089418
852 16.848687687788043
854 17.216412643366738
856 16.924690480414306
858 15.569773693560073
860 16.473902220120245
862 14.324609853282853
864 14.23190715799495
866 14.642417622003762
868 14.448772337615631
870 13.598016291965859
872 13.814679239192547
874 16.518198262351046
876 16.11804531050091
878 15.387249596552657
880 16.534491984431785
882 15.212169066093221
884 16.550684512458513
886 17.76813481268315
888 16.28013730190468
890 15.504971746070911
892 17.148080920802435
894 15.535340615853407
896 16.72125787174203
898 14.719461814123344
900 15.934822404709012
902 15.522406896780684
904 16.5343096364455
906 16.822300404516483
908 15.167628622575267
910 17.883639059781324
912 15.410501990142247
914 16.929752989682555
916 14.269316055813574
918 15.778707417974633
920 13.721465737483614
922 14.10909467597889
924 13.519912151530868
926 13.99340251739168
928 13.45158672971103
930 14.016195976299176
932 13.686172503588542
934 13.799922957055099
936 13.564893985148556
938 13.994154721297976
940 13.860343800698924
942 16.085969499538788
944 15.466265951118906
946 15.397553105551223
948 16.322790187666964
950 15.617889653662077
952 14.340893352144036
954 14.967806591324862
956 15.124394695687105
958 14.877516204310016
960 15.339762190036152
962 17.09795537242852
964 17.094596417538973
966 16.64373356675407
968 16.296140991046
970 17.451774844265213
972 16.24451258516828
974 15.426534790646388
976 14.331806784407672
978 14.683981523378963
980 14.649953461558153
982 14.501872078901098
984 13.806876759192644
986 14.958501169121122
988 14.442618455263599
990 15.42199158272116
992 14.2153183721695
994 15.47659025387301
996 13.729124811764878
998 14.83336782581671
1000 15.74976197252582
1002 13.869021739608066
1004 13.61523752667325
1006 14.0939258290927
1008 13.554845713237786
1010 13.76765759548962
1012 13.399324670660361
1014 12.820647970122486
1016 14.538682019344913
1018 13.809162055359367
1020 13.833879941457491
1022 14.391213235934535
1024 14.003649369159293
1026 14.45654041127828
1028 15.026466940362747
1030 14.280128912893678
1032 14.255538126175901
1034 15.815494522728907
1036 13.562666738923776
1038 15.7640122113553
1040 13.598366115044088
1042 14.374085490401505
1044 16.375010073315167
1046 15.952045801490874
1048 14.5198573664045
1050 16.429182589653305
1052 16.211492388471598
1054 16.414894318488905
1056 14.9270470401058
1058 16.8449255496292
1060 13.198313866631727
1062 15.238007021174635
1064 14.7676018288578
1066 14.785775192008265
1068 16.488572529485378
1070 15.95310727418688
1072 13.979394677718892
1074 14.534929669148042
1076 13.632408001252614
1078 14.548294237757208
1080 13.828238499492253
1082 12.797113955578181
1084 13.408585677583607
1086 13.166642718433968
1088 13.814926635459882
1090 14.338282202246036
1092 16.17942457215922
1094 12.898350165092918
1096 13.556977341713802
1098 13.021295739784948
1100 12.360292799856603
1102 14.067323077853995
1104 12.076873705954553
1106 13.479762123120382
1108 13.291463818447527
1110 15.177695636376304
1112 14.386296797964006
1114 13.032360747776268
1116 13.66297044373813
1118 14.377354752578157
1120 13.308571202424643
1122 13.779482154805299
1124 15.694646044021582
1126 14.541207700209592
1128 15.129781006858671
1130 14.887393368996557
1132 15.50098319202548
1134 16.053717915331834
1136 16.1208175597656
1138 16.539292518033715
1140 16.847343757066866
1142 16.37110864016077
1144 16.439072739006168
1146 16.419063348671447
1148 16.486301903634757
1150 16.440010359454305
1152 14.153309867963507
1154 16.10378427763043
1156 15.49902196661045
1158 15.477008341832889
1160 12.840396365647875
1162 16.17378473193445
1164 15.316749517760314
1166 15.077108174506764
1168 14.603929672437085
1170 16.28420966118988
1172 15.877249446544807
1174 15.538166852173594
1176 15.571604259560635
1178 16.183850422250117
1180 14.95812327419755
1182 15.575545096914738
1184 13.811661919796423
1186 14.3750338947507
1188 13.556087079448133
1190 15.422542899079414
1192 15.330553842034899
1194 15.446056947712945
1196 15.167232391228348
1198 13.579912586635599
1200 14.95022227226312
1202 13.386432227430188
1204 15.657717173726933
1206 14.189108669039163
1208 14.188757134728958
1210 13.128512910651743
1212 13.923295526755474
1214 13.894644632041421
1216 13.206281636105894
1218 14.567095293270745
1220 17.24331084887047
1222 15.52518814086192
1224 15.759079864673371
1226 13.838054261339193
1228 14.91826296085779
1230 12.246451824664026
1232 14.49204151965154
1234 15.387491701796053
1236 15.401037300550648
1238 15.059415518271901
1240 12.805146280964744
1242 15.019923985845695
1244 13.490060150035465
1246 13.475732042801868
1248 13.541928530548287
1250 13.034834760609591
1252 13.069788878305127
1254 12.492329573102031
1256 14.816813476888507
1258 14.662508116999517
1260 15.269362063371306
1262 14.62425527179705
1264 16.05927049113076
1266 15.557069693944817
1268 12.918088924214967
1270 13.797584571752381
1272 13.337645043227983
1274 15.367302490675428
1276 14.323695193001498
1278 13.594846948153895
1280 14.295141692660271
1282 14.947214193899267
1284 14.401461210078605
1286 13.08084346046971
1288 15.904380460954664
1290 13.633180104510814
1292 14.09716087251497
1294 14.69031589695645
1296 16.069945496691297
1298 13.754983483892081
1300 15.077087333951978
1302 15.513194297579972
1304 14.889486267984244
1306 14.49310459026227
1308 15.58586365603773
1310 13.631215067140676
1312 14.322286939592512
1314 14.413055331514256
1316 14.110393835206628
1318 13.111541272897798
1320 13.69268639299017
1322 13.965193419136456
1324 13.479057252789486
1326 14.3107431229723
1328 13.14480068051679
1330 14.3506927912108
1332 13.95024501440481
1334 13.54926733670231
1336 13.694364062194575
1338 14.214520699780593
1340 15.301321270710321
1342 16.633347601406832
1344 15.740528362089645
1346 15.95094733393018
1348 15.115589673715034
1350 13.14610064461449
1352 14.435675240221286
1354 15.859136349040837
1356 16.57672451082937
1358 13.439007441341746
1360 13.987704640275826
1362 15.249624127668733
1364 12.026129418647228
1366 13.92162021591074
1368 13.469695476444462
1370 12.779814390647173
1372 12.30016717093164
1374 12.702645963160121
1376 13.640306997341597
1378 12.864042744789021
1380 13.393897129066447
1382 13.682263933207023
1384 13.59463287138465
1386 13.897948446243376
1388 13.911049055836585
1390 13.240702052563186
1392 13.670543861984145
1394 15.691151551294892
1396 15.254075283955231
1398 14.672242389032096
1400 14.417185485278404
1402 12.692840052754923
1404 15.804679463511878
1406 15.397029465573516
1408 15.340017856158196
1410 15.607739743432486
1412 16.296512982486533
1414 16.70699832969827
1416 15.273937372535967
1418 14.73371377572042
1420 17.037784404617458
1422 16.05835914410359
1424 13.234011418367478
1426 13.991694851918139
1428 15.276586752931015
1430 13.758504778554082
1432 13.64633074664177
1434 13.549926762797766
1436 14.185988113580013
1438 15.598042827984184
1440 15.40769823413941
1442 15.389428555773263
1444 16.554150483675258
1446 15.762845223072496
1448 15.000013294674307
1450 16.20528359329655
1452 15.647521456393422
1454 15.306486637329293
1456 15.460796267001868
1458 16.096291112534917
1460 15.993432401091189
1462 15.813011866599856
1464 15.52209430997076
1466 15.669090370993151
1468 15.830937632821483
1470 14.745575945587959
1472 16.04806408443886
1474 14.658087969654607
1476 17.38170736778474
1478 16.11643503265145
1480 15.595720947666889
1482 17.301300486643
1484 16.17875779183139
1486 13.454553322306834
1488 14.58441292623713
1490 13.565714563151376
1492 13.654836293612345
1494 14.389024437027139
1496 14.594560341615928
1498 14.15127143156765
1500 14.361909107192716
1502 14.272574606383914
1504 14.636862264734148
1506 17.1028940174144
1508 15.539173022922359
1510 15.406696070657325
1512 13.969561102495012
1514 14.468648446003343
1516 14.260970763007345
1518 14.560469382339386
1520 14.188800753675505
1522 14.38511204861829
1524 13.793306610269113
1526 13.882508823881185
1528 14.360746332182515
1530 13.48133803861053
1532 14.05143723686822
1534 14.627581140760304
1536 14.906116176149288
1538 15.135941473189137
1540 14.015533379848643
1542 14.203417701450237
1544 15.103614756035968
1546 16.31732323648576
1548 15.979768478187665
1550 12.89081354952274
1552 12.46900815027966
1554 13.031203658874126
1556 12.994241362060842
1558 13.11119437264251
1560 13.156211407867128
1562 13.291277566994987
1564 13.992031738778117
1566 13.251509181031965
1568 13.158482797474274
1570 12.311692216771364
1572 13.762558833330301
1574 12.105870167192462
1576 13.833478035220251
1578 12.98046276332146
1580 13.047064861786197
1582 14.029041143652005
1584 13.407200292759274
1586 12.546202054261164
1588 14.164046855816599
1590 14.050062934925446
1592 15.336889865124277
1594 14.30406501282718
1596 13.45095396245514
1598 12.494365521859807
1600 14.937260916589038
1602 12.879955810574762
1604 13.135198640169126
1606 11.590836494285998
1608 12.994022660766934
1610 12.75860899515494
1612 13.221470143443554
1614 12.513066889495285
1616 12.693621450599846
1618 12.898352606338657
1620 13.664290898250655
1622 13.315158705359156
1624 13.561935894266593
1626 12.327812925292365
1628 12.180538661179652
1630 11.203166475910372
1632 12.76769745647214
1634 11.657562499156858
1636 12.629471397666052
1638 13.376247867280304
1640 13.476872922604304
1642 13.789316904969253
1644 14.74193276061842
1646 13.44176495816265
1648 13.660463865794862
1650 13.826379447341402
1652 11.991175099014251
1654 13.391697004615668
1656 13.258034306163518
1658 13.705769402147082
1660 13.745766499374657
1662 13.152320775383325
1664 14.018896674961882
1666 11.602128047037334
1668 12.694893810405988
1670 12.928887343304432
1672 11.607067962171984
1674 11.992747345189054
1676 12.227173883478246
1678 12.68871043719015
1680 12.344757024785652
1682 12.507169020623166
1684 13.660485803286633
1686 13.70187576328205
1688 13.64217351091454
1690 12.536146540816095
1692 12.553819589736317
1694 12.722507735355903
1696 12.864987608885993
1698 11.879026892015755
1700 12.037361708879946
1702 12.176287035336342
1704 12.035855007510477
1706 14.04825078187848
1708 11.586541117115464
1710 11.799948656392534
1712 12.67651643573116
1714 11.463348722272926
1716 10.431774790554506
1718 14.090024376138803
1720 11.507887732067536
1722 13.34782367812454
1724 13.886778319148235
1726 13.075015702481029
1728 12.262033502855818
1730 12.164651897703932
1732 12.074938098316569
1734 12.888739659483692
1736 13.247713933466622
1738 14.443778178302793
1740 15.07953220684195
1742 12.931277444021468
1744 14.228596278301488
1746 12.799363539609901
1748 12.675809203555698
1750 13.001159438091381
1752 12.759635554406978
1754 11.767575418051036
1756 11.651626839540008
1758 11.94234702296926
1760 11.37823745111262
1762 12.148814748970297
1764 12.023656833308188
1766 13.049333469954682
1768 12.913265114765384
1770 12.640620084837671
1772 12.524044734382745
1774 12.933494016960442
1776 12.507881402551545
1778 13.302126428858914
1780 12.325082819853888
1782 13.424299525455162
1784 14.852963970488455
1786 13.954312099340024
1788 14.284527379685795
1790 13.596776799565076
1792 14.924187400589641
1794 15.021092427199209
1796 15.032993625118118
1798 14.34485445222268
1800 14.456761740726108
1802 14.354628358482467
1804 15.845482004382355
1806 14.697589352337943
1808 14.26080708663692
1810 15.234444775683293
1812 15.815899752057758
1814 15.856241920935835
1816 14.959209347808386
1818 15.49624007918908
1820 15.450893797078379
1822 15.148736450280548
1824 16.14495230196852
1826 14.76422271780864
1828 15.588013820818354
1830 15.204865865572986
1832 14.222526546675077
1834 15.916888570521763
1836 15.470137238543012
1838 15.12417611776015
1840 13.843387262684423
1842 13.773243426923589
1844 13.671494024156393
1846 13.368330113305765
1848 13.279694122103926
1850 14.792541044207686
1852 14.939977640852801
1854 14.189022490671528
1856 14.496364492596145
1858 14.765386671565386
1860 14.03924413249732
1862 12.469630030919749
1864 13.535883865499134
1866 13.145879262231489
1868 14.687161699894135
1870 12.866281322213437
1872 14.632096144625601
1874 14.593349507492235
1876 14.56662317274617
1878 14.071573852929363
1880 13.941357962582448
1882 13.754170131353476
1884 15.269679620827326
1886 14.827610456655668
1888 14.079273064663237
1890 14.406557080303525
1892 13.714989077973923
1894 13.35234301085199
1896 14.869164986068945
1898 15.610526078211905
1900 15.548907931627953
1902 13.78509020134628
1904 14.939657687521551
1906 14.550539478699191
1908 14.491463737403908
1910 14.644579813286736
1912 15.380382570388361
1914 14.522352440011556
1916 14.885650154142292
1918 15.016208195661203
1920 13.965505860396853
1922 14.942769531558122
1924 13.266460601079174
1926 13.282250731140374
1928 15.503745022901976
1930 14.729685673672742
1932 14.746335508369228
1934 14.878363886891435
1936 15.16058169012073
1938 13.995715286715273
1940 15.533184598569912
1942 14.823338592533748
1944 14.187485526004881
1946 14.971494487810624
1948 14.470721614328482
1950 14.442856179331823
1952 14.934022401194397
1954 14.641890291640768
1956 14.307514405698694
1958 14.189957129518328
1960 13.834337714100965
1962 13.791277435866398
1964 14.459299129739971
1966 15.309153451072907
1968 15.191620685041435
1970 13.525751860925382
1972 13.236890559794107
1974 13.61379677108628
1976 13.532865936276547
1978 13.982437016773757
1980 14.392174482907608
1982 15.080312772390846
1984 14.992672536858477
1986 14.634128846417617
1988 14.117743647822282
1990 13.67901376995206
1992 14.306966173344195
1994 14.019108394293458
1996 13.997789954214332
1998 12.203029779159797
2000 13.593105984655926
