0 12.403332196586268
2 11.76057945848032
4 12.26447454124011
6 9.79634228204593
8 12.665017231759547
10 9.475084609166691
12 10.836062088663342
14 12.34571008716013
16 11.231876895416022
18 12.103895550356466
20 11.472586002192525
22 10.749157784904298
24 12.247976793650503
26 12.652157083662956
28 11.943255505733136
30 9.924765202203414
32 10.687891911762954
34 10.117270080503124
36 13.354026845928571
38 12.974445662989456
40 10.360275726038022
42 9.828636598619193
44 11.025302334957573
46 10.419826426316485
48 9.84158760785884
50 11.101608584859797
52 12.582505415188024
54 9.992809756178113
56 12.095894823917439
58 11.48343817368707
60 10.198087183045642
62 7.426689968976457
64 9.541620096161571
66 12.243878294670218
68 10.44494540363273
70 10.900974635799043
72 10.647760444676543
74 10.709580148827072
76 13.20219206046655
78 10.403883730592584
80 13.225305051347718
82 9.761288338978819
84 11.053390333018084
86 9.793109893938507
88 11.306648975696197
90 9.79374223891888
92 11.116482607333824
94 11.048727455293973
96 10.336681515674396
98 9.836485582179016
100 9.166105680229345
102 11.187587167002958
104 11.711961622509692
106 10.994164856909272
108 12.194193208416714
110 11.001340237623095
112 11.74139950380219
114 11.73819783768437
116 11.75068690073968
118 10.608837692638126
120 11.155618528338291
122 11.445673934140695
124 10.885154157961363
126 10.101211209336812
128 10.116849229235697
130 10.28712774822851
132 11.61876701917906
134 13.520679126591741
136 8.607495594053352
138 11.025309101090455
140 10.978221519284304
142 12.76694895944522
144 8.455164919826403
146 9.5605493079689
148 10.086194592727779
150 12.135740201847863
152 10.130691722817874
154 11.012638588978879
156 9.797240732184283
158 7.773139803507351
160 10.97793045023932
162 9.900209389063159
164 8.986399589823431
166 10.812745672957771
168 11.79234322983079
170 10.435836284706513
172 11.176343657615991
174 12.34403587250642
176 13.076705840480805
178 12.395700618491096
180 13.145228457435692
182 12.66569098008382
184 11.79907380351822
186 12.16742951629479
188 11.940865265439026
190 11.27117538483328
192 9.509869579621627
194 10.657346031943487
196 10.561119263605905
198 13.056614119271266
200 11.638047181015297
202 14.125482626011207
204 14.403179305693378
206 14.07520598997816
208 13.324803513445817
210 13.050628477200794
212 15.221159743087975
214 13.470634498181411
216 14.89633516011428
218 14.514966950571626
220 14.811093263632392
222 16.727238779442942
224 15.266573169961863
226 15.6833916037147
228 16.177458768818727
230 13.079875742240523
232 15.601330660678743
234 13.375858741418407
236 15.328892116739988
238 13.320341229580954
240 13.844455744613665
242 14.522264495689962
244 14.101730967662697
246 13.48434454117411
248 13.437512679638987
250 13.814814600217545
252 14.504709908636567
254 12.822108363111896
256 13.226313981371582
258 12.983470334810782
260 14.704120753678826
262 14.35272394752246
264 15.032649078113613
266 13.516580107601927
268 15.331226514510156
270 15.620168474585947
272 15.696118012732788
274 16.077267951222204
276 16.668113515162016
278 14.802077165468663
280 16.95193640454648
282 17.633963117020667
284 16.79063641212856
286 16.239329636554633
288 16.30972234493163
290 15.202418155664654
292 16.007270218099823
294 16.669518345841453
296 16.635566932458648
298 16.541017232703076
300 16.08617980567362
302 15.682512842578419
304 16.76224454767651
306 16.552733762906
308 18.11679852748728
310 16.15934316641108
312 14.974607130499065
314 13.641291958214454
316 17.360734950036353
318 16.54490233368729
320 17.20986724713803
322 16.193634941891176
324 14.242658235629934
326 15.079886509901847
328 13.171063604148522
330 13.962822278080106
332 14.724700077650526
334 15.19269835081425
336 15.941697899577493
338 15.385424160920284
340 17.157245766460612
342 14.908949677531098
344 17.04075524873289
346 15.886803261163172
348 16.73815244407917
350 16.35574769277543
352 14.5241118573288
354 16.464575326068275
356 14.748968634286314
358 15.392872245420634
360 15.56863857307678
362 15.673143493420692
364 16.363530832853645
366 15.154951695158733
368 16.38090749972492
370 13.99025479829913
372 15.888983626321256
374 14.8741908376958
376 15.298763915955714
378 13.956829361120784
380 15.688113733209397
382 15.924155655880973
384 13.981343044775501
386 14.948162686949146
388 15.028062087028426
390 16.336780743272314
392 15.872957351015195
394 16.56121581051322
396 14.13942407991858
398 15.867290205866562
400 13.783520733508139
402 14.442501567770073
404 13.33567717107025
406 13.350991424208367
408 12.946975656732644
410 12.449913741092983
412 12.799051377669263
414 12.820740487052772
416 12.334215621347733
418 12.581821537928949
420 12.243031838356885
422 13.96160207229068
424 12.461997624136758
426 12.054894929711436
428 12.410849930448672
430 12.420208780253672
432 12.334673317063395
434 12.073541118312379
436 12.135189496968483
438 12.261783169480912
440 13.076724898687825
442 12.499209803393358
444 13.4904683330855
446 12.644279545256058
448 14.015136893155312
450 13.944098026164792
452 13.995279780267584
454 13.575145476460031
456 12.478685607660163
458 12.325246235892966
460 12.6006009634932
462 12.982355052154475
464 11.667571742573864
466 13.119638968363798
468 12.564136232502143
470 12.64857731378372
472 12.39523212839143
474 13.520168251481827
476 12.991848087776884
478 13.74559431459933
480 12.735136979457584
482 14.459689044699527
484 13.821555480424363
486 12.990908966331306
488 12.944781830250436
490 12.353658945315708
492 12.652755390297543
494 12.095400306667326
496 12.902324805445224
498 11.117103632116482
500 9.067501031556912
502 10.577653184150234
504 10.673243406904513
506 9.112663582295971
508 9.662413187884537
510 10.240265645816335
512 10.20636069781254
514 9.499754917076697
516 10.0711570725069
518 10.170041510127684
520 12.723369650614725
522 11.678714302577697
524 11.404367462238628
526 13.187514290899369
528 12.961516238751384
530 13.0329570156993
532 13.5197044290625
534 12.822579135066904
536 11.972534409303849
538 11.973321954374915
540 12.326965954458784
542 13.608698052689247
544 12.65431764666175
546 12.682344390198569
548 13.281165132089267
550 12.80064085500924
552 12.956164452987444
554 12.629865040667084
556 13.44006534696837
558 12.334298988713684
560 12.577608822629992
562 12.89623741197408
564 15.802963332988957
566 12.202572357896976
568 13.053466901697327
570 13.528157001615899
572 12.691724076508445
574 13.164571705426123
576 14.395618999354252
578 12.146200193404178
580 12.79425239004066
582 13.230467484595707
584 13.89223060686052
586 12.793315393446143
588 14.569406698347175
590 13.492012765432651
592 12.207593415555701
594 14.8807780237769
596 13.233536914506287
598 13.807585317890062
600 12.708352342083616
602 14.243061061989634
604 14.14916334783186
606 14.388570197187294
608 12.128270120697959
610 12.886556094691835
612 13.551358513216423
614 13.197428675041808
616 11.896619077079631
618 12.94858863851816
620 12.905360791954054
622 12.720575208314008
624 13.174697933322363
626 13.240703877529251
628 12.034694392055295
630 12.51946612514773
632 13.114149240524009
634 14.299636735266382
636 13.787829520833046
638 13.97295102712949
640 14.561878424192683
642 15.85244124231659
644 14.292471919959768
646 12.897655270657925
648 12.691914280409769
650 13.285168526374141
652 12.14757133065903
654 14.025356322852275
656 13.203861261023356
658 14.861772835950621
660 16.023445694933642
662 16.507269322661433
664 15.010882068210636
666 15.184843016044107
668 13.32127356503865
670 13.944825976501487
672 12.958893928660471
674 15.407807389115366
676 14.269332387662004
678 12.594239679385904
680 13.750300347065219
682 13.316548515117306
684 13.259277217497024
686 14.343527996052854
688 12.863676888085582
690 14.777336589470366
692 13.268535677989941
694 12.317325880600096
696 13.83324355688499
698 12.713714246114309
700 13.80388034589718
702 13.799854888928826
704 12.85398886171187
706 13.044889168318527
708 13.8113230760537
710 12.4045130850094
712 12.130953792802533
714 13.125161129735616
716 12.852478107106837
718 13.132900153308928
720 12.88900135134675
722 12.542383826580307
724 13.157551298192281
726 15.297206398231367
728 13.606373733764169
730 13.310921655931269
732 14.071576793516853
734 13.610410577999703
736 13.460687627700436
738 12.461386233350124
740 13.188023865623464
742 12.703701304386614
744 13.13088715553867
746 12.65234656397345
748 13.004929695570707
750 13.406354499521427
752 13.734614645465447
754 15.878254957622877
756 12.810009385522193
758 14.888570246767804
760 12.95069756827537
762 14.530431776464754
764 15.032879913215442
766 13.66134934671222
768 12.149950809583403
770 11.710396845582588
772 13.409824928093743
774 13.375961737112519
776 13.234327424028116
778 12.711309555984643
780 13.387161891967907
782 12.824583096457282
784 14.069624086088453
786 13.526352979980345
788 15.551284478719303
790 14.616292831763111
792 13.42471683253294
794 12.238191487337948
796 13.027755920206188
798 12.353077419602949
800 12.307663330879183
802 12.506596721246025
804 13.046290837878438
806 13.174808354473573
808 12.867331776905122
810 13.298077132885485
812 13.774430251065525
814 13.594544858676013
816 12.593508358801813
818 13.028747666576436
820 13.453657806486838
822 12.610159429621048
824 14.182699757525723
826 15.081982028134638
828 14.686174933579787
830 14.924868364276035
832 13.997290729939063
834 15.420506250011659
836 13.55279152738884
838 14.920054798795736
840 14.658121538125785
842 13.107664721246389
844 11.759666432172162
846 12.387589532279684
848 11.59408219943142
850 12.876580527942371
852 12.178209825825459
854 12.62832457725372
856 12.58159675835421
858 12.21178200854633
860 12.871684083579803
862 12.959176640202273
864 12.778556740447787
866 13.351225698374817
868 13.117471007398686
870 12.841751780460802
872 13.425555793950537
874 13.990274320893315
876 13.335309364787362
878 13.033872801782357
880 12.596740201435807
882 12.469054197466546
884 13.165583449787862
886 12.53518042113274
888 13.002611814613525
890 12.990901543021037
892 14.192596470483538
894 15.217026192159032
896 13.195025003806908
898 14.814705226207186
900 15.507697281926296
902 15.20930297257722
904 12.42208376138964
906 13.468430667867912
908 12.705027632731301
910 12.4834701873146
912 13.366245427014517
914 12.41826042413731
916 12.53021765639446
918 12.597223485421107
920 12.842044325920323
922 12.308993798293255
924 12.671448730163279
926 12.815881236751393
928 13.051235473380471
930 12.710954172738163
932 12.417297967443723
934 12.026183616075182
936 14.687198208856106
938 14.000740942394678
940 15.580494849851771
942 14.552342314126632
944 14.679937044679832
946 14.862388857285778
948 15.296605372609816
950 13.913570183819315
952 13.414254082564657
954 12.360467969067273
956 13.109199475975903
958 12.851979142657818
960 13.262709079372963
962 13.31124828008072
964 11.503012808313331
966 12.812135088649496
968 10.139490894125384
970 10.559134218388103
972 9.757161582105752
974 10.379628265430151
976 9.709967669546458
978 10.55321213174689
980 11.91893291459375
982 12.044608266500987
984 12.10401809661947
986 11.33164703249329
988 11.373098694713436
990 12.711452447121589
992 11.717857221721939
994 12.3037338492056
996 12.293433149295499
998 12.992794610554986
1000 13.163945385353001
1002 12.001036529283907
1004 12.310375815389037
1006 12.605470940502828
1008 10.529963548679488
1010 10.923266617130231
1012 10.276042671412782
1014 10.843986493280758
1016 13.166030174949077
1018 13.039744018431422
1020 12.214309820790618
1022 11.26285599340842
1024 10.75792859868753
1026 14.637087204299336
1028 10.82676491362546
1030 10.091028277322973
1032 10.039949588726081
1034 10.154068246278126
1036 12.416308645231489
1038 9.644036033161933
1040 9.539782073853688
1042 10.522287771560993
1044 10.9603432764486
1046 10.339361257110252
1048 11.459236013035275
1050 9.282652573486917
1052 9.60526577488254
1054 9.204009676517794
1056 9.029344726985357
1058 8.670658222634223
1060 10.137302679927014
1062 10.374841625211262
1064 10.748100005550578
1066 11.46875221908835
1068 11.104763892840266
1070 10.040173265095852
1072 10.971731465243057
1074 10.918654272979781
1076 9.282081864093193
1078 11.430013425060089
1080 11.514314673136283
1082 11.748470668531809
1084 11.327099438221957
1086 12.390598394862419
1088 9.653462124101502
1090 10.469812775171796
1092 11.28759991241914
1094 10.995565227918846
1096 11.730141229065044
1098 12.101114438022952
1100 9.86425801367895
1102 10.866839466648115
1104 12.467428047950941
1106 11.362617408071916
1108 10.35827299945744
1110 12.341684793614364
1112 9.766467907530282
1114 10.867871693393052
1116 9.748789340247994
1118 10.762364214706585
1120 10.436925677446776
1122 11.717602672224466
1124 11.048939186789497
1126 10.273421645665723
1128 10.3037609657471
1130 10.442059775574847
1132 11.11616546986878
1134 11.03541348856748
1136 12.581617237447801
1138 11.237330202037706
1140 11.52507508795921
1142 9.829558377451011
1144 9.733233484499767
1146 11.508202133625895
1148 9.76731834693859
1150 10.82169466790103
1152 10.786329404261052
1154 10.4229836033095
1156 9.844943078278577
1158 9.600525703661747
1160 9.029089208153573
1162 12.009789379858066
1164 10.339784074372947
1166 12.500432556853172
1168 12.846976571602346
1170 12.859130876994644
1172 10.876362226810365
1174 12.98280035519602
1176 12.325596331363363
1178 13.822469937644389
1180 12.201150215836465
1182 13.765348840430448
1184 12.943562720744154
1186 13.31596653672573
1188 13.17234573688057
1190 12.854215637041468
1192 13.346590165851177
1194 12.288384866268933
1196 12.297913760774623
1198 10.495830982418951
1200 11.007051184085404
1202 11.830248536623168
1204 12.074576856067944
1206 11.186945000313314
1208 13.805557943784185
1210 12.942193447095242
1212 12.639662568865502
1214 12.272654247267836
1216 12.673893690355877
1218 13.888319090826196
1220 11.428421910131451
1222 12.382429061985484
1224 11.56187937233416
1226 10.193010129460738
1228 13.317517412711819
1230 11.247628020342844
1232 14.134313261273972
1234 11.573717459827167
1236 11.821568800714836
1238 11.765983550420675
1240 11.223574122752096
1242 12.382408901277655
1244 11.703260666303562
1246 11.619627201845578
1248 11.695793031941884
1250 11.008570017101116
1252 12.379988137089066
1254 12.696672702614265
1256 11.900724345499164
1258 9.44273575548973
1260 12.987311026264074
1262 9.88633498119316
1264 12.877658282110676
1266 9.351924292358891
1268 13.350658538463637
1270 10.728560590946019
1272 12.619703743627491
1274 11.558525088772917
1276 13.783660964218274
1278 13.312085862172514
1280 14.535770216391517
1282 13.110640213595717
1284 10.63081558931437
1286 12.233264138165739
1288 12.442371847348047
1290 13.483677793415419
1292 11.142955580538109
1294 10.88614762977653
1296 11.788442876878927
1298 12.59998245419711
1300 11.049821335399248
1302 11.614640443108863
1304 11.872176938291332
1306 11.583996552536076
1308 11.116783104909544
1310 11.993954797505117
1312 11.664897347467681
1314 11.67999118700218
1316 10.980281331641136
1318 12.98388187381566
1320 11.461642228282786
1322 11.78329976223833
1324 12.608639642001242
1326 11.808086215783968
1328 13.541066879097057
1330 13.616985717275389
1332 12.106188206678034
1334 12.000680147353911
1336 12.624838177000306
1338 13.358356319897906
1340 11.586915269244072
1342 12.863365770868874
1344 11.051033783350835
1346 13.593718456659245
1348 13.319902240523533
1350 13.173796907394832
1352 13.73601415977636
1354 12.483970261821078
1356 12.711728336167793
1358 13.550534425684813
1360 12.80097748481432
1362 12.38451104798764
1364 11.85953309142021
1366 13.336941505758777
1368 13.425323883186952
1370 13.369160477524758
1372 13.004572313458103
1374 12.589728509160244
1376 12.858536672440314
1378 13.874515039388026
1380 13.182221967984493
1382 13.214696802824417
1384 13.17522231665501
1386 14.213063775870932
1388 12.443810474752139
1390 13.248196776252698
1392 12.751034983197169
1394 12.705236256944168
1396 12.753366430719229
1398 13.288237001063713
1400 13.447924921088951
1402 13.639040889077544
1404 13.835985518340678
1406 13.46179649415104
1408 12.927732741327556
1410 13.49075439447683
1412 13.442119996920528
1414 12.060022596651864
1416 12.545542089824444
1418 14.103323491045517
1420 11.492719891087384
1422 12.316416063566841
1424 12.993127590669065
1426 13.389582979804718
1428 13.652723423506671
1430 13.31722099961632
1432 12.170789233957285
1434 13.704034530552436
1436 12.799472128835246
1438 14.118165372365297
1440 13.152833432194734
1442 13.035003800014827
1444 12.284727218265592
1446 12.592175818932928
1448 12.745407926452732
1450 12.327929731874363
1452 13.232459420614648
1454 12.800982377979935
1456 13.16858190017037
1458 13.091299463734602
1460 13.824932475087763
1462 13.141092639243691
1464 11.640804960728355
1466 12.848686857940967
1468 13.433809633381271
1470 12.399005600342578
1472 12.894133575193685
1474 10.447268479799813
1476 10.990229846333067
1478 10.071831768763893
1480 10.582895717853205
1482 10.105968704716606
1484 10.544342596446295
1486 10.844787169251275
1488 13.206434198137881
1490 12.390863320710345
1492 12.771892884678731
1494 12.919895526476353
1496 12.224486040730657
1498 13.049420833439672
1500 13.10787659861885
1502 13.098381070110305
1504 12.366052498827203
1506 14.19395817055165
1508 14.927469233486942
1510 14.354721833460632
1512 12.8107558609497
1514 11.324439690145072
1516 11.417784257246113
1518 11.519962321327926
1520 11.610129925300742
1522 10.139001568277612
1524 11.791331249659146
1526 11.751398816027029
1528 11.22034698208379
1530 10.666491132851014
1532 11.373041662908875
1534 12.384570497992748
1536 10.167653394133762
1538 10.44337547806036
1540 10.963347454655851
1542 11.948944801386585
1544 11.091520810088662
1546 12.359644556460328
1548 11.536970999018811
1550 11.872294675397775
1552 10.242025703696177
1554 10.355916039856188
1556 12.088632911398758
1558 12.017664527410034
1560 10.814804978078973
1562 12.516883534984787
1564 11.879940908780435
1566 11.713733178100682
1568 14.09840569106289
1570 12.81728407968289
1572 11.363219145563745
1574 13.065473908955473
1576 11.191374506799908
1578 13.003095165647252
1580 11.636359718527132
1582 11.31919812520207
1584 11.75305605646544
1586 11.466653308139742
1588 12.003572087970415
1590 11.168152574783257
1592 10.278562821591242
1594 11.425389331554808
1596 13.444114060158515
1598 12.624082049246368
1600 12.50616157710252
1602 12.622690975251425
1604 14.396347829744169
1606 15.809814144348325
1608 12.144433905709224
1610 13.270064199216812
1612 13.969602820636469
1614 12.387397062026762
1616 15.786129163170633
1618 14.858405272807973
1620 14.555417396801422
1622 12.14865249935625
1624 14.43651331876885
1626 13.681314920507996
1628 16.1527633234131
1630 11.81997482839419
1632 13.918367476155655
1634 10.852566632443109
1636 10.392260148009381
1638 12.32593329830329
1640 12.210759497163396
1642 11.232796704916494
1644 11.069337415156758
1646 11.22668688727829
1648 10.002513537410602
1650 11.145520269164631
1652 12.392214821804975
1654 12.146382103556096
1656 10.09614024524594
1658 9.422384223582144
1660 10.211139623723826
1662 10.29847891262763
1664 11.104053107873705
1666 10.723252550872928
1668 10.72928501616534
1670 12.597142821904976
1672 11.108651819433513
1674 11.141319524120748
1676 10.789052777083027
1678 11.477542472468517
1680 10.610927602936284
1682 11.703727310129922
1684 11.641923022744049
1686 10.31400753186107
1688 10.514210705996469
1690 11.131164954296448
1692 11.167184496665788
1694 11.6019875108938
1696 11.032118243875018
1698 11.098054561832512
1700 9.99995046679716
1702 10.802636105988435
1704 9.260288258098365
1706 10.757583511316703
1708 11.02387672622516
1710 9.566045282730343
1712 11.267423533404099
1714 11.531379199554564
1716 11.325167900407877
1718 11.231540597628074
1720 11.72801476892512
1722 11.793599115471517
1724 10.383618492396382
1726 11.036661417541653
1728 14.727791131608713
1730 12.018165433272616
1732 12.584773619734056
1734 11.013650111091346
1736 10.141112207218383
1738 12.336556447226242
1740 10.608186670034003
1742 11.575691213975173
1744 10.36499168119745
1746 10.646603171637405
1748 11.289168195063155
1750 10.868437050455451
1752 9.84332553028713
1754 10.533312184937936
1756 11.37325870742871
1758 10.226112548592226
1760 9.997937014990958
1762 10.63380681743564
1764 10.605885012410564
1766 11.422619772819049
1768 11.143103953689488
1770 11.698448076141371
1772 11.716694512180448
1774 12.086149800173125
1776 10.489243222734627
1778 9.472187330211687
1780 9.586622870041626
1782 11.625644171080607
1784 11.941342166885315
1786 11.303808249383362
1788 9.910439164394749
1790 11.461504018995614
1792 10.61604958087764
1794 12.221763806331852
1796 11.409956344134425
1798 11.987306350627287
1800 10.78306476857426
1802 10.7664646208018
1804 10.815451625899675
1806 11.365814188149036
1808 12.536648582388429
1810 12.06442403925464
1812 11.76874921403158
1814 12.698093699204295
1816 13.54553011803507
1818 11.590265628381854
1820 11.681863028992662
1822 11.57366645714506
1824 11.94670203057797
1826 13.181256810006781
1828 11.124691549967798
1830 9.980809327454091
1832 10.552863198478189
1834 10.703411596303464
1836 10.65672056615587
1838 11.325902024887485
1840 12.436393691230304
1842 12.266863134165643
1844 12.062015963031017
1846 11.203044415191636
1848 10.560929718419505
1850 12.925193892600793
1852 11.335512715488816
1854 11.491542825861451
1856 12.072292776476894
1858 11.536139232531001
1860 10.986632743556864
1862 11.167461675544232
1864 12.103708054036215
1866 11.45265521957208
1868 10.974541641709957
1870 11.655327579145334
1872 11.04339361553402
1874 11.612614044911878
1876 11.432499284745667
1878 9.436920265916902
1880 11.243724864485092
1882 11.882774505047106
1884 12.259020695616359
1886 11.740736646531346
1888 12.513080784386826
1890 11.368275669297386
1892 13.471409806277405
1894 10.147706082611993
1896 12.34339022344639
1898 12.186670676162857
1900 11.563308857635718
1902 10.60808925814654
1904 11.025814848323824
1906 10.429373097148462
1908 10.551556743877793
1910 11.172936444331791
1912 11.639545402434177
1914 11.854258154573689
1916 11.137125997961762
1918 12.434509667219391
1920 12.691875107482376
1922 11.694741736240317
1924 12.11256630856778
1926 12.219670296076423
1928 12.444054524858755
1930 12.567034170132311
1932 12.493160494330073
1934 11.347420336941779
1936 11.464323036516868
1938 10.443229182172518
1940 11.92919539776986
1942 15.700186392388673
1944 13.266878452726727
1946 11.66659284054699
1948 12.538643659406244
1950 12.269189850691102
1952 12.221143521315474
1954 10.789737837247083
1956 11.169715586760931
1958 12.5994605212312
1960 12.381595287919081
1962 12.771154615980999
1964 10.8194007869823
1966 11.589526638209449
1968 11.577223630938597
1970 11.901132014695929
1972 12.134567879495243
1974 12.11476302358817
1976 11.826278730555295
1978 12.967985425035211
1980 12.414873409050333
1982 12.375022607895994
1984 11.519075437240472
1986 11.107966429856349
1988 11.803548960130927
1990 11.793167099401323
1992 10.15780110150842
1994 12.30826082638584
1996 13.344156313340806
1998 12.492256793362449
2000 11.980398600066435
