0 13.940189485726913
2 13.982038569224908
4 11.458757589212672
6 14.03771241878246
8 12.542251820357277
10 14.481798146970357
12 12.602828791054854
14 10.152609553084082
16 11.165251687233749
18 9.118732348902428
20 10.091476625161501
22 12.6282156266585
24 11.73733328639015
26 10.124629915533824
28 9.06494340444533
30 10.443976548945379
32 9.810626594841283
34 9.162877539880103
36 10.345908088045265
38 8.783579030067031
40 10.050981404075914
42 9.467002811360823
44 9.322948712666612
46 9.089664269222954
48 9.542489063877422
50 7.6438100659443675
52 9.413505763820254
54 9.056776981671682
56 8.928888015804489
58 8.868598210333333
60 9.252140099310997
62 8.900304403867365
64 10.604379473013736
66 12.656041278663807
68 10.034039063570466
70 12.145285223561642
72 9.592176081262872
74 9.916301585770992
76 11.886616959083211
78 12.849422004972157
80 11.737195670998526
82 10.60838347608164
84 10.017334936550112
86 10.058103582721014
88 11.097496100025426
90 13.12166403871176
92 11.155109234613498
94 11.581869466626264
96 11.903955377589384
98 12.32682805380957
100 12.900094296606508
102 12.318585748131113
104 9.717486511020478
106 9.620537962276384
108 11.814116189246501
110 12.618685329050617
112 11.958130354940224
114 11.58218004805951
116 12.37301447386562
118 12.130101536063108
120 11.423822336884621
122 12.093726146369944
124 11.07451087688144
126 11.389865847263634
128 12.849674860426493
130 10.952834094748717
132 12.196038507380253
134 12.094696483427391
136 12.206205434317155
138 13.620964247176488
140 11.395036512306158
142 14.175182442919795
144 10.522790916014038
146 12.046141842963577
148 10.622711173226778
150 11.860223095297437
152 12.575967159869187
154 10.788468049112472
156 13.253448653408718
158 12.542980177273478
160 12.30251125670979
162 12.54732127553403
164 11.930088716293753
166 12.325123270843452
168 13.095098384388361
170 12.206143871755318
172 11.852482546075457
174 13.157032098703965
176 10.55622102312258
178 10.649344728754983
180 11.173109992393343
182 11.334942235881519
184 11.49762121340369
186 11.515150716895983
188 11.166710387036018
190 11.565976914156149
192 9.101649766885949
194 9.091197435603615
196 11.031708265261916
198 10.503550442852228
200 10.446728005131705
202 9.246348060047156
204 9.864327855678052
206 12.301744961903161
208 10.413600014935879
210 11.43304989204771
212 12.376264778132791
214 10.335080404874907
216 10.022172362075
218 10.32370041382458
220 9.494966401687096
222 11.237587859867938
224 9.633047726245252
226 9.837668539968146
228 10.91203701537744
230 12.850082019826997
232 11.6793377427263
234 13.313498903893993
236 12.716544042182294
238 11.355406527447476
240 11.253493252684379
242 13.368307856647673
244 14.069893070079706
246 12.746852519651119
248 10.930391403408324
250 13.655385425203969
252 11.99178527801743
254 11.618863755583904
256 13.583661402747902
258 12.667025997919657
260 11.820439514668573
262 14.08575903177965
264 12.278860895464094
266 13.435813870640684
268 11.522824879110162
270 12.888588640295175
272 12.30481027815792
274 12.340582500790712
276 13.220620310164726
278 12.135674583444926
280 12.654194750177691
282 13.177429886852462
284 12.359595060659428
286 12.52256956648232
288 11.443851715122898
290 11.864776989903351
292 11.240378270962445
294 12.29577998544874
296 11.898963700764975
298 11.005905586918244
300 11.945688683327196
302 11.115120164205353
304 11.161702019855428
306 11.395391338169071
308 12.205315117369592
310 10.856378856575892
312 11.7231669061554
314 11.533642442417914
316 11.70936322312698
318 10.973404844972835
320 13.73148504329384
322 13.014657223177844
324 13.532634366882839
326 12.488043019752512
328 13.513157552047472
330 13.251155325336153
332 11.397442176173152
334 11.608993825761837
336 11.315921176124991
338 10.561431948647588
340 9.845555855571757
342 10.748303543299599
344 9.779081532240458
346 9.892555571606403
348 10.053140844768562
350 11.909469129137769
352 12.20929615963325
354 12.870436267114783
356 10.930844083342496
358 12.267731318699143
360 10.705896275583378
362 8.707805588186151
364 11.295368768448569
366 10.170157718243551
368 9.81967205020861
370 9.879043041636097
372 10.109786681995901
374 9.102292505599614
376 11.844361231452316
378 10.068738344591129
380 10.781310626245858
382 10.458239756410485
384 10.145931264402833
386 11.160296218118145
388 9.699317917909035
390 11.207467778076554
392 9.74097170641479
394 10.24166726814681
396 10.823128596200526
398 10.909271291984496
400 12.433238927599305
402 11.99158904528206
404 11.799401476667036
406 10.875327325357308
408 9.645743637409776
410 9.323658538957556
412 11.658766058251127
414 10.84608445328455
416 10.39808601696437
418 9.274840053938231
420 10.101012582919232
422 10.690978084175994
424 9.816692245821875
426 11.419239707000068
428 9.617591720479655
430 11.874322170211919
432 11.660588043985259
434 11.467113400770028
436 10.612826151622647
438 10.302294138402734
440 10.949237269209137
442 11.209882612883286
444 11.035124439667326
446 10.189196891247356
448 10.861763726711926
450 10.106555646758903
452 11.475163389553279
454 11.29051835930836
456 12.032290039266787
458 11.342931448066395
460 10.668803806056662
462 11.626213262829303
464 9.091260090895553
466 10.87777314537977
468 11.112546562655895
470 9.471739291640745
472 10.538569125027458
474 10.423618219735749
476 9.501690462711705
478 10.343949068144083
480 11.184677747742887
482 11.640552803890152
484 12.263584996069362
486 9.993028750201209
488 11.296968076695416
490 11.224224925178067
492 11.0638054013864
494 9.697306401919365
496 10.213361295693872
498 9.760954716686872
500 10.60730502749494
502 11.980019905192757
504 12.178490820031222
506 10.27977393647709
508 10.500162592911165
510 10.979690040981783
512 9.147401743049343
514 10.091053973413695
516 11.783380092012761
518 11.872588310566329
520 10.10756594523258
522 10.442211786761439
524 10.48882995509938
526 9.627602490026584
528 10.147348976939602
530 11.092671595643862
532 10.235988444213097
534 10.618407549821455
536 10.061803877321456
538 10.679257986745888
540 10.387949553648191
542 10.245342568315351
544 9.622072738081465
546 10.816825718099668
548 9.605736756004257
550 10.925969831011605
552 9.868553586534425
554 8.699225917361906
556 9.68754889132255
558 9.463682382060329
560 9.279273897572313
562 10.171539669914191
564 9.393062786741215
566 8.619178707357348
568 10.437083475507603
570 10.892964164089355
572 9.410583038270316
574 10.02345226214444
576 9.424460399777715
578 8.974206544623225
580 9.408176313021263
582 9.974576526650525
584 10.958519877432847
586 12.190016927607893
588 11.724935595631182
590 12.174954287215993
592 12.059082008459917
594 11.443901534464754
596 10.5240733315843
598 12.982018952958997
600 9.867483202099011
602 12.044588556993247
604 12.217284515902046
606 11.671132341512463
608 12.030417917149489
610 12.498848337575064
612 12.582215957882246
614 10.469881996288471
616 9.939146678382036
618 9.588510876696981
620 9.71898017840099
622 11.334411698174758
624 9.880902479093498
626 9.610439361151924
628 10.505184738816576
630 10.496986118214425
632 10.422431646260438
634 9.525095023417444
636 10.31316818621646
638 10.058899284199718
640 9.517452665331042
642 9.779292275501211
644 10.231022654982526
646 9.023263311024003
648 9.648948299361438
650 10.229805185026462
652 10.492681225588822
654 8.617378211076664
656 9.798746808951709
658 8.790291212032173
660 8.528539295778186
662 10.09516330687965
664 8.538581734668458
666 8.02337894825612
668 8.338175412392744
670 9.07013911737383
672 8.594363145744488
674 9.647820286438547
676 10.07774196371501
678 9.442103475497065
680 8.964544088811598
682 10.473612314156389
684 9.93774664561293
686 9.996744857166432
688 12.12860579338075
690 9.928545217602176
692 10.033529630485335
694 9.899970950625052
696 10.666275999102526
698 10.267181743765423
700 10.633047589074271
702 9.276107859134727
704 10.747587305911631
706 9.128817874722486
708 11.98091718344184
710 10.172374250301198
712 9.213230907830786
714 11.298504695298528
716 8.34708122983159
718 9.500008429596015
720 9.565800542278874
722 9.980951937301215
724 11.238054894860687
726 10.078757292727023
728 9.456559010187656
730 10.874800948643728
732 10.996332786038684
734 9.777592963711344
736 9.723785861527698
738 10.300259363263043
740 11.261448698473309
742 11.455280680488574
744 12.053855430669673
746 12.106884315680922
748 12.420709961339982
750 9.866366601592388
752 12.217548544523272
754 12.06721527389769
756 11.271018644264137
758 10.462123512638463
760 9.77939672876059
762 13.33987516788325
764 11.458293459922068
766 12.367200880691898
768 13.050760175410309
770 11.763389624914684
772 11.31057123659169
774 12.325898731079866
776 11.042267290135964
778 11.454178165842121
780 9.867800899203695
782 10.140155039551484
784 11.58689875637881
786 12.288916463989414
788 13.185861464688092
790 10.399996293289487
792 10.607347691530638
794 13.200716305342617
796 11.090792174466612
798 12.106444036425886
800 12.693234971118697
802 13.303065009061635
804 13.218232399507354
806 11.876501442653531
808 12.099735797366614
810 12.25819851158937
812 12.461822379926874
814 10.27842224838469
816 12.75631493095599
818 12.228919552656619
820 13.95890461185232
822 12.526407857931698
824 13.118370265226783
826 11.796625401954747
828 12.204546212056165
830 10.357936450080876
832 10.15124789079174
834 10.425590093734323
836 12.797491931296832
838 11.572129042180057
840 8.775795007242403
842 9.848097522716694
844 10.480021434501008
846 10.95971422672231
848 9.636874042060873
850 10.493094912305468
852 10.446216465013476
854 11.9441025502167
856 11.991550169090827
858 9.55374077804388
860 9.877696566472572
862 11.411853846029917
864 11.009440939810384
866 11.717362398061175
868 11.573844105431878
870 11.48037378214423
872 9.42317067849279
874 12.364345360752553
876 11.824556381196029
878 9.977060694113296
880 11.71912935896861
882 10.9127849385949
884 10.68211711601864
886 12.312439111428503
888 10.954808293612547
890 11.267701092730276
892 12.224335084398849
894 13.888939646379656
896 11.469703281226916
898 13.453158277942464
900 13.584067611628715
902 10.190853826002504
904 10.635336658520039
906 12.332000043516388
908 12.63940322046833
910 12.526233038052823
912 10.61037554825421
914 9.516916948422791
916 9.389855730700273
918 9.368172611621429
920 9.41540850401163
922 8.30842605027521
924 8.67223275444522
926 9.256488507978098
928 8.982344751925483
930 10.339351933314317
932 10.208013915040443
934 9.9856675782073
936 10.24570910776408
938 9.609007915372873
940 8.607912965697855
942 9.26337696729965
944 9.199131720008099
946 10.215011584727614
948 10.235336812512195
950 10.374922688024617
952 9.891918210037655
954 9.886554868573466
956 9.59886502741323
958 10.554488169787374
960 11.286746713438248
962 10.254217331294438
964 9.212553612070458
966 10.598302815009305
968 11.138361289346745
970 11.140019460009148
972 12.024454657422996
974 13.203152986290858
976 12.829136887239146
978 14.916259733503251
980 15.088322767477802
982 12.384107101839431
984 11.782291483001181
986 13.299965514175007
988 12.681755951800385
990 11.691702912944066
992 13.685644529006357
994 13.740966405297163
996 13.314883390255511
998 12.706897498729223
1000 14.154411499772177
1002 10.870081945148439
1004 12.145199053891583
1006 11.864425954971338
1008 12.50463906641145
1010 11.615017627928319
1012 11.666800686691765
1014 12.603628672931752
1016 10.419186098674997
1018 12.725803736641149
1020 12.76149793867162
1022 11.687230101386952
1024 12.224283391322906
1026 11.922031916819499
1028 12.737383388177845
1030 8.257287596406277
1032 10.115033916243283
1034 9.683939200677054
1036 9.643048367176672
1038 10.037111650191614
1040 11.806993078125178
1042 11.84085652063182
1044 9.988439303848178
1046 11.213267631051838
1048 11.573997861914785
1050 11.40871700472361
1052 12.356105248339649
1054 11.476451121876448
1056 10.951881704635811
1058 9.589383734830953
1060 11.044975693670759
1062 12.924283715244181
1064 12.216177806810638
1066 11.450795667166226
1068 11.77643930373666
1070 10.204229859185393
1072 10.359590784482373
1074 11.92018129966467
1076 10.905268811357667
1078 11.78833396678397
1080 14.343758271631382
1082 14.688912555081577
1084 11.843169303666965
1086 11.61050103288616
1088 13.534810566478683
1090 12.034107083147589
1092 12.501949858178966
1094 11.714005483830208
1096 10.585574919990126
1098 11.369456783264123
1100 8.267370033779798
1102 12.706161205279132
1104 11.117956617315375
1106 10.806454202432427
1108 10.417262626347242
1110 12.798208909849727
1112 11.891700062017733
1114 12.836538203243697
1116 12.228859026539114
1118 13.471235540719839
1120 10.933528753379957
1122 11.27671801471589
1124 13.018040288121716
1126 10.43961143881561
1128 10.19476067741709
1130 13.131591263953814
1132 12.66273738030908
1134 11.752278072992505
1136 12.121684855068706
1138 11.279310560602601
1140 13.109976398325422
1142 12.124279747910832
1144 12.14437080547273
1146 10.417032522030873
1148 13.11403186129138
1150 12.561775752842665
1152 10.4823855848791
1154 10.414244254791019
1156 10.026976915225543
1158 11.928517129068668
1160 11.36712819384334
1162 9.720026245395774
1164 10.261367378361294
1166 12.179666934418378
1168 13.981857806801827
1170 11.039223974848907
1172 11.783483490833394
1174 10.63306085796926
1176 11.68450158809016
1178 11.485040471791127
1180 12.244025233995139
1182 10.948778156553937
1184 10.581219244008217
1186 12.730694578151478
1188 11.081648367274754
1190 9.838564371659354
1192 11.161298457259297
1194 10.823474330739813
1196 12.044939937105097
1198 13.065992494150018
1200 12.325564798475904
1202 14.018971119788867
1204 12.490405764072166
1206 11.909364268572713
1208 14.786377827880832
1210 13.686318684978307
1212 11.974306786464796
1214 11.862365993314507
1216 11.981761582769753
1218 14.369946980231905
1220 12.847638743006137
1222 12.83491851198612
1224 13.079326542308777
1226 12.148453307115158
1228 11.158446368291088
1230 11.193845307408152
1232 11.08208136885509
1234 11.599348437986963
1236 11.987596529355024
1238 12.724868468442162
1240 12.068109938098829
1242 11.880513485693436
1244 12.79152562900635
1246 12.00697042021506
1248 11.289081565728328
1250 11.388187879336698
1252 11.382872211043736
1254 13.266641883969589
1256 10.333520611882983
1258 11.315484324238106
1260 10.84550871371105
1262 9.767212280380797
1264 12.007017915267955
1266 11.594538653476668
1268 10.865910764218215
1270 10.262558772304144
1272 12.002627753874426
1274 11.138609787170052
1276 10.302115606717226
1278 10.072684029693175
1280 12.992928609585908
1282 12.244038611698516
1284 11.683877866094205
1286 13.038794789699297
1288 13.214851994808155
1290 13.824939446151099
1292 13.40067981533466
1294 14.012668953659658
1296 14.755032290686513
1298 14.185195086556263
1300 12.67304515179319
1302 15.08781275849866
1304 13.72700657497094
1306 14.832888731964147
1308 15.41979736710039
1310 14.512234399276123
1312 13.852208964222532
1314 13.561228649325125
1316 13.707766435964619
1318 12.812437069206982
1320 15.090123241371396
1322 14.581367317208915
1324 13.025442287446845
1326 13.855705875301574
1328 15.528779255779362
1330 12.4609883404161
1332 13.526005443833734
1334 14.462147739617741
1336 13.923285907436963
1338 13.694559079970498
1340 14.259333841138417
1342 13.415827496549097
1344 10.68313167790912
1346 13.423756431907336
1348 12.905487704487372
1350 11.246244467015286
1352 14.03286958828723
1354 12.568384551742856
1356 14.14724663571847
1358 12.533674229258894
1360 14.328926625912706
1362 14.548119976223857
1364 14.309608839701923
1366 14.208489711108932
1368 14.57705038681682
1370 13.285795442764078
1372 14.13341324732307
1374 13.918292757552262
1376 14.864344945514462
1378 13.47936262870924
1380 13.7861399244423
1382 13.054059083799357
1384 11.933764173039311
1386 13.357844753599764
1388 13.334715530574977
1390 12.80070836062381
1392 14.60332431394032
1394 12.242118349958192
1396 13.430271272171597
1398 14.915078022902435
1400 12.964697851036581
1402 14.392204056283388
1404 14.18682447670799
1406 14.089262719124633
1408 14.044649235770526
1410 14.200526165953658
1412 14.595267788405438
1414 11.443082862230344
1416 11.496974889252144
1418 11.126020288487164
1420 9.764799331975006
1422 10.935458281255015
1424 10.668593386147705
1426 11.150287388134103
1428 11.652819831357927
1430 11.022451818529502
1432 11.202440818769213
1434 12.44420830691362
1436 12.508471794434447
1438 13.973697447535251
1440 11.792884591556755
1442 13.126650385449842
1444 13.972298627531927
1446 11.059616591865138
1448 10.424481630023815
1450 10.213467805873053
1452 11.912979501241463
1454 11.658228550874297
1456 13.440613933122073
1458 13.786621341102412
1460 13.517690209360302
1462 12.30632449726281
1464 11.655400305722917
1466 12.41935569578652
1468 12.98794098614509
1470 14.129876119906902
1472 11.848898654931173
1474 13.068208702755935
1476 13.289234554388354
1478 14.104256747033324
1480 12.957801074226941
1482 9.805786734636193
1484 12.68489868316454
1486 13.453908553918772
1488 14.966708719606876
1490 13.933890658637308
1492 13.51468646398668
1494 12.98728834738886
1496 14.46264879334721
1498 9.575364780588954
1500 11.843952129452688
1502 10.735054421219747
1504 12.859431220450972
1506 13.84789019460895
1508 9.997631552715882
1510 12.706936231588761
1512 12.495099975141127
1514 11.45981941360513
1516 10.947732124873829
1518 11.63646267551431
1520 10.803520356793655
1522 11.141107556062657
1524 12.355686106266774
1526 11.147769999618937
1528 12.58257415998303
1530 11.041267818687333
1532 12.04962340036512
1534 13.64220956284981
1536 12.349183658695367
1538 11.754736464064997
1540 12.649841848970071
1542 11.89839386252251
1544 12.342239522397321
1546 11.339955422997127
1548 12.171723396196079
1550 13.842634351873016
1552 12.434494696683958
1554 13.075548793504026
1556 12.827704092041552
1558 13.204956978354213
1560 11.308551726498393
1562 11.260623209159204
1564 11.91423225161226
1566 10.432924555597133
1568 11.58080243112584
1570 10.822394703762818
1572 12.572383220721868
1574 10.657396277244764
1576 10.549110898129099
1578 11.69808100843424
1580 11.918897067768006
1582 11.257271925998756
1584 11.300211895065077
1586 12.181682416605062
1588 10.771329688947317
1590 11.347706320358455
1592 10.734285353464498
1594 13.468226362675264
1596 10.493158961511627
1598 10.80604592983987
1600 10.850020714811434
1602 10.739174435963996
1604 11.262764187136103
1606 10.275263742743743
1608 10.640341206294698
1610 11.145770034446256
1612 10.278179695074739
1614 10.814522665766832
1616 12.871875519458756
1618 11.124069959259659
1620 13.421785986545089
1622 10.576090423863306
1624 10.574390361556993
1626 11.913195732563267
1628 11.871743395199925
1630 12.53371843406534
1632 11.907373503680484
1634 10.94848143728402
1636 10.888643873570558
1638 11.231603259546823
1640 11.25156752642987
1642 11.411335245650864
1644 11.065951699046762
1646 11.555306214427187
1648 11.197330862803241
1650 10.620517818956637
1652 12.42685457434108
1654 11.55021109833686
1656 12.301113378238584
1658 12.349658097079583
1660 11.114712240090535
1662 11.805393161455898
1664 12.352591403176653
1666 12.36941234873918
1668 11.182724052043008
1670 12.937484021167243
1672 11.373879518024777
1674 11.195366120993041
1676 12.850635988877645
1678 11.499042047826727
1680 10.59312691031852
1682 12.305696862372937
1684 10.75427438470753
1686 12.168642985687159
1688 11.198286649173454
1690 12.093605455018485
1692 11.93078617290874
1694 9.929758683852198
1696 11.866856971362282
1698 11.845194129625193
1700 11.189580081704959
1702 11.286254152744704
1704 12.197262834268694
1706 12.258496534253801
1708 10.426627912067907
1710 11.277927856043478
1712 13.026103439129512
1714 11.494794185703357
1716 12.845374610939256
1718 12.134467333973445
1720 12.447685047069443
1722 11.728352139526226
1724 11.502295326779205
1726 11.79007134569008
1728 12.391703308368816
1730 10.688486023367629
1732 12.32016639844992
1734 12.427818291747593
1736 12.251530694984593
1738 11.621246402097508
1740 10.770194707192681
1742 12.132713845281028
1744 12.034678508047042
1746 11.55198847681898
1748 12.520802620949993
1750 11.064916475569868
1752 12.29163301102261
1754 13.028630029032948
1756 11.901485202984189
1758 11.993740310196099
1760 12.211061939053634
1762 12.221663456903936
1764 12.595914710051145
1766 12.190110946289373
1768 10.988500401912416
1770 11.394327712337631
1772 13.675594787049116
1774 12.089439833217478
1776 11.611918276379493
1778 11.296550058271615
1780 11.95904875375681
1782 11.441234122713741
1784 11.266321696883873
1786 12.544169697354624
1788 11.227425375678916
1790 11.30072957342229
1792 11.051311162844616
1794 11.76671180810281
1796 10.724387060334312
1798 12.248098358415604
1800 11.331269871118282
1802 12.462789537380013
1804 11.655170917609455
1806 13.505000567871493
1808 12.998839491713005
1810 12.64736096431122
1812 12.890207375813297
1814 15.727287230454376
1816 14.42891646010083
1818 13.149026726854196
1820 13.202570739569802
1822 12.6587365121093
1824 12.584098386059333
1826 13.607591228359412
1828 12.218141509986928
1830 12.164880428208539
1832 11.616285791124351
1834 11.03659124160287
1836 11.393407749884158
1838 11.432851173792306
1840 14.072560459264944
1842 12.76436628753963
1844 12.475040754541078
1846 13.668547425637467
1848 12.973071838707595
1850 13.948979140034574
1852 13.81272199672266
1854 13.608074333074411
1856 13.822591676732445
1858 14.831844964433937
1860 14.066742870350005
1862 15.316609189354109
1864 14.652263875041461
1866 14.44376582190969
1868 12.14147133673428
1870 12.677970104254316
1872 13.960193413213556
1874 11.428772626314974
1876 11.110823736140352
1878 12.511845010635154
1880 12.627094522845802
1882 12.050270818052994
1884 12.777145829970868
1886 12.746063977710033
1888 12.730071355319051
1890 11.30092113258226
1892 12.867905846205616
1894 11.672677119569327
1896 11.493878651169013
1898 14.484604831060642
1900 13.874710921295328
1902 12.486441505089903
1904 11.725372812948047
1906 13.07797787752893
1908 14.69494698778869
1910 14.003601508845415
1912 12.354192638566023
1914 13.695179378900827
1916 13.490291347880595
1918 12.383021678548232
1920 13.19191889642906
1922 13.906302079439925
1924 13.365591909175963
1926 12.44242220121117
1928 13.494311707375845
1930 12.6446318397067
1932 14.435711753219524
1934 12.968044606429354
1936 12.435543668034256
1938 14.24979202172761
1940 14.160858395091813
1942 14.311915166775625
1944 11.372202737871199
1946 13.388467103878977
1948 13.179220527674842
1950 10.861494014258284
1952 13.581203303788218
1954 12.731957374755817
1956 12.46380972530963
1958 14.152920099576738
1960 11.358903347870035
1962 12.295943809547909
1964 13.361999197222246
1966 12.70774079516095
1968 13.009804542477408
1970 14.235712686057315
1972 10.89042640236747
1974 11.397861144078616
1976 10.894677731573148
1978 12.633896028445017
1980 10.054685536557624
1982 12.447154555590897
1984 9.942097895270749
1986 11.70981056640791
1988 10.820718452737323
1990 11.957740398771634
1992 10.931023559391248
1994 12.117521196702159
1996 11.45381820090725
1998 11.025173929170773
2000 13.584162233292199
