0 13.00161876753046
2 12.961671669137706
4 12.171574002667453
6 13.585480527555864
8 10.314020677566994
10 13.258002651757257
12 12.487670872465818
14 13.438255652924674
16 11.153995211847537
18 12.43749856828334
20 12.167588475824683
22 14.62272713176854
24 13.717290727462744
26 11.265342046745117
28 13.237620260498305
30 12.5086923068544
32 12.891339619872149
34 13.981219884345037
36 14.350041454827803
38 14.302309924954931
40 15.78507643818141
42 13.311240630995094
44 13.929930930313056
46 13.336601608895991
48 14.094494624396575
50 14.928699930137714
52 12.702420155534808
54 14.475921738237126
56 15.659887662661355
58 16.66338178348517
60 16.62490232933474
62 13.716661321726924
64 12.946838350569731
66 13.6505589684143
68 14.105425153218762
70 14.077696307899751
72 13.9788921315627
74 14.260930891536928
76 15.455300048364432
78 14.248085942375772
80 14.877380438306483
82 12.979852112339135
84 13.494169634911335
86 13.357020673625293
88 13.216143254606697
90 13.378795648949959
92 13.307942673069585
94 13.325592477076462
96 13.453286521787474
98 14.268382891195595
100 13.828926368576495
102 13.077957869420295
104 13.767319858440587
106 12.315700349709234
108 13.703463348338632
110 11.732187832697358
112 12.328277144036507
114 14.59619329265274
116 12.893833841026655
118 11.943240480680297
120 11.72957788773371
122 12.482996413271806
124 12.042145616331824
126 11.578856725702606
128 10.350391261422715
130 12.447690122021186
132 12.643281472668523
134 13.405821392843407
136 12.849091101899557
138 11.678171263415724
140 11.294536121936952
142 10.900045641605296
144 13.289955749438759
146 11.413755282806896
148 9.228806536917718
150 11.446870282882504
152 10.561179769678953
154 11.42360009683373
156 13.485685037394921
158 12.207350637447261
160 13.259697941356286
162 11.870996159806008
164 12.838143954789375
166 12.350683199007392
168 14.707178736192732
170 13.278922724405394
172 13.80913266153877
174 14.016405455732393
176 10.566841999737958
178 12.09372116979782
180 12.579842721172607
182 12.266113770867115
184 11.857868242042453
186 9.357359068062655
188 10.507869996648976
190 12.715063032504254
192 10.860753127065962
194 10.916271642474209
196 8.96733865814534
198 10.923415418021722
200 10.218917400556435
202 10.610226949409531
204 11.4585891859187
206 10.82741113859416
208 10.161693958636137
210 9.054959156240857
212 8.838227314720958
214 8.860419880065646
216 10.633407247671698
218 10.174632074328347
220 9.187021200521478
222 8.794886324501032
224 9.02933331771297
226 11.126726335291222
228 12.079241229095185
230 8.919320866859374
232 7.72221651762736
234 9.269376000204753
236 8.814644311578581
238 8.577565076468707
240 9.280069838624362
242 8.330100434468084
244 9.801366482350796
246 8.299393192769838
248 11.770061154532783
250 8.572630013687847
252 11.113813181745074
254 8.18520018783471
256 7.631324875823414
258 9.302206064090509
260 8.670408768923837
262 8.858564204007063
264 8.70373465520691
266 7.810977654022212
268 8.67322569506491
270 9.880822624836089
272 8.04424914358512
274 9.81310269907318
276 12.411656758692759
278 10.634199477584287
280 10.68068733175575
282 11.334237945208121
284 11.263631264831206
286 10.970773241303212
288 9.11778883798443
290 9.839571541089505
292 10.147978755153053
294 9.789194976160225
296 11.668532674769505
298 12.263154775890303
300 10.057660402996987
302 9.957577495195393
304 9.47043438214984
306 9.67302423851213
308 9.32321674385819
310 10.214750400511223
312 9.045492187739686
314 12.206807125444469
316 10.047108808822285
318 11.679615180326811
320 10.804619735106446
322 9.78547539992772
324 12.783523605131549
326 11.464075096154358
328 10.13353695276877
330 11.005928027459364
332 10.55913712863177
334 10.372376130115027
336 12.806245839958558
338 12.533754605119714
340 11.25175410044691
342 10.38482552952777
344 9.800940019016375
346 9.354263520361771
348 10.94288746626278
350 11.684843531921706
352 12.4353062408057
354 10.565229029415157
356 12.809767693373614
358 11.180439089650262
360 9.366599148147289
362 10.741235797615348
364 10.491003383365857
366 10.988009979601495
368 11.85572503352628
370 10.922254781909777
372 12.535803209341921
374 12.191985547506604
376 12.612299088328884
378 13.607565745907342
380 13.340077720542746
382 13.101758562467907
384 10.81511558961472
386 10.151206874412985
388 9.393746661949193
390 10.29679667909432
392 12.321625193625298
394 13.209138521437485
396 12.743506103457921
398 12.75655840688731
400 12.98668921516485
402 13.177471605829837
404 12.284710144425782
406 10.582776381694673
408 10.70002276380834
410 10.549355468734097
412 9.735472352377922
414 9.750724630493872
416 9.493807478953729
418 11.929630641801614
420 11.149102110699662
422 11.996578673345727
424 11.21083434839503
426 12.584859428004378
428 10.686755310601605
430 11.961948633066157
432 11.66411036624728
434 9.697277746722405
436 9.70891295708161
438 10.42367305165352
440 11.037360591228952
442 9.851280495384799
444 9.441386514448695
446 10.480506508650384
448 11.053114703709268
450 11.030760804792507
452 11.05653158730137
454 12.31320282213619
456 10.402355083255788
458 10.43178761803342
460 9.678536645292635
462 9.230386034334343
464 10.578512677823706
466 10.598459116376358
468 11.428496641414931
470 10.454535387064391
472 10.58082209964658
474 11.765378082984482
476 10.457197417960158
478 12.114629978985862
480 11.350970644681423
482 9.821143067412542
484 9.110891892528425
486 11.211889454630375
488 10.837925060777577
490 11.644075499511606
492 10.064774732272078
494 9.462105654687937
496 9.642193426631424
498 10.361559052564084
500 11.70200733356658
502 10.479602685200758
504 10.99820685042002
506 10.414995824236858
508 11.249826208107162
510 12.698004533570476
512 11.465046155981813
514 10.046524943633356
516 11.613889438120623
518 9.551110333352797
520 11.580256460247078
522 11.3710414811424
524 10.344301067801656
526 11.38323238866095
528 11.767521621622983
530 11.497296987769936
532 11.426261622915552
534 11.087396131029113
536 10.801590245472338
538 9.251453736259542
540 11.501524776050887
542 11.534931080070704
544 11.783941362149664
546 9.518429997597591
548 13.747923996338347
550 11.232050689945515
552 13.03293182097102
554 12.978557953279903
556 11.946053584098273
558 12.075085447526497
560 14.407588250869537
562 11.383232991869802
564 11.756033198402418
566 12.080936368058243
568 12.729734158674528
570 11.83771141023026
572 11.513393278676082
574 11.114928689266762
576 11.655269956209297
578 12.360537691737337
580 12.130828703321264
582 12.37208803321602
584 10.745159648493642
586 11.914449860762472
588 10.386615059189753
590 11.576294217025781
592 11.061314596789753
594 11.485666557903535
596 13.537731225911395
598 11.261566858855328
600 12.102770869883923
602 13.803021423852188
604 10.683564896129568
606 12.325769855593803
608 11.590453780395853
610 13.117953249454024
612 12.292468421065598
614 12.08823865784039
616 10.599108485036437
618 13.451407020462488
620 13.100230790296711
622 9.782966568252805
624 13.898587899366634
626 13.630276056574491
628 13.615358632745126
630 13.224329118700384
632 13.647123310282064
634 12.492119936473623
636 13.510230109954609
638 13.98180931258475
640 14.161955106862457
642 13.3513754633718
644 12.682838109570396
646 10.878182801772667
648 11.190794441311084
650 11.964302983847386
652 11.093176203388737
654 13.110790228757914
656 10.124161870029955
658 10.487770397245386
660 10.14983938697165
662 13.700622933141961
664 11.691037107596255
666 13.704409296331756
668 13.82356224047889
670 12.89536170786655
672 12.551811224227723
674 12.960236533564277
676 13.8926936194777
678 11.855400349888669
680 12.865794458217517
682 11.679764952973922
684 11.764297276954824
686 12.419480526884126
688 12.077926209656912
690 11.901557248588352
692 13.601448181241446
694 11.051334859323093
696 13.16734057710855
698 12.212684503948084
700 11.810030512371455
702 13.07377202936097
704 12.354490680764712
706 13.000405674048467
708 12.596831049039508
710 10.58797761216813
712 10.657683303907051
714 12.381089353072943
716 11.453043238114125
718 11.3763478468287
720 10.92514554287763
722 11.02630057873149
724 14.006289209409736
726 11.826824679290873
728 12.861795425737348
730 11.598975879845248
732 12.48579446326821
734 11.804840577217565
736 12.059056272511832
738 11.973507247876464
740 11.738906771499757
742 13.15541425365378
744 13.708472598502953
746 14.28177062611332
748 12.248281132897889
750 11.382508128281675
752 13.249455089952853
754 13.687033462503846
756 14.045102516092395
758 11.556411291323414
760 12.468410656312846
762 13.068411399422855
764 11.562203678371676
766 10.615582437660294
768 11.70345845262215
770 12.159751734208513
772 10.797901076340755
774 12.340628946806806
776 13.04446220883205
778 12.97042979944119
780 9.965963261241777
782 8.189221902668027
784 10.94209127728316
786 9.8252426948407
788 9.377324015169025
790 9.072075563471607
792 11.262937793890124
794 10.179688077394248
796 9.798162835579845
798 9.797512753365133
800 9.44406706000207
802 10.588887156802414
804 10.33044360335894
806 9.940071604296527
808 11.41248835692313
810 9.712290247632117
812 10.858859762256634
814 8.868830158628224
816 9.094482149774697
818 9.787234505166051
820 10.25542888754822
822 9.0308027263407
824 9.691840327468075
826 9.808616132741793
828 8.344420733590633
830 9.980844334912565
832 9.56155816328577
834 11.362342049856446
836 12.635752836564466
838 10.997396065753925
840 13.592331936634173
842 12.929747600648485
844 13.625353843310124
846 12.136012578024618
848 12.654604226040547
850 12.702807971665948
852 13.268429475712797
854 12.779369585373013
856 12.86601831005417
858 9.38332888618669
860 10.333839957473481
862 11.543155731619704
864 12.510432284637492
866 10.417036213301905
868 10.915571000126237
870 8.792643934715649
872 8.611764673389347
874 9.774184775466251
876 9.906291063294077
878 9.415624321303548
880 10.108761434938986
882 11.95722500991588
884 9.113170262934318
886 12.501375675156373
888 11.547638414195251
890 12.262352973827566
892 9.473049510042458
894 9.022452609942144
896 9.039043238996264
898 10.714725899086401
900 9.978885166229354
902 10.072648999518625
904 12.62950029823877
906 9.94356379430515
908 11.471899040278991
910 9.089365664466184
912 9.14454607388163
914 7.7996258903195885
916 12.771482918118583
918 12.101053060061467
920 10.51612540454879
922 10.186096193846309
924 11.39088067124226
926 10.653772450144
928 10.953151705401801
930 11.487977305067155
932 11.4471449174406
934 12.710728759642532
936 10.597899538768328
938 12.159610235091593
940 10.921487285235886
942 11.169504860582883
944 11.535093593475308
946 12.77669464481476
948 11.717005527580149
950 9.438795131801008
952 11.980965370429296
954 12.001873277043394
956 12.076149589959687
958 12.196020368782069
960 10.579504182877645
962 11.439743627605433
964 11.998323985235546
966 12.010306806754514
968 12.50838267165611
970 12.470637747358484
972 13.715572872067508
974 12.412133060320361
976 12.17408416637412
978 12.939194401899082
980 12.37552456471885
982 12.65101540355496
984 11.33439747572987
986 11.63037734150386
988 13.67130343838863
990 11.601936799255439
992 10.750953860526497
994 11.73370069790143
996 10.63854841311924
998 11.526538923480754
1000 13.532740643710955
1002 12.103513056342635
1004 11.303251119766122
1006 10.448699511925797
1008 13.308454978226262
1010 11.440129396468365
1012 10.716258328915952
1014 10.952394894198545
1016 11.358709651438568
1018 10.918073988759799
1020 12.529045260650788
1022 12.362339921215417
1024 11.032190174669644
1026 12.423595739089553
1028 14.643513544092974
1030 9.582303005217131
1032 11.385643472494413
1034 9.817835998614276
1036 13.243598958358174
1038 12.427789243605947
1040 12.581148540666161
1042 9.378148959107195
1044 9.636894918208297
1046 9.176676896614778
1048 8.947205257418512
1050 9.57079831181003
1052 9.410743814517549
1054 11.402956584948505
1056 10.91495022478043
1058 10.924296375514373
1060 12.104882438054878
1062 13.154843727848586
1064 11.774464477802674
1066 10.74905008024297
1068 12.523301189898474
1070 12.671785314161585
1072 11.487539551646302
1074 12.23033327835413
1076 13.222186442563254
1078 12.447542561253886
1080 12.92579643514177
1082 12.633322058224815
1084 12.880781785452553
1086 13.53649044819902
1088 11.336654155231463
1090 13.320135868061625
1092 10.06083826096023
1094 9.999986436608275
1096 8.951270435380515
1098 10.15947537697235
1100 7.913036406984881
1102 8.925163309438673
1104 8.712910111224364
1106 12.066372541128795
1108 9.238812879788634
1110 8.95291108083505
1112 11.132165990959427
1114 10.71110773308106
1116 8.911714401320188
1118 11.051354459026303
1120 12.537389005464915
1122 10.637249289584211
1124 8.22017392496658
1126 9.053459323391678
1128 7.9297527360326585
1130 9.058260253875993
1132 9.244984792695526
1134 9.734113750822203
1136 9.20229072314301
1138 10.256360417325514
1140 9.756641957791576
1142 9.32026447690689
1144 9.18538724578469
1146 10.101727210386217
1148 8.480540502172284
1150 10.741633943692298
1152 10.12662317929792
1154 8.672022760920921
1156 9.55579967943234
1158 8.713541582106881
1160 9.616784229146296
1162 9.744794995034198
1164 10.452655628856359
1166 10.613097037014265
1168 9.14938612432923
1170 10.06367667597635
1172 9.518006739593638
1174 10.544721689047016
1176 9.463164188352414
1178 10.051706054726585
1180 9.866999208603177
1182 9.859138793167288
1184 11.052611752859848
1186 8.95486541664051
1188 10.449332299037495
1190 9.996874518131795
1192 9.39816659587514
1194 9.434961245994502
1196 10.02534500632007
1198 10.363225875043426
1200 10.66811864338925
1202 11.844463051589862
1204 10.503395892503745
1206 10.051237649652915
1208 11.445875769259336
1210 10.757314847417074
1212 13.688699810518608
1214 11.918924202733903
1216 10.427173845326763
1218 12.120661427293085
1220 11.982851048881107
1222 12.430307768297782
1224 11.203301662442332
1226 12.539642479533788
1228 13.196025510127326
1230 12.123267956791173
1232 11.276753688132226
1234 11.58592157524218
1236 12.905925830146579
1238 12.850586258277527
1240 10.948285545293365
1242 8.665849320864558
1244 9.391884972444199
1246 9.730408860465122
1248 9.095274083659787
1250 12.558165422079858
1252 12.220750497852508
1254 9.635016499433414
1256 9.910022174030344
1258 10.265371488679094
1260 9.534982022619134
1262 9.92182792219509
1264 9.61569963454206
1266 10.3181737227192
1268 8.27151511026182
1270 8.72489659219256
1272 9.418681182227429
1274 8.062680723735395
1276 10.068108825388553
1278 11.261271169810735
1280 10.753279536572165
1282 12.375211293277621
1284 11.16203838341692
1286 8.758604136174602
1288 8.85822968667095
1290 8.114238109727289
1292 9.750623187687452
1294 9.228716850651656
1296 10.383142347888601
1298 9.4238430372303
1300 8.94977766560124
1302 9.963217148608273
1304 10.704839058122838
1306 10.315880936669261
1308 11.97999785459964
1310 12.714064068357054
1312 11.732499072835479
1314 12.753062574987192
1316 9.326100639289962
1318 10.170586164269812
1320 9.665922466215832
1322 9.117476814814308
1324 8.254120650430277
1326 9.259015518158543
1328 12.090209319494422
1330 12.60451711466067
1332 12.61999180861587
1334 11.392358757185105
1336 12.516165595526182
1338 10.705090903228822
1340 10.279946708988978
1342 11.616638458205971
1344 10.337654278015446
1346 9.743507740430283
1348 10.56144391071875
1350 10.486199479742126
1352 9.795896329432603
1354 10.628160476498875
1356 11.345335500102047
1358 9.289581050733414
1360 9.978308797586525
1362 10.919909888937518
1364 9.48220958407319
1366 11.08578535024327
1368 11.02262764649191
1370 10.743318086527278
1372 11.21429019826697
1374 12.418940059257794
1376 9.372408722285913
1378 10.338075909926737
1380 12.027643164587959
1382 9.280912636409031
1384 10.081215053321664
1386 9.938317563228994
1388 10.599216300933302
1390 11.298499617361763
1392 10.488635119439712
1394 9.535589684274798
1396 8.764024308298294
1398 9.890182459028662
1400 9.740314941015113
1402 10.310279500230065
1404 7.317519207184184
1406 8.454595394189326
1408 9.174422185099004
1410 8.82933103350079
1412 8.667559554404644
1414 8.786168199833703
1416 8.532090961299883
1418 9.059871456085181
1420 8.288413322100064
1422 8.487716154830652
1424 8.997040916241627
1426 8.637525179485113
1428 9.223913809660214
1430 8.377575807114605
1432 8.99753309731034
1434 8.922214863107
1436 9.66256352325585
1438 8.980581505527377
1440 9.986259137468767
1442 9.033457688643962
1444 9.55868961419497
1446 8.74938777434336
1448 8.37987341063911
1450 8.373703600400468
1452 8.53121892683393
1454 9.688788328208727
1456 10.362830086121665
1458 7.694246088862762
1460 9.398124559359111
1462 8.756607131944978
1464 9.164163803523552
1466 9.046176723445072
1468 9.25097446435083
1470 9.434425578627591
1472 9.501141529932607
1474 7.9009490396753
1476 9.335582986374547
1478 11.046706532845194
1480 11.040369164751127
1482 10.83593794611089
1484 8.470090937572666
1486 8.536786388246304
1488 7.836330333499296
1490 8.894585063113295
1492 10.18478659225254
1494 8.590771096451672
1496 9.815463351770997
1498 9.19570604875776
1500 9.936429163022213
1502 8.901519195172385
1504 9.232890717881078
1506 7.939119125822894
1508 8.252106467880553
1510 10.483297769011557
1512 9.550050671510114
1514 9.58983228185084
1516 9.611129227902625
1518 11.753777338890135
1520 12.615759519862017
1522 10.641169725536512
1524 9.131814510876708
1526 8.02646150907702
1528 8.73916629595323
1530 8.937151808054457
1532 8.600203105925804
1534 9.99201488257519
1536 9.528155239118878
1538 10.328275038953736
1540 9.931814029187663
1542 9.823703845858946
1544 8.27566576111553
1546 7.941034004280732
1548 8.258934204948288
1550 9.62058275579292
1552 9.609716664565905
1554 9.130587311461554
1556 9.596099653264337
1558 9.654804698331054
1560 9.459549116557323
1562 9.589950245082134
1564 9.989391767069003
1566 11.749201258487052
1568 10.234333282661066
1570 9.753740749685344
1572 9.668245832206695
1574 8.818533724746993
1576 9.968759115396548
1578 8.974743363052292
1580 9.932441675536952
1582 9.69203749172517
1584 10.916029294424623
1586 9.544772471080824
1588 9.05254195874943
1590 9.318548933208556
1592 10.234628301377493
1594 10.944514429049393
1596 9.354952892876646
1598 10.440830911771275
1600 10.054363640559565
1602 9.535706454324012
1604 9.231042887913588
1606 9.837046563951908
1608 10.88822100467975
1610 10.29375784866638
1612 9.960901549417732
1614 10.27349421800014
1616 10.149648512294478
1618 10.31426255652716
1620 9.15183677823456
1622 10.0002920013537
1624 9.399943772171877
1626 10.235166657270312
1628 10.286255320422981
1630 10.218770055804764
1632 9.448115055270215
1634 10.667952509515015
1636 10.023501827633899
1638 9.548977387167989
1640 10.243048687187482
1642 8.948693487015314
1644 10.1506138207259
1646 9.323353336037105
1648 10.91341847795087
1650 9.797061004578978
1652 10.230714523558156
1654 9.124752392574436
1656 10.727469590056232
1658 10.15893998241016
1660 8.903236591706387
1662 10.935365340518814
1664 12.406782036692391
1666 10.567830813166596
1668 8.669223974718957
1670 11.147345830070966
1672 9.236104431699681
1674 9.05516872171185
1676 12.198591841931277
1678 12.605365958194607
1680 12.961769351038349
1682 9.294817221057894
1684 9.642852424510965
1686 9.603016431568982
1688 9.967357528048119
1690 9.999628644838422
1692 10.352987895821611
1694 10.917879252763903
1696 12.88325945750376
1698 11.982553106964488
1700 12.761634404373995
1702 11.144894280531547
1704 12.837893397112728
1706 14.541666737648935
1708 13.161164792352126
1710 12.622530248692575
1712 10.887204693476962
1714 12.58638344618499
1716 9.511391423399543
1718 10.642754224664799
1720 10.13094940888386
1722 11.28556992930343
1724 11.022767893875024
1726 11.045547135263927
1728 9.918738995360886
1730 9.925978570547128
1732 8.712669612510624
1734 9.453068958060594
1736 10.462394310058505
1738 9.979322518266947
1740 10.279883694126642
1742 9.958362684986453
1744 10.51480170991513
1746 11.307828079921414
1748 11.370091634633585
1750 11.367961205416082
1752 9.659427565210464
1754 9.851994678520422
1756 13.126044546421253
1758 9.647726535517595
1760 9.311017514196935
1762 9.44279831225085
1764 9.986311108008051
1766 9.940679095308786
1768 11.137004313355549
1770 9.986031280428442
1772 9.520970714992131
1774 9.253778714759173
1776 9.980271813126732
1778 9.65027437695762
1780 10.30838197386354
1782 11.791985218490789
1784 9.79344965023633
1786 10.428527120025363
1788 9.625348753004605
1790 9.386313271192641
1792 9.226505033957375
1794 9.444255779266843
1796 9.474693097866322
1798 10.083551892782838
1800 8.076614189069211
1802 10.659643955551175
1804 10.953729200945038
1806 9.823217745352201
1808 10.233627528169354
1810 10.128384514771803
1812 10.473759394850696
1814 10.24060109892565
1816 9.187489571209406
1818 10.428209710968941
1820 8.778640737787471
1822 10.088135839986368
1824 10.837661516688614
1826 10.78213666318423
1828 11.056149983597452
1830 9.139372637237107
1832 9.50369554039729
1834 8.637205877617507
1836 9.923122637636993
1838 12.037156503187795
1840 10.14605629134896
1842 9.303378009896775
1844 10.161381223613379
1846 9.129579020193221
1848 8.180134593351244
1850 8.876862752570993
1852 10.53184112770158
1854 11.497695332340523
1856 8.396059022943813
1858 9.760034484495854
1860 10.687904211564613
1862 10.55081579820636
1864 9.811432604389239
1866 9.272114014789738
1868 10.757747048839867
1870 11.380494754408472
1872 10.454746069360452
1874 10.748108349675043
1876 11.554274800620583
1878 9.80613170451893
1880 10.28370774284255
1882 10.41244218833773
1884 10.429942395646343
1886 9.78280428383387
1888 10.445765413882016
1890 11.07950442614016
1892 12.099974117788113
1894 10.383300738175027
1896 10.725724027513627
1898 8.814543360212745
1900 9.799887991755707
1902 10.547213241973248
1904 9.813588808647149
1906 9.435216152869463
1908 10.880811459631591
1910 10.108037535750993
1912 8.570140925242875
1914 10.334015636623604
1916 11.909697574651958
1918 12.329391794669412
1920 10.608355232196093
1922 9.028159193824418
1924 9.384190069177517
1926 12.2181524503974
1928 9.741194129920533
1930 10.766773001399741
1932 9.910996950509848
1934 10.973677715896404
1936 10.061540393939786
1938 10.717527957111884
1940 9.92852650968884
1942 12.077751210057333
1944 9.369608715442926
1946 10.976039792104933
1948 9.810900629448035
1950 9.100958384760098
1952 9.998092569858004
1954 10.7958843702582
1956 11.68404386971116
1958 10.936395681279734
1960 11.1860502080323
1962 8.415755023237933
1964 9.358396376477765
1966 9.236123069464217
1968 10.71784614746398
1970 9.046828769180472
1972 10.673388702644479
1974 10.278648985913485
1976 10.296989762795862
1978 8.89762430025825
1980 9.088537605255718
1982 10.48571846803188
1984 11.916223005311277
1986 9.850006446488536
1988 9.31401982964275
1990 9.341392775932002
1992 12.936011632078216
1994 8.70737404324623
1996 9.715118439365414
1998 8.977356629975912
2000 8.930898003104272
