0 10.283528550912703
2 9.053480036377668
4 10.730139802879707
6 11.490922495279936
8 10.765402580421098
10 11.302278339368767
12 11.300581062705174
14 11.691912314160895
16 10.167817587358323
18 10.97922780113428
20 9.739710077127832
22 9.733621028970903
24 11.034503976298211
26 10.753595385904923
28 11.151566812637931
30 10.652258822031426
32 10.989433359775022
34 10.691981663532674
36 11.178678957937748
38 10.711212071097147
40 10.929148301906169
42 11.236078276493517
44 11.292742497898317
46 11.001331704141796
48 11.227364925573951
50 10.36094495845591
52 10.816786334284847
54 11.601367457982928
56 11.06534458057007
58 11.179001480579846
60 11.469562445678706
62 11.413301516279539
64 11.582502520977481
66 11.014703116347587
68 11.09494286830725
70 10.861073141453076
72 11.034441516678344
74 11.248843050324322
76 10.223816562808524
78 11.177266218027059
80 11.388943268317764
82 11.548890706484288
84 10.735100590984118
86 11.841879102343135
88 10.837540303404031
90 11.680847160631654
92 11.38606492012258
94 11.97025239555824
96 11.411707168302007
98 10.814488690658036
100 11.57622415786743
102 11.20848521116217
104 10.760070325205193
106 11.717589809237456
108 11.027065136627016
110 11.5161450524436
112 11.654000560404691
114 12.358823836083054
116 10.60244264263019
118 11.22483567829504
120 11.727891480325832
122 10.487696866577359
124 11.221721157039863
126 12.223677946223816
128 11.320088624103082
130 11.761406068761154
132 12.862301542036567
134 11.829334760522505
136 11.491071485422784
138 12.466357691917205
140 11.535258214451181
142 10.70530897711265
144 10.716498813804185
146 11.464898148565954
148 11.954971985826546
150 12.449085440632642
152 11.697786359647152
154 11.908861149454221
156 11.706377132838353
158 12.069319043866061
160 12.302305491661375
162 12.254770349150908
164 12.003742094604284
166 11.466239563403752
168 11.375962302618335
170 12.112729440128366
172 11.551417733777857
174 11.350786019286172
176 10.665419511302897
178 11.618868614704585
180 11.209715262210096
182 11.320361374120155
184 11.479526817330594
186 12.173909136338455
188 11.489213887042844
190 11.919767525730013
192 11.578922518082818
194 11.192189364372913
196 11.513684374731804
198 11.165872812221226
200 11.711880485509916
202 11.491713072692795
204 11.811048083073878
206 11.5194045943482
208 10.286020829980254
210 11.836677387664517
212 12.017780024308117
214 11.38438146868703
216 11.769482141996324
218 10.765080592753847
220 11.099393716288757
222 11.046928644787727
224 11.070802657226052
226 11.084661430175437
228 11.035638353130976
230 11.416368106060535
232 11.46485767514191
234 11.113386325020471
236 11.144961125275248
238 11.831259135473033
240 11.041648807967833
242 11.965240439884806
244 11.534690193081001
246 10.524167401436287
248 11.455502683149337
250 11.141792316589225
252 12.010579730295126
254 10.9529378764933
256 10.930149314540305
258 11.000021551911036
260 11.84292289946804
262 11.415985066256829
264 10.777460141748161
266 11.936780670256772
268 10.70299349286339
270 11.514351320868256
272 11.68931746371015
274 11.331542314028646
276 11.496910075502457
278 11.570956692192354
280 11.093309306829457
282 11.095442892950617
284 10.413138393217254
286 11.24515202658413
288 10.589215194687036
290 10.727670478897576
292 12.064560971929023
294 11.117235137756426
296 10.443358230375754
298 11.288210849150792
300 11.085077497038817
302 10.700965473006088
304 10.403165638156523
306 11.247172475621117
308 10.434985695333713
310 10.4682056213431
312 10.663980372281117
314 9.843788808829979
316 10.649885305156605
318 11.178581089612758
320 12.372986309546654
322 10.925392170935854
324 10.222766996142578
326 10.661810511133217
328 10.887517527097268
330 10.816579719120906
332 10.793572312227917
334 11.685719616026509
336 10.89312983588674
338 11.35944782849498
340 11.111346084950522
342 10.585968499731013
344 11.357342026807338
346 10.284093315578133
348 10.930499965056258
350 12.05577784417668
352 10.631985550598863
354 10.962119242860227
356 9.825277531633729
358 10.103976069940973
360 11.545118399007851
362 11.147454019728084
364 11.38613701370997
366 12.355458958811978
368 10.293325791364985
370 10.820233622801522
372 11.518166133033786
374 10.838205597505569
376 11.178274345360196
378 11.575672033196213
380 11.933935031689925
382 11.307291084703223
384 12.401864038951102
386 11.538468813541863
388 10.430008079255723
390 11.281615091591123
392 11.520568850577225
394 11.3673676008621
396 11.483280859870485
398 10.885206415188494
400 12.259354176897707
402 11.104747388804755
404 11.906222993790239
406 12.3002895711925
408 11.446718322768014
410 11.170688967858878
412 10.6728305455047
414 10.741857980458725
416 11.538844725170001
418 9.992624165382356
420 10.819483717982164
422 9.928519325466574
424 11.206579485330304
426 10.933454297941223
428 10.853706335499494
430 10.550893548384618
432 10.281816119662167
434 10.005140730799475
436 10.730557103978361
438 10.498184314510098
440 10.261785515587011
442 10.088424107391397
444 9.540996665317895
446 10.680715862388503
448 10.500276406565703
450 10.974199359445509
452 10.228136701438611
454 11.153959977295129
456 10.377303633154837
458 10.51979376210808
460 9.595089614078388
462 11.005911917855098
464 11.094702302604615
466 10.007622240031575
468 9.997096556957755
470 10.366049847947151
472 10.587110410258411
474 10.401871402508961
476 10.649080898118589
478 8.880055684267601
480 10.644064401174042
482 10.5657380027886
484 9.777574023770699
486 10.939087401552433
488 10.341695448334832
490 9.961854625367465
492 11.541125158666965
494 11.106449323303448
496 11.018619241771972
498 11.67846403892284
500 11.189549243566375
502 10.653194509600578
504 10.060327608755319
506 11.010196132319917
508 10.151279270377911
510 11.253741982380156
512 10.991453912453048
514 10.258630371290526
516 10.883250810563542
518 10.60513978973136
520 10.987540270214442
522 10.236188423548732
524 11.094038313541137
526 10.775972750839415
528 11.110015570825475
530 10.877587173595359
532 10.517443662097039
534 10.986590114939997
536 10.502718711926189
538 9.921168200714307
540 11.179579386300016
542 10.478808244255154
544 11.072642840776753
546 10.125625232976521
548 10.229144123032093
550 10.942672817234495
552 9.891339496592687
554 11.16832278645073
556 10.361684775318013
558 11.057279888449202
560 10.369599704356911
562 10.889537006274308
564 10.117852975370619
566 10.772800698129506
568 10.087603699335558
570 10.398777504303812
572 10.866212890737794
574 10.627651429858771
576 11.125078499987234
578 11.964559947182204
580 10.880001268950368
582 10.169379896917924
584 11.467751973697215
586 9.813262479397736
588 11.141611426213428
590 11.632824624322486
592 10.545379034244734
594 10.170405064477805
596 10.046164323809347
598 9.38815506772178
600 11.268414168265728
602 10.484336992295967
604 10.762385577684991
606 10.533780831727714
608 10.053997657172463
610 11.187690781316755
612 10.159295411499697
614 12.078002517470678
616 10.807836163369865
618 10.674323100661196
620 10.351777641191424
622 10.32524474719321
624 10.874476894243617
626 9.924838363140518
628 11.104398624194197
630 11.16079221860077
632 10.60050894584584
634 9.181072135769707
636 10.253987178854944
638 11.114014861558664
640 10.692259222232543
642 10.204126307886746
644 11.52175489887664
646 10.709273641622872
648 11.710888821614997
650 11.757539663311311
652 11.381469402145276
654 11.515802864711908
656 10.362187077822558
658 11.740668542468248
660 11.554784936889329
662 11.635448124499279
664 11.808295030389559
666 11.460752424003866
668 11.163346927514352
670 11.416536526827949
672 11.77953762319383
674 12.069540665177426
676 11.943959024196964
678 11.899896294282396
680 11.80696214163697
682 10.588161999903093
684 10.922056102364524
686 12.266677641436214
688 10.870896547574684
690 9.93090706177592
692 9.353294977107602
694 11.886570251501572
696 11.553235692053796
698 12.493220957438297
700 11.040673286256757
702 11.052100553098342
704 12.001800326531706
706 12.088710470664951
708 11.369060767308463
710 11.809588031351144
712 11.74888543661585
714 10.784980958828532
716 10.930460599949084
718 10.996474349542797
720 11.58499661382768
722 12.382090613819994
724 11.758163097971769
726 12.02571280402445
728 11.822984245778045
730 11.736832267579056
732 11.49050395740222
734 11.66071101879
736 12.20440956622393
738 11.868995670165488
740 11.882072051226293
742 10.828147563221236
744 12.108928854181075
746 10.962757335952956
748 10.826932433430288
750 11.395197601952411
752 11.072223635593021
754 11.607219485055545
756 11.484761335047107
758 11.63872425573703
760 11.394568695706644
762 11.077843338716955
764 10.913837891950148
766 11.978963601909767
768 11.49674585678166
770 11.849083343463159
772 11.707126795420631
774 11.52890437853881
776 10.60346284667665
778 11.934443030338226
780 11.523324285462238
782 11.443543155820183
784 11.50261366146765
786 11.285233493159328
788 11.69117309323367
790 11.7702396199279
792 11.617466922497803
794 11.193131900118729
796 11.338645390064702
798 11.550320672679124
800 11.501346087417062
802 9.981688440186398
804 11.411682707722491
806 11.146272367442693
808 11.001648979186541
810 11.040461009808196
812 10.119835661813914
814 11.438785272277377
816 11.4618889955785
818 11.093405007016122
820 12.20054941197246
822 10.830274368150423
824 11.415204233355668
826 10.397973310043422
828 10.668280199307997
830 11.000040385502322
832 11.367521489940552
834 11.344748014543859
836 11.541831815439947
838 9.97628407394564
840 10.731530247031413
842 11.242069944606243
844 11.462483609021138
846 10.50373705557206
848 11.427963966862281
850 11.28206834186964
852 11.69363404267573
854 10.844583064465944
856 11.543838319087682
858 12.154225504849812
860 10.80482455696017
862 11.658871875193569
864 12.454440195067441
866 10.817518310532648
868 10.956502224865952
870 11.509290877438005
872 11.491157773802543
874 10.804353015035808
876 11.652924991397741
878 10.95871945383733
880 10.903527875670628
882 11.472459218229316
884 10.922673619542268
886 11.649418952827984
888 11.441660277459942
890 10.627186868813864
892 11.682457334611334
894 11.45530655169839
896 10.806188273055566
898 11.129210560541873
900 11.339077392941324
902 11.786736576799548
904 10.79317509953953
906 12.015326070631541
908 11.385012308081143
910 11.641618408222417
912 10.95508617094133
914 11.701215921456214
916 11.990030978235483
918 10.880949826296078
920 11.354066370721217
922 11.238158577738387
924 11.610292522944047
926 11.785094124020697
928 11.684929159832171
930 11.065204680732577
932 11.489652024492438
934 10.9394143168535
936 11.7267325697649
938 10.847511817661562
940 10.92151527372135
942 11.159221780237575
944 11.462658867621416
946 10.622715190055612
948 10.838948120942373
950 11.247462275898222
952 11.510307807950115
954 11.366068951092682
956 10.712957631827472
958 11.897942563989352
960 11.077687707071611
962 11.403820121106378
964 11.653525579106388
966 11.309679453904733
968 11.49061642074888
970 11.583825008652983
972 11.223255373357452
974 10.90928695936089
976 10.569908414825665
978 11.806873485612213
980 11.854898655724913
982 11.136306067525961
984 10.930510043489397
986 11.202661241030194
988 10.77580940297298
990 11.24653521908902
992 11.005982982613897
994 11.207021801476271
996 10.219707214139772
998 11.73597012502242
1000 11.870146714603939
1002 11.686772039025465
1004 12.104347185310942
1006 11.264994970898528
1008 12.436298414055225
1010 12.268518030633773
1012 10.612940729379897
1014 11.751990323452521
1016 10.878421679345847
1018 10.460180013505749
1020 11.130660676361513
1022 11.624823617564958
1024 10.858959010131029
1026 10.507278975187326
1028 10.111463585629954
1030 10.143460176421161
1032 10.770709921447686
1034 10.520540943817299
1036 11.539325662414331
1038 11.548151614561457
1040 10.66689960286256
1042 11.509846000804021
1044 12.069487248032726
1046 10.801623589725383
1048 10.868898464284232
1050 10.843150180694638
1052 11.601876120553337
1054 12.190440464091887
1056 10.40865923086604
1058 10.785663273860163
1060 12.051887749549026
1062 11.78169887189923
1064 11.949804679009725
1066 11.265352379461325
1068 11.132719005638641
1070 11.659867426021384
1072 11.996572257863148
1074 11.608636412279273
1076 11.359352318744655
1078 10.97084678184691
1080 10.32252397973846
1082 11.505082386690054
1084 10.215555309826323
1086 11.287760826234303
1088 12.475646823666946
1090 11.311852837261156
1092 11.570016576151504
1094 10.784176016834524
1096 9.969500576050985
1098 12.074984525872422
1100 11.005625265652718
1102 11.194772532829663
1104 11.62348206760998
1106 10.919276282534712
1108 11.422166275893574
1110 11.329540907205988
1112 11.399105182800252
1114 11.51451909415096
1116 10.705521842144456
1118 10.235377467305664
1120 10.553892144240326
1122 10.730593526588825
1124 11.479323203044503
1126 11.107230622612484
1128 10.398708193439484
1130 11.861547717130065
1132 12.678483920274388
1134 11.488375635561654
1136 10.90973884808616
1138 10.851334180241482
1140 11.932736291827252
1142 11.384738921339443
1144 10.98534946724473
1146 12.069123808025182
1148 11.797672045330044
1150 11.261873899545103
1152 11.00261966917086
1154 11.17033515502842
1156 11.357955970623612
1158 11.253260327267181
1160 11.678956238866744
1162 11.355344133091373
1164 11.141931346263283
1166 10.946565981215073
1168 10.404366183832915
1170 10.884951523064263
1172 11.475335120800944
1174 10.576224193373834
1176 10.748868659810665
1178 11.102549222319777
1180 10.933474173717059
1182 11.507398866571348
1184 11.054171980857634
1186 12.11259429233817
1188 11.255653739936191
1190 10.740954246260586
1192 10.547512560301696
1194 11.361516881062725
1196 11.21285563702996
1198 11.327389198356016
1200 12.23055919313975
1202 12.242112890649901
1204 11.649826173201774
1206 11.084873538134525
1208 10.82332224809499
1210 10.799854010274714
1212 10.719169253144662
1214 10.56946005403215
1216 12.131267633079295
1218 11.389264399461839
1220 11.216080487908602
1222 11.123078667235452
1224 12.330756875947756
1226 8.85928418232487
1228 11.779262627416992
1230 10.282743982808784
1232 11.103611749529914
1234 10.199260672610178
1236 10.643842289345354
1238 10.603460767266553
1240 10.733229819453836
1242 10.80800091096929
1244 10.161092666235641
1246 12.011597855978284
1248 10.486012287745302
1250 11.080271274679651
1252 11.24661682528141
1254 11.418314025211057
1256 11.973650521269446
1258 11.250514828172511
1260 11.684728202353845
1262 11.142788680636583
1264 10.990627453625612
1266 11.931113154240917
1268 10.872519825392642
1270 11.466654296191571
1272 11.05266188901097
1274 10.280456994137346
1276 10.988096248974989
1278 11.399172405118408
1280 11.521831047722728
1282 10.215254393339595
1284 10.685865062781481
1286 11.205517815645543
1288 11.64957260854205
1290 10.320691306447962
1292 10.37046813232089
1294 11.78491037987889
1296 10.929830011861984
1298 11.175208736647726
1300 10.544746239740974
1302 11.179158089863154
1304 11.397019602902295
1306 12.00448927689508
1308 11.595128853868697
1310 10.756829454222641
1312 10.99209844769466
1314 11.232976776476766
1316 10.726260306480821
1318 11.453197766467124
1320 11.085818115935247
1322 11.272415208056234
1324 11.649858298820229
1326 11.932249197987915
1328 10.60432700979069
1330 11.53219967190054
1332 11.387422689166357
1334 11.215395893897034
1336 10.757255572205045
1338 11.447797861284853
1340 10.687376898449008
1342 11.501708055847681
1344 11.790499101452244
1346 11.300780223818327
1348 11.254743366073198
1350 10.701936851825934
1352 11.325108662536788
1354 10.434118500178275
1356 11.423249892137255
1358 11.586643682915863
1360 11.576207414111815
1362 11.231053510322353
1364 10.941605495665964
1366 10.967399754413682
1368 10.508079306704534
1370 10.775802388136805
1372 11.61696032267942
1374 11.262936674302447
1376 11.766926925965615
1378 10.953188490871192
1380 10.935002420477128
1382 10.02067318023753
1384 10.299691375554211
1386 11.628603443845629
1388 11.564240694566289
1390 11.319351918570785
1392 10.496594866154975
1394 12.238714633096944
1396 11.241365798564624
1398 11.068322982918447
1400 11.104653211433979
1402 12.066587157718107
1404 11.649641104350227
1406 11.023126957887213
1408 11.246827015650673
1410 11.281660670331014
1412 10.352059353052802
1414 11.158079272188504
1416 10.368443108486
1418 10.605043681773088
1420 10.278078487433566
1422 10.616148266205634
1424 10.970253496884817
1426 11.044133295925999
1428 11.357475235259578
1430 10.473375211649076
1432 11.136267703950038
1434 10.385342604930587
1436 10.25608614373661
1438 11.517863211084048
1440 11.150289310829592
1442 11.353561943241244
1444 10.502978639112973
1446 10.681386339314555
1448 11.12237792051251
1450 10.890259860243026
1452 10.74741197641012
1454 10.819209051927913
1456 10.64161217730208
1458 10.987873306344868
1460 11.531670993706625
1462 11.37983193419613
1464 11.178647498415215
1466 10.51283736964327
1468 11.6425962810221
1470 11.19212450438688
1472 12.010279465728361
1474 11.61510063558483
1476 10.607925905505693
1478 10.115779011061177
1480 10.657481605107707
1482 11.179398864117141
1484 11.911689951780813
1486 12.056012389978862
1488 11.277681141311378
1490 11.514295477175779
1492 10.33075180021513
1494 11.61522357675777
1496 11.571977302844749
1498 11.229152982163527
1500 11.161888715287153
1502 10.9225876382576
1504 11.128229178248441
1506 10.824569936483913
1508 11.139625352900747
1510 10.496877142682981
1512 10.465680999108866
1514 10.767988535169714
1516 11.10678574550615
1518 11.094902335622152
1520 11.416550202548413
1522 10.712744262902069
1524 12.014089208175204
1526 12.162318196678557
1528 11.039624656158615
1530 11.276229237338152
1532 11.617257414574881
1534 11.607539554868476
1536 11.356992275571777
1538 11.61138668824806
1540 11.184978563735402
1542 11.175492591191748
1544 10.28483187095509
1546 10.634385835161032
1548 10.114939428083188
1550 12.016116802559361
1552 10.624793010108972
1554 10.933757561464914
1556 11.042592941217455
1558 12.097146823409993
1560 11.211578282264552
1562 11.170782505041052
1564 11.49066173005903
1566 11.422456164413616
1568 11.368861999466484
1570 11.74429691319952
1572 11.059702876206517
1574 10.996066702901476
1576 11.122076369265622
1578 11.05438474284705
1580 11.566284092305182
1582 11.352625501622146
1584 11.6795831944316
1586 11.981929937698322
1588 11.014843926766305
1590 11.595367975883821
1592 11.572539980137671
1594 11.398480845639453
1596 11.313101306291475
1598 11.200558485004004
1600 11.105499461628787
1602 11.445965056056014
1604 11.5765460345867
1606 11.091346062027753
1608 11.42546956345885
1610 11.053209539565675
1612 10.695973163146542
1614 11.463944716935469
1616 11.715048708196317
1618 10.270587447029486
1620 10.405889765372986
1622 11.086337499116347
1624 11.430930728482382
1626 10.911707727641025
1628 11.44755755191796
1630 11.044094060494542
1632 10.770836022532036
1634 9.828395820496608
1636 11.31789877002105
1638 10.389817950772366
1640 11.45622376450961
1642 10.719777185205423
1644 10.232269010121836
1646 10.53981839611948
1648 11.007786171734468
1650 11.226174721199099
1652 10.953730690503262
1654 10.887415195981019
1656 10.6913553202012
1658 11.690312968456267
1660 10.608950203780763
1662 10.905584279413526
1664 11.345700213304008
1666 11.328164370353804
1668 10.723698124189685
1670 11.575116092242656
1672 11.324594591853076
1674 11.546116616567652
1676 11.312471544771629
1678 11.212941581002493
1680 10.866100906375605
1682 11.859099513411632
1684 11.036161501228879
1686 11.703274497733196
1688 11.199886889296614
1690 11.807839929137874
1692 11.205722891945978
1694 11.409887700913346
1696 11.666862326705969
1698 10.660393537526039
1700 10.039503027179833
1702 11.5700673099252
1704 11.812067187324699
1706 10.830591841965523
1708 11.325417618283954
1710 10.633861710902236
1712 11.770305892613592
1714 11.027336197914863
1716 11.734616258133359
1718 10.50981140984165
1720 11.675591559835937
1722 11.569430189814575
1724 11.407055487802095
1726 10.930635577375588
1728 10.695836324144016
1730 11.572340549604192
1732 11.073088804239873
1734 11.12980701618653
1736 11.494460939680708
1738 11.934388239971502
1740 11.291668562601641
1742 11.239848371685701
1744 11.187333610245359
1746 11.527817360441867
1748 11.161059163060498
1750 10.964049129564064
1752 11.284861640268714
1754 11.376134211139203
1756 11.580936437508413
1758 10.233760569879289
1760 11.306095985764003
1762 10.629043856062566
1764 10.651038732172589
1766 10.799578119871008
1768 11.396933094746869
1770 11.260175690712426
1772 11.238014728441149
1774 10.712932152668161
1776 10.345438557070143
1778 11.77337411217639
1780 10.718699939245395
1782 10.840389775381244
1784 10.908477330932245
1786 11.444837387621218
1788 11.150074947363697
1790 10.821833090921931
1792 10.958381573714226
1794 10.613714281401018
1796 10.615325477128234
1798 11.163952859718774
1800 10.67440870877332
1802 11.894584074313787
1804 11.765118282582312
1806 11.29085768301322
1808 11.157024404146721
1810 11.62982648646478
1812 11.892422443143795
1814 10.835188269148194
1816 11.537033039865582
1818 10.471211094081335
1820 11.483583742141604
1822 11.741756725766946
1824 11.590637085646197
1826 10.85071999997421
1828 10.469813309167822
1830 11.422019078799158
1832 11.211035422727711
1834 11.235751362468017
1836 11.35764812650953
1838 11.492851064296445
1840 10.364159118726809
1842 11.289444242302897
1844 10.947310897264064
1846 11.371279509391107
1848 11.094620467060237
1850 10.54714031379514
1852 10.989540259593452
1854 11.544700395175395
1856 10.831905402941482
1858 11.517014326386029
1860 12.024341866422917
1862 11.245392129255006
1864 10.938892242029333
1866 11.135102095974734
1868 11.199940737023677
1870 11.601866585872711
1872 10.527372099916551
1874 11.136378787067095
1876 11.307880697511976
1878 11.343808471195734
1880 11.502579273138707
1882 11.891332871510627
1884 11.643727490031191
1886 11.925693429039491
1888 11.362910399426015
1890 12.141434896474047
1892 12.384046831598791
1894 13.530992800876984
1896 12.239339478319089
1898 12.858884397917276
1900 12.259036463205913
1902 12.255964691032096
1904 13.022421429742765
1906 12.004318837741339
1908 11.827174022361916
1910 12.807272031251237
1912 12.256819190008075
1914 12.76280148739833
1916 12.517611999683227
1918 11.295286132243415
1920 11.450808523359319
1922 11.65455392423811
1924 11.745647208033814
1926 11.377600507065605
1928 12.650667579496886
1930 11.97282886320897
1932 12.78481257749249
1934 11.6782423941406
1936 11.733158373210511
1938 11.058007729088976
1940 11.465129902467048
1942 10.644462735878777
1944 11.22005470575359
1946 11.244435780557511
1948 11.390287256413899
1950 11.393988503744744
1952 11.283831283636129
1954 10.864412188582394
1956 11.130870435599075
1958 11.323490289501997
1960 11.859726922945537
1962 10.96194563351688
1964 11.21005083411268
1966 10.21345464444035
1968 11.348635385365155
1970 11.005101169538593
1972 11.482269849840346
1974 11.704701942062247
1976 10.815049990021148
1978 10.925944064974123
1980 10.63855037911852
1982 10.995587247995465
1984 10.634099972282863
1986 10.417709355659973
1988 11.662062773887957
1990 10.291054920808552
1992 11.075430531558222
1994 11.579720034469132
1996 12.222544329249372
1998 11.976335376293978
2000 11.020429517404494
2002 11.391381361395167
2004 10.880689006615334
2006 11.065116361964261
2008 11.508289539503513
2010 10.94488569832134
2012 11.481237824063296
2014 10.660306794438236
2016 11.256758654895908
2018 10.737402065343163
2020 10.821835510060241
2022 11.502915939444406
2024 10.45199015700896
2026 10.724267448964532
2028 11.140171542537507
2030 10.630750525635863
2032 9.936613383124037
2034 10.607355388134318
2036 10.321873481348614
2038 11.03263405634815
2040 11.50542638195021
2042 10.89650466213684
2044 10.953273010491689
2046 11.365361182084087
2048 10.718331280971327
2050 11.16505238406043
2052 10.70797481392078
2054 10.699120734481868
2056 11.937364311622938
2058 11.754321456921792
2060 11.683368188594454
2062 12.255405911683493
2064 11.427943558215208
2066 10.492240983937632
2068 11.130053871759417
2070 11.537506477795095
2072 10.927855889352244
2074 10.79801780538566
2076 10.854266840400708
2078 11.130865479969291
