0 10.883624807605145
2 9.832358355518213
4 7.989754272237617
6 8.45810580139719
8 8.775611002550017
10 8.427633708118536
12 7.167271334221783
14 6.0607721530569405
16 5.7184825917284305
18 4.857417301216136
20 4.80401858021576
22 4.1557409315869
24 4.53154219087894
26 4.175510130642713
28 4.313534240369961
30 4.247082941643628
32 4.596367458889882
34 4.122567602274838
36 3.8408068599994705
38 4.466497865895289
40 4.6619881091589495
42 4.4870830027317075
44 4.679574008041996
46 4.472939334661797
48 4.847269330106509
50 5.199632715022048
52 4.4723637397636224
54 4.796144863763091
56 4.231421631708173
58 6.056720542250959
60 5.974453202642047
62 5.241313648529063
64 5.242451472611136
66 6.034846019535383
68 5.67649891610448
70 4.185752083894085
72 3.903367204230282
74 4.6258220454347825
76 5.335118424335729
78 3.7856675415789383
80 4.900656192362642
82 5.298733185429684
84 5.234283410468009
86 3.9319872472036694
88 4.20511399776437
90 3.893288932534454
92 3.596561886524686
94 4.358049169748793
96 4.555989354849566
98 5.341170607716288
100 6.036975828559426
102 5.885657081712425
104 4.8077741781046255
106 5.811592348699514
108 5.487671240576503
110 5.665473162704441
112 5.481706029036705
114 5.647810922471586
116 6.24902437796137
118 6.020247149544624
120 5.897436117921691
122 5.832350848898565
124 5.208779537593737
126 5.632170085163177
128 5.390978314963274
130 5.429604650900292
132 5.713789375359037
134 6.514627384477325
136 5.586863789569143
138 6.56832312982595
140 5.930944868340391
142 5.391175904821314
144 5.683147317099468
146 5.42500813538972
148 5.545835223581443
150 5.2891347010931735
152 6.232253721112755
154 5.6639529429121485
156 5.985593459203102
158 5.6079778269644445
160 5.768614136127998
162 5.441671577176282
164 5.465293957622774
166 5.04425271404347
168 6.39275938007316
170 6.201736643340187
172 5.714911610224888
174 5.513844621260301
176 5.644014389727828
178 5.7780736766392256
180 6.197711008164881
182 5.220020977870296
184 5.9485915511915595
186 5.725255867524818
188 5.819353415109234
190 6.604423032247958
192 6.033732193946312
194 5.424699073148026
196 5.30976875276679
198 5.73302996189268
200 5.573781446367068
202 6.0040475468338865
204 5.948866825711063
206 5.541814646529084
208 5.824727881126284
210 6.584411114638513
212 6.26949341937952
214 5.700819487442744
216 6.019641313988973
218 5.777035167026802
220 5.8171608565479
222 5.782258249812987
224 5.731848928461303
226 6.136968846856381
228 5.760645755501729
230 5.427752777496702
232 5.45840604104193
234 5.965170478530109
236 5.5844578416175805
238 5.229249380016375
240 5.381431631039353
242 5.404721088114343
244 5.056849525548769
246 5.562907964053554
248 5.048756179986398
250 5.333569055661945
252 5.31779673277715
254 5.278841907201031
256 6.544959020990354
258 5.602965271213506
260 6.123076323701915
262 6.108759599262268
264 6.361828980324373
266 6.035336755496984
268 5.990375154240319
270 5.924735070599907
272 6.202629770068245
274 6.095495530752997
276 5.907081208564078
278 5.371109209070934
280 5.816463863893542
282 5.6036260900482695
284 5.8295289701605215
286 5.967029922825953
288 5.428130642358642
290 5.827647354447531
292 5.57237681386936
294 6.267591774100525
296 5.521538372186322
298 6.159108600276912
300 6.085515642481787
302 5.986599264355873
304 5.880463154520293
306 5.975823626715616
308 5.958674877248838
310 5.686384005014954
312 6.062940530469126
314 5.814326632506963
316 5.8860622583615845
318 5.525483349681416
320 6.011342957518346
322 6.067230509851581
324 6.5235365659596125
326 6.011364011930776
328 5.726519669648715
330 5.824198258268851
332 6.107336963757175
334 5.958855396938023
336 5.985657451221293
338 5.804391887137736
340 5.9561832649557465
342 6.136288801779415
344 5.986806127942534
346 6.093445287860299
348 5.731395403736427
350 5.780400000867861
352 5.855130311477966
354 5.916463723385494
356 5.830008147089684
358 6.096665499969292
360 5.713191930359128
362 5.754597221753998
364 5.953178011218136
366 6.05920004421364
368 5.6009804515931725
370 6.230385660698436
372 5.944080895558117
374 6.072770374699396
376 5.902246242889125
378 5.570645992827253
380 5.729801730842201
382 5.614388704258006
384 5.711774069855031
386 6.039517198683483
388 5.973680280055395
390 5.005851435083216
392 6.035666196600189
394 6.085243676608662
396 6.0858133592163055
398 6.068077108123211
400 5.776818361639817
402 5.728742467495261
404 5.735893715465797
406 5.993014333946507
408 6.079580409981608
410 6.002144139494826
412 5.970685174879236
414 5.8300148622549015
416 5.7384397059488474
418 6.257183789181119
420 5.721799871933588
422 5.8720494741568166
424 6.142257092665282
426 6.139404139248717
428 5.491172409083575
430 5.8364884335634075
432 5.82866693767149
434 5.969700842031197
436 5.850198972011768
438 5.919837657404749
440 6.0203152530396125
442 5.980811814539922
444 6.01672261014695
446 5.925320041692489
448 6.037366456889701
450 5.659065886072024
452 5.9820660123150775
454 6.431649356110687
456 5.99193265226031
458 6.159965846974206
460 6.651124435930219
462 6.414374657927915
464 5.871746455893369
466 5.38517559760743
468 6.111285297423262
470 6.2217789640864005
472 6.2702079341804895
474 6.211032111115559
476 6.033611108839988
478 5.850374391234599
480 5.8905166508225575
482 6.6190991764351645
484 5.910679207904542
486 5.919006953594468
488 5.999416643397639
490 5.948327961370821
492 5.697669096749791
494 6.003561360663253
496 5.984722066879009
498 5.664358402295422
500 5.982486434017665
502 5.774156976379832
504 6.256033483769217
506 5.841036880103217
508 6.037273243694764
510 6.14124948817706
512 5.7329368194001145
514 5.851246776780409
516 6.199843716530473
518 6.137755415504758
520 6.005914067333358
522 6.207103474402713
524 5.534455951535563
526 6.025444810842618
528 6.024094801910761
530 5.696135362053098
532 6.238979894692031
534 5.999120217483551
536 5.99497537768802
538 6.449015966300306
540 6.166635785055494
542 5.949151414387731
544 5.56329753900594
546 5.9931106606378215
548 5.191548442323106
550 6.08252405151802
552 5.879985922453973
554 6.350980415653117
556 7.902722261001311
558 6.145262118308426
560 6.218078108332879
562 5.614649521448366
564 5.574147573136228
566 5.99205175297348
568 5.943483602215788
570 6.068127259604365
572 5.6193270976268135
574 5.865547594296052
576 6.435345296066123
578 6.643288897217473
580 5.80021823604121
582 6.06684959040946
584 5.775332431227705
586 5.948535360663212
588 5.991142503816631
590 5.729059616602371
592 5.62349979072658
594 5.723757379402377
596 5.983468107083208
598 5.987493050910412
600 7.616735317509332
602 8.057178968575098
604 9.330023735485355
606 9.628822276195256
608 9.59608936417515
610 9.31423428560697
612 8.654769438126042
614 8.829555423212717
616 9.644440245496543
618 10.506663635646555
620 8.925919783530441
622 9.836106649724854
624 9.652546615825552
626 9.299968789327938
628 11.028968439224021
630 9.108049740113897
632 6.503486419212543
634 5.509378602151478
636 6.937769276826372
638 6.242571941873623
640 5.857763464849926
642 5.892324113580716
644 5.8112486424981995
646 6.12475124555512
648 5.886970913647459
650 4.812168699286048
652 5.97827999755501
654 6.302414356515075
656 5.900817496870354
658 5.907129491553857
660 6.194604611595337
662 6.36649843760099
664 5.767916620930913
666 5.862026122383278
668 5.536918583578688
670 5.981386326878538
672 6.2638678957697005
674 6.2066365360887445
676 6.277469568396327
678 6.194271137013705
680 6.523149315304406
682 5.706786641055868
684 5.764427449099224
686 5.805550370138837
688 5.753814294073025
690 5.8514489725320535
692 6.005213572248178
694 6.097814684542875
696 5.5872989976483804
698 5.615961713768745
700 5.8886788355235025
702 6.000238077657939
704 6.199388601367642
706 5.834605740889885
708 5.965218238389427
710 6.144403465875955
712 6.154423026119619
714 6.1122443060300675
716 5.979390285886569
718 6.088519397772126
720 6.215858287523908
722 5.828255578297878
724 5.807873977671822
726 5.96065317863407
728 5.827189109367069
730 5.5358982455227075
732 5.886188272902113
734 6.1353829152597825
736 5.736087683824433
738 6.138182197400443
740 5.732266207959286
742 5.687102660403278
744 5.943510384627168
746 5.938462259098043
748 5.865358858576287
750 6.680874474673983
752 6.04768545219039
754 5.987936169629409
756 6.1024734270233045
758 6.26063714194861
760 6.052183448934516
762 5.830910035394962
764 6.112360825285029
766 5.947796470561855
768 5.692644582595878
770 5.772940332433225
772 9.289724723429492
774 8.48102345103066
776 8.668166939138759
778 8.953586865678716
780 8.047943052983271
782 6.141802128058628
784 5.81292066323487
786 6.0648701834303
788 6.078470049653774
790 6.2577989095681374
792 4.8981735942426985
794 5.349735611133564
796 5.62164497601307
798 5.595325961876128
800 5.535357241525892
802 5.626362172309943
804 6.211117125943037
806 5.9063124402510905
808 5.566568079345482
810 5.902009986016498
812 6.246832309565179
814 5.990909841787828
816 6.069976072316248
818 5.941729057484847
820 5.651633897691906
822 5.978826049093357
824 6.192942271024336
826 6.1375701599488535
828 6.132744461708344
830 6.089569461433301
832 5.980666352470898
834 5.954209233461819
836 6.157956090434474
838 6.649403973481597
840 5.651206328851883
842 6.059814751448389
844 6.29308970922739
846 6.612424089139403
848 5.712101946630479
850 5.942692615822087
852 5.93974800474719
854 5.791784936780198
856 5.045285807927962
858 6.2890744613821
860 5.9970862134240726
862 5.758426725054447
864 5.9185346986069405
866 6.040553804993652
868 5.887446473366146
870 5.765640093564292
872 6.5879130438096745
874 5.945200721169564
876 6.015531746944444
878 6.180661088714641
880 5.802810818402594
882 5.697158952447692
884 5.743483705743915
886 5.934916116692625
888 6.130255575162927
890 5.951543902733053
892 5.94074319063456
894 5.641662870888531
896 6.131463186559246
898 5.84644700621328
900 5.69554615862413
902 6.124180253460386
904 5.631967792727381
906 6.04134710485392
908 5.861748850388284
910 5.725185998025854
912 5.9102830933319
914 5.85925511283713
916 6.211457520242812
918 6.0890580424435194
920 6.026657469641196
922 5.530545287472947
924 6.10698044505619
926 6.224905415137932
928 5.760431068241047
930 5.970837238848199
932 5.8037868844180425
934 5.95626060512338
936 5.530956886930975
938 6.592800393987614
940 6.3522078176765735
942 6.053678030271746
944 6.135606853439778
946 5.55483407229168
948 5.962662324692824
950 5.902021856402358
952 6.020971332395662
954 5.569065425691088
956 6.015808018474983
958 6.442738536227802
960 6.306456293760818
962 5.552351259932806
964 5.657920787100056
966 5.650251365006047
968 5.79845603176959
970 6.018151811044262
972 6.45466240364535
974 5.7594021757222364
976 6.011544800575474
978 5.9031646822231
980 5.402349096168735
982 5.667617048993553
984 5.949707551071207
986 6.192293260103631
988 6.086455963154993
990 6.496502031199642
992 6.187048660006002
994 6.184512187006445
996 5.796706053805591
998 6.130455371570016
1000 5.966682350068112
1002 5.980239232616373
1004 5.963985589005615
1006 5.9421712538128775
1008 5.882354437263722
1010 6.179649682347856
1012 5.946439858009465
1014 5.777311418627606
1016 6.423195045671272
1018 6.204632306639414
1020 5.758069495309484
1022 5.618760978989351
1024 6.144869606367217
1026 5.780119937062169
1028 5.779359770696598
1030 5.8078779203930155
1032 5.835688241417675
1034 6.0562440267411155
1036 7.260329748401929
1038 6.4635060474040795
1040 5.904071827814512
1042 6.40531388692648
1044 8.008099627475382
1046 5.597422410943101
1048 6.211059645519712
1050 5.891490249059279
1052 5.726737508521395
1054 6.2050581975658705
1056 6.495922802924296
1058 5.775999226580093
1060 5.881781642387127
1062 5.9725008298131295
1064 5.9764041589537396
1066 5.793147674035152
1068 5.649323230283817
1070 5.372851246557023
1072 5.787453589894736
1074 5.828289319384717
1076 6.011837891731501
1078 6.126464980455415
1080 6.092196909460528
1082 5.836826183176466
1084 5.994037638111748
1086 5.202159785201608
1088 5.1401259309661
1090 5.94686828927535
1092 4.990209700284057
1094 5.699630383746821
1096 5.719005392082855
1098 5.874427630655281
1100 5.843706132335795
1102 6.1946384632973945
1104 6.333470513770646
1106 5.966022629801413
1108 5.941527616283795
1110 5.698987581791676
1112 6.0787015065440775
1114 5.640821936489721
1116 6.304647070425736
1118 7.075795922687669
1120 5.699408844931366
1122 5.781542587629011
1124 5.348507790357628
1126 5.731621658112422
1128 6.404198816775196
1130 6.234148115688251
1132 6.073660886265742
1134 6.276073831906829
1136 5.700640815986872
1138 6.298551708087207
1140 5.888169822090358
1142 6.160468500082538
1144 6.175185580658153
1146 5.849738281919344
1148 6.024687992866835
1150 5.780608324029319
1152 5.944124691939164
1154 5.866842601019782
1156 5.522326137974376
1158 5.9998777046521
1160 5.644421668488376
1162 5.8285621385389526
1164 6.0548530431065055
1166 8.237209214124027
1168 5.985761934385692
1170 5.860855621272647
1172 6.010564038410508
1174 6.107086400485756
1176 6.052528115940234
1178 5.491286021048066
1180 5.560946567022407
1182 5.82933565048482
1184 6.006866688393605
1186 5.810550183823189
1188 6.001279553607705
1190 5.888481455255818
1192 5.533268563476642
1194 6.207101592095393
1196 5.520918094473626
1198 5.790364978732913
1200 5.770138323896239
1202 6.017399630944404
1204 5.326463549152705
1206 5.474896138918645
1208 6.025740245633205
1210 6.715128038543496
1212 5.947491780903686
1214 5.754485253357367
1216 6.015265150060247
1218 6.540625000936262
1220 6.121261861775434
1222 5.530064401096874
1224 5.721421556229818
1226 5.769621452728847
1228 6.045457089600859
1230 5.395022050110735
1232 5.92355234222528
1234 6.2556539060469865
1236 5.981843880224572
1238 5.785972632413447
1240 5.8193698788416315
1242 5.8730619252922756
1244 6.152129142108203
1246 5.559677311167745
1248 6.167606244296094
1250 6.700494073217593
1252 5.5937532957623155
1254 6.456324910798907
1256 6.165632003741737
1258 6.233086048522407
1260 5.962026608407106
1262 5.798832071512729
1264 5.349552089876139
1266 5.468362579748284
1268 5.815044736562722
1270 5.312454957013151
1272 5.269886389420055
1274 4.798895266247005
1276 5.9576655871316175
1278 5.90597650243265
1280 6.016159114634466
1282 5.435381846557261
1284 5.626920490296873
1286 6.345178931489837
1288 5.7613695439747
1290 5.8039738365674705
1292 4.844878547340574
1294 5.64797193793679
1296 5.255294474769678
1298 4.596222843017622
1300 5.152103192832225
1302 5.2806600215989485
1304 5.261315610140284
1306 4.617110023411333
1308 4.076019477125924
1310 5.122278527855476
1312 5.238267357598994
1314 4.998888898762594
1316 4.389468791690105
1318 5.295832562726307
1320 5.568501489987752
1322 5.680575060962071
1324 5.939441124927435
1326 4.845864526484261
1328 5.451919956061152
1330 4.046370603073417
1332 5.614005646017658
1334 5.124951635220836
1336 5.606658021707758
1338 5.840252956506209
1340 6.3240915029287335
1342 4.610342653997408
1344 5.214690924148442
1346 5.16619954895567
1348 5.504055074176108
1350 5.081050373431574
1352 5.648449392980622
1354 5.577143150965494
1356 5.654543974796294
1358 5.800802427366201
1360 6.032924623312605
1362 5.721727880119338
1364 5.86401769686964
1366 5.581914953525854
1368 5.881139784393917
1370 5.553269549710174
1372 5.755525949479392
1374 5.939634607041719
1376 5.644410711301981
1378 5.8856648287271
1380 5.5087615810197335
1382 5.6419515655779735
1384 5.321365880950983
1386 5.785434564544185
1388 6.055500729661905
1390 5.976495913387311
1392 6.177745370041432
1394 5.779090543176427
1396 5.793261667356605
1398 5.8009897190030095
1400 6.081660938276871
1402 5.82798036694681
1404 6.246481228705404
1406 6.028271465388068
1408 6.044314547947234
1410 5.890671504922532
1412 5.669504620486247
1414 5.980121865969653
1416 5.863625950687972
1418 6.121059347236111
1420 5.740901516300487
1422 6.243756111581672
1424 6.567043715577113
1426 5.165472360969972
1428 6.9062949522195485
1430 6.011433888538623
1432 5.937314834182074
1434 5.535375976475273
1436 5.534427589383474
1438 6.042365602986145
1440 6.269430959820992
1442 6.275138625119787
1444 6.28812649770165
1446 5.991134065445395
1448 6.121076144434597
1450 5.820488335487631
1452 5.848529396870161
1454 5.65481297784999
1456 5.603575064497437
1458 5.7694772599297615
1460 5.89536021393371
1462 5.734162837742407
1464 5.697625780849426
1466 5.934985933881244
1468 5.944964695500531
1470 6.218509895453619
1472 5.7951453074034225
1474 6.05717735045325
1476 6.112906184085459
1478 5.56934410740249
1480 6.238353057088186
1482 5.886817966365403
1484 5.7748986789085945
1486 5.96515117956617
1488 5.595400166330348
1490 5.978076495330589
1492 5.6195110474912315
1494 5.747747417767972
1496 6.232464108385461
1498 6.050878644967352
1500 5.945508060812737
1502 6.11426875112301
1504 5.793053601664644
1506 5.714196068800414
1508 5.666760585562656
1510 5.291070902837694
1512 5.453314958248753
1514 5.827722963896576
1516 6.002139873136422
1518 6.152124289745231
1520 5.963065960207968
1522 5.591012331720026
1524 5.748087214225841
1526 5.778457991353738
1528 5.879171589218417
1530 6.038419728494089
1532 5.577865666569427
1534 5.884154376238093
1536 6.052905172143669
1538 6.299627164923444
1540 5.572739140964493
1542 6.083496619198002
1544 5.675184464065868
1546 5.750954693167341
1548 5.7664066463951
1550 5.569471676494861
1552 6.152109635924686
1554 5.917492974381699
1556 5.654978117964225
1558 5.973314504994767
1560 6.576137613622775
1562 5.902309729595589
1564 5.790730239598126
1566 5.9501343301953575
1568 6.102991116213347
1570 6.4514553033413815
1572 5.8753649882564005
1574 9.686845857138369
1576 9.176261630683126
1578 9.27812079311943
1580 9.767891645077858
1582 7.268432421328935
1584 5.555049084740461
1586 5.824818501408216
1588 6.161150786179307
1590 5.661642813975028
1592 5.525485807441049
1594 5.884701632161805
1596 6.1178109047398115
1598 5.735668055264759
1600 6.280158809914415
1602 5.818919987574883
1604 5.808137496796648
1606 6.86687064271033
1608 5.943578810802325
1610 6.119392078103461
1612 6.045963033571959
1614 5.9899258902298955
1616 5.975469092692557
1618 6.0164662251781005
1620 6.498687982165099
1622 5.7876502199460464
1624 5.9259199189715765
1626 7.655936594355091
1628 6.289316130610426
1630 6.516965302609195
1632 5.879416136274101
1634 6.156573995337173
1636 5.765224900647398
1638 6.921414355356556
1640 5.829755474743187
1642 5.881140212498548
1644 6.859079976129878
1646 6.109324027732309
1648 6.759605073853747
1650 5.827051700875806
1652 5.390448644935097
1654 5.639055558801407
1656 5.8126918554039895
1658 5.534159283010754
1660 6.254286951885382
1662 7.0050442638557024
1664 5.623471999773519
1666 6.332477962253371
1668 5.829390813764895
1670 4.07000089453837
1672 6.613232362414439
1674 6.201194706169849
1676 6.690969715630664
1678 5.515026168693634
1680 5.750768916194032
1682 5.796304175590563
1684 5.621673773511941
1686 5.475666797189129
1688 6.112483942370714
1690 6.064853121877839
1692 4.953681138997376
1694 5.731196941637219
1696 6.471117878827855
1698 6.05805186265495
1700 5.826330244782754
1702 5.822175088930866
1704 5.981796640320542
1706 6.405543815882776
1708 5.50786211192457
1710 5.327234344376777
1712 5.911524488438479
1714 6.306919029355306
1716 5.617425748501104
1718 6.0719550084913
1720 6.1556228287879975
1722 5.423959900050171
1724 5.08272596916196
1726 5.3775332500154756
1728 5.788788194625241
1730 5.54877958830168
1732 5.392021861874822
1734 6.756725268394952
1736 5.567155575661771
1738 5.922214901508029
1740 5.712027254751527
1742 5.856429688395472
1744 5.521401147355143
1746 6.577796826916757
1748 5.140612579544433
1750 5.509293624552676
1752 4.229390954441384
1754 5.396614691475126
1756 5.731716630392064
1758 5.6014103628453915
1760 5.749939243429831
1762 5.770315985268984
1764 5.5372723873736405
1766 6.320808368363041
1768 5.620235989875338
1770 5.930642331414451
1772 5.502989973190314
1774 5.331839588476419
1776 5.9186667330270755
1778 6.015094334854972
1780 5.510363967976901
1782 6.025017762983783
1784 5.958982629421018
1786 5.762517062549213
1788 5.7791463312608675
1790 6.35237222218489
1792 5.880654814715195
1794 5.763210754921171
1796 6.126455375568376
1798 5.854077713253346
1800 5.69306188599214
1802 6.00951146430161
1804 6.028968098221704
1806 6.068700420402657
1808 5.7847335165880756
1810 5.944352665113158
1812 6.267428152426127
1814 5.766094371617678
1816 5.937462161425759
1818 5.776547105318799
1820 5.903047941535121
1822 5.575483019531382
1824 6.218366501406334
1826 5.823930699254729
1828 5.753509585681142
1830 6.275325886202558
1832 6.1003443746471255
1834 5.8620339118220075
1836 5.898144116265044
1838 6.77414716853107
1840 6.006079385713898
1842 6.5424894558644615
1844 6.0592317042644845
1846 6.01103222353716
1848 6.406920697076205
1850 5.787580545282783
1852 6.334471123957195
1854 6.274441674186571
1856 5.644860714329471
1858 5.849799058387952
1860 6.129131903114311
1862 5.6212984185743435
1864 6.046371103545142
1866 5.790306048961995
1868 6.153229916091309
1870 5.517845530586647
1872 6.057768196094489
1874 6.11236821007491
1876 5.817661719160493
1878 5.751809833745278
1880 5.508086770100057
1882 5.805116989711137
1884 6.2400330359285725
1886 5.513734278066743
1888 6.026018853495743
1890 6.066014022656978
1892 6.120472091721118
1894 6.322954522059883
1896 6.03607068871615
1898 5.831757167140509
1900 5.223035841315439
1902 5.993872674953616
1904 5.605407676614327
1906 5.731683340950659
1908 6.015560226925786
1910 5.430745923144394
1912 5.786419870653926
1914 5.524661460759282
1916 5.716123167199424
1918 5.542288543979192
1920 5.761341941336304
1922 5.7316280226550065
1924 5.1099405402477895
1926 5.85997719119609
1928 5.472680915365362
1930 5.250770415535933
1932 5.801050230244996
1934 6.1422870097035185
1936 6.449507264712299
1938 5.947560821906321
1940 5.983427671634168
1942 6.181091883721366
1944 6.139329731048307
1946 5.976850225153124
1948 6.024405963916349
1950 5.886232318575287
1952 5.781252059492394
1954 6.196720894752259
1956 5.808702299134973
1958 6.214367797323016
1960 6.4730599307870476
1962 5.785455430419523
1964 6.276839851237928
1966 5.859128330229094
1968 6.137835601401942
1970 5.927581928642135
1972 5.811231729073735
1974 5.4712064271158525
1976 5.861305324744027
1978 5.63009663853615
1980 5.895922485598208
1982 6.109525312361555
1984 5.708598198326065
1986 6.3157876924454435
1988 6.854907865455559
1990 7.109239013122794
1992 5.65269390545042
1994 5.2519769506059895
1996 5.844940824848022
1998 5.650220356925064
2000 5.878438753737624
2002 6.397983426931214
2004 5.811927191618323
2006 5.08753684140767
2008 5.862227376570003
2010 6.0192850576899435
2012 5.928989835132245
2014 5.137654132991589
2016 5.842645715515512
2018 5.946268560460119
2020 5.753733158625123
2022 5.84093885060498
2024 5.703104566531776
2026 6.077647079650116
2028 6.371770976566717
2030 6.13153546468059
2032 6.120900342202226
2034 6.426392720004586
2036 5.990597583088144
2038 5.3467897923895045
2040 6.039680548805311
2042 5.92092275851436
2044 5.6683788806478494
2046 5.764142135498438
2048 5.756915383124662
2050 6.012823537772749
2052 6.113170061394272
2054 5.907832181025437
2056 6.01446097301578
2058 6.49420726846012
2060 6.0626960100469285
2062 5.7202530992988
2064 5.7268744111650385
2066 5.795379415603992
2068 5.894488835069603
2070 6.056149743550277
2072 5.6689156234423885
2074 6.08624594754141
2076 6.943334062454035
2078 5.605123190845463
