0 11.067906214806255
2 9.750883214774278
4 9.123305833539158
6 9.646276467887688
8 9.478052085633081
10 8.008001177661336
12 8.492504973726884
14 9.948339154288222
16 8.793067824859628
18 6.554708624448826
20 5.497147254331042
22 6.684784250709961
24 6.044021396993822
26 5.872598429732726
28 5.955710132200585
30 5.1042039570031115
32 3.921935815642106
34 5.725250643778468
36 5.8574779955251834
38 6.098874956792588
40 6.072313195881688
42 5.477106055854118
44 5.829239483759578
46 7.050223879899499
48 6.087305460431458
50 6.733708826357382
52 6.227593607773572
54 6.5504571233942865
56 5.971692077499295
58 5.808087981833318
60 7.580196007684065
62 6.706592331481745
64 5.960778672216956
66 6.2731328177671575
68 6.656623431154597
70 6.172994691258234
72 5.040360705480111
74 7.56847954703108
76 6.607766796534843
78 5.618913605511843
80 5.723890552684592
82 5.521979854851472
84 6.522768704493515
86 5.692424210842921
88 5.049809415646895
90 5.600678139093301
92 6.805061946592901
94 5.994819993476835
96 6.073228192947762
98 5.729486295836389
100 6.141397846173614
102 5.435485211208976
104 6.267077636609339
106 5.561670697815718
108 6.996752828306922
110 6.894576611927687
112 6.965773521794233
114 6.094564219452196
116 7.205074787801573
118 6.571671745552102
120 6.147732329821366
122 6.058682506108571
124 5.806929847441247
126 5.7907231033850355
128 5.768440495984028
130 7.219700957470653
132 7.154378877414092
134 6.794597932605399
136 6.72926227898209
138 6.154304084518999
140 7.257464774036066
142 6.3134917165593905
144 6.695357593570013
146 5.451333074360718
148 5.765008853535903
150 6.205204722604489
152 7.1597614206053635
154 6.265638400082479
156 6.186006232455699
158 6.023666062468442
160 6.227362102637531
162 5.070986183460248
164 5.577150975784773
166 6.350509281917047
168 6.188903271676375
170 6.032999949031366
172 6.174216868797217
174 7.118069955069383
176 6.524030446014969
178 6.034680739765896
180 7.32462124561395
182 8.341286240523294
184 9.08001462187529
186 6.832042128541896
188 7.667124797547053
190 5.822372271339021
192 6.346196068604591
194 6.440830578055535
196 6.214851952386065
198 5.251332600360319
200 6.700789229643338
202 5.357706370047448
204 7.321830814064728
206 6.20456409727631
208 5.082652335237252
210 6.093061203562935
212 6.7745394031549
214 7.194962773972657
216 5.845977085445306
218 6.095613104109668
220 5.697134875408859
222 5.877799202764895
224 6.416059219317123
226 6.486149178879547
228 6.630143017730434
230 6.7865808391348095
232 6.174347663308544
234 6.926115418665277
236 6.372588288467307
238 6.031866191114043
240 6.105694496097218
242 6.151080216486529
244 6.009159264185513
246 5.765250451508935
248 6.159909197650443
250 6.632231052902695
252 5.823466867037278
254 6.13444772686168
256 6.4548755707662355
258 5.957126502317126
260 6.319827607620606
262 6.235134581803347
264 5.909665266393081
266 6.0556299352362855
268 6.691542654043697
270 6.994924285025206
272 6.485523321707969
274 6.302280566443275
276 6.803980170079316
278 7.444731276506907
280 6.5194018397330185
282 5.286758725573848
284 5.27618862670746
286 5.6881701034717596
288 5.181862816809056
290 4.53575340599861
292 5.30212408724267
294 6.261385374006546
296 5.813107866298235
298 7.363631562883491
300 5.967387374638314
302 6.70513041279279
304 6.4220898458620805
306 5.891768070257083
308 5.520773681936646
310 6.661125935644421
312 6.929684096238797
314 6.183494351306584
316 6.690260084083315
318 7.227507372353897
320 6.779504472300652
322 6.811200077566385
324 6.505860156955274
326 7.404982860275799
328 7.337264314837032
330 6.1753108612777705
332 6.520999061944594
334 6.991014183158432
336 5.840167345764562
338 6.123210158810838
340 6.400553033305407
342 6.053771413061846
344 6.320668238312503
346 5.941292317906214
348 6.455647024385125
350 5.984699516441761
352 6.418638031430865
354 6.952644333811637
356 5.959379837748315
358 5.933501886842858
360 5.588395679076028
362 7.6156340355049625
364 7.156713959187097
366 6.067045271802605
368 7.026924370826548
370 6.341307190638057
372 6.028764875199328
374 6.4202259202279865
376 6.923124017448873
378 6.915943812741577
380 6.320667188175809
382 6.346298462961453
384 7.129271301017118
386 7.022532186687496
388 5.834150204792613
390 6.86960306145964
392 7.107676550642442
394 6.226971825281236
396 6.594384211670963
398 6.480502281037906
400 6.5242679467683224
402 7.027690824452564
404 6.823470105081593
406 6.55049182659395
408 6.70957837618551
410 7.0742690923489935
412 5.961773026723113
414 7.226380549231259
416 6.989972873794392
418 7.336687658832025
420 7.3781455483264935
422 6.988534042906923
424 6.100453046647895
426 6.603610424308259
428 7.421274416086718
430 6.201049570647832
432 6.343156884705927
434 6.467389932423992
436 6.1528676354359195
438 6.46452598634031
440 6.3116431189597915
442 6.54600438722435
444 6.285515715722181
446 6.875700558241253
448 6.454276889571165
450 6.575911182470719
452 6.44525513658681
454 6.567256808853666
456 6.065048075187394
458 7.013873299726351
460 7.30333126865039
462 6.405254659246782
464 6.783940441863126
466 6.296513625642282
468 7.015574110690583
470 7.491082901747685
472 6.484516128928287
474 5.838342821335995
476 6.334396745464286
478 6.720287592962422
480 6.565518604957127
482 6.4517202220290075
484 6.682888971462207
486 6.926957423570828
488 5.647057562368902
490 6.685052852498066
492 6.521428683504207
494 6.5916903644230755
496 6.137515442004223
498 6.238622830356099
500 6.558741050508851
502 6.614787344655393
504 6.180300753784953
506 7.07470230523238
508 6.580606649434366
510 6.367864264746381
512 5.9563131775209985
514 6.304206475619404
516 6.707777046128669
518 6.506527230439905
520 6.047359487327745
522 5.99591555823769
524 6.591187788064805
526 6.4945929950580314
528 5.88841380757104
530 7.144701154694044
532 6.067765071883244
534 5.90241434852808
536 5.979205256700485
538 6.513756003486197
540 6.936068322070685
542 7.205587746712883
544 6.904009116620892
546 6.083599263501582
548 6.826050651642813
550 5.966081077156059
552 7.260258707531026
554 6.435543307100249
556 6.844035662204916
558 6.89923834314996
560 7.046138597022651
562 6.103961393223763
564 7.006150002250059
566 6.239118949120957
568 6.355469883706253
570 6.866917187959104
572 6.936253907847113
574 7.257147503428132
576 7.45258905265028
578 7.489124216543957
580 6.680598468586406
582 6.534814255291537
584 7.169862230753628
586 6.504655219640717
588 6.156824174134801
590 6.228425031192032
592 6.993289576207844
594 6.618597436405055
596 6.591577588482605
598 7.270877779060522
600 6.3111698102559055
602 6.69717250135999
604 6.942657271556531
606 7.064278872354993
608 7.033870474368327
610 6.697192607234695
612 7.530450074222124
614 7.469754893666181
616 7.614711159171616
618 6.90347685150241
620 6.802103278760314
622 7.246982821975556
624 7.207507812412492
626 6.8730300067335595
628 6.944996143233904
630 7.53415741095924
632 6.894101084760331
634 6.631643704534154
636 6.987234835542949
638 7.015093876064212
640 5.693602420842888
642 5.180296205868965
644 6.017074618359551
646 5.605229647560543
648 7.441072059844343
650 7.4316285339921615
652 7.515595902045797
654 7.703956110482652
656 7.12067607370462
658 6.506277801485793
660 7.0332513236897265
662 6.3464649156148445
664 6.982311304198948
666 7.91305752118652
668 8.166649440992481
670 7.680192668804857
672 7.228883047186234
674 7.836009132432909
676 6.478551863880261
678 6.963752334922057
680 6.607224914854144
682 7.641412163895642
684 7.077139434528099
686 7.535125747987433
688 7.391618322769258
690 6.890502902034544
692 7.543776005890546
694 7.13674021831614
696 6.293539071095879
698 6.389832617743609
700 6.72340265049699
702 6.706091320825178
704 7.04853896045859
706 6.846960061587483
708 5.5217907215196815
710 5.384699202758897
712 6.03284851156351
714 6.951964886541973
716 6.567143327080531
718 6.483977999427278
720 6.452851976673368
722 5.310117060355884
724 6.476456606306099
726 7.20353398759471
728 7.386125465755215
730 7.829354221809729
732 7.090489952044876
734 7.456639472104665
736 7.322109923082702
738 7.314678416093843
740 7.522997133485787
742 7.967941603071328
744 7.315121733469693
746 6.607300328660396
748 6.858432561795641
750 6.5052446244027315
752 6.309632653917877
754 5.864754820868906
756 6.792634629600434
758 7.224660354395656
760 6.90693141126011
762 6.768779940643308
764 7.006113378360017
766 6.692705212698476
768 6.5297519836648945
770 7.106514792095627
772 5.974056078807849
774 6.909265857355482
776 7.501545381561406
778 7.554447294937124
780 7.282150505948635
782 6.465419357875006
784 7.243759230996536
786 7.124955140525719
788 6.672940414150286
790 7.063569884055081
792 6.858003605434726
794 7.216458674841779
796 6.721204343697415
798 6.309935614839916
800 6.6580638447149845
802 6.267452923631266
804 6.99820917383334
806 6.661858618122898
808 6.859277599777653
810 5.940087170214683
812 6.958993762716855
814 6.994783137728142
816 7.465685051214483
818 7.035099376418826
820 7.765476561870871
822 7.453649774349445
824 7.111097332586007
826 6.357674426148162
828 7.0361354524889075
830 6.649440449285577
832 5.627480939433529
834 6.8797583231558495
836 5.945797181195915
838 6.510704235425926
840 6.195585507371182
842 6.808448136535593
844 6.688716735935089
846 6.493719137171883
848 6.943469923525274
850 7.070950439108719
852 6.975759810004935
854 6.43602687369972
856 7.661150673286407
858 7.7761296555229125
860 6.791935509403909
862 7.74706795082807
864 7.693471743688402
866 7.55161702767594
868 7.6537650886201165
870 7.214521234164297
872 7.379090004828489
874 6.9199070601260315
876 6.985489595331642
878 8.115564947017194
880 7.575053621713458
882 7.19200053348715
884 7.557474537216323
886 7.831787891327551
888 7.495182720908974
890 7.987457439185489
892 6.713372831463588
894 7.855760724624812
896 7.774144532078027
898 7.66969894116791
900 8.05909552523553
902 7.0874182274933135
904 7.715704614154978
906 7.949663564799999
908 7.836235479677599
910 7.220046889560172
912 6.20101588928318
914 6.99926568370788
916 8.013219867142103
918 7.546927467712435
920 7.7116344048559275
922 7.18453874206532
924 7.229446820509723
926 7.062417606602149
928 7.670016666088849
930 7.583372907445193
932 7.635063298432368
934 8.14912253008217
936 7.484078599869926
938 7.61071926093495
940 7.277013046454526
942 7.456744273232269
944 7.752811816658353
946 7.724120965527857
948 7.346958386584231
950 7.8765824942260485
952 7.505535516206814
954 8.070717688582986
956 7.515024743768828
958 7.541486551688402
960 7.453997420944004
962 7.38453686997171
964 8.123184195395332
966 7.7465423644057445
968 7.842704384368945
970 7.613833341644257
972 7.1870456616016565
974 7.47910475080754
976 7.260555185163038
978 7.287372332604747
980 7.999801501293708
982 7.222838748807786
984 7.654677186584881
986 7.2631565527092015
988 8.252605970480088
990 7.608427359338496
992 7.438725899742862
994 7.576679902485973
996 7.2777803231431974
998 7.275884037379697
1000 7.849628058112252
1002 7.351686574489087
1004 7.489325085381616
1006 7.90267474204982
1008 7.894388586121768
1010 7.971757101122702
1012 7.431127564425863
1014 8.130864617991383
1016 7.939970784555671
1018 7.455989764885833
1020 7.304628160693537
1022 7.707150805269289
1024 6.984074069392078
1026 6.858064154806107
1028 7.848570263557779
1030 7.537820756311434
1032 7.542609236565355
1034 7.847223931529823
1036 7.325249995322138
1038 8.090975477265879
1040 7.882769854788252
1042 7.644514473672588
1044 7.822945066081309
1046 7.392765473602924
1048 8.234398866635027
1050 8.231773434578647
1052 7.696691328329446
1054 7.559670829675237
1056 7.449090960659539
1058 7.699307294330202
1060 8.028086517493094
1062 7.778594090546042
1064 7.583651290410568
1066 8.537528651266515
1068 7.699924521339027
1070 7.565074874807081
1072 7.878199675496702
1074 7.085910546397324
1076 7.382585806293643
1078 7.111555907762232
1080 7.375231311758305
1082 7.321913413859612
1084 7.576754625212512
1086 7.612542669179782
1088 7.427774510971365
1090 7.592841966835704
1092 7.159600005673274
1094 7.0126866963366075
1096 6.942007185936078
1098 7.932076122699628
1100 7.299622270404386
1102 7.379663361522179
1104 7.560122142393738
1106 7.71465037455504
1108 6.581745212635178
1110 7.54152176939163
1112 7.216769196921171
1114 7.256185604636389
1116 7.679331204781301
1118 7.548281778419859
1120 7.8071349934181065
1122 7.735356749167129
1124 7.9067824568295055
1126 7.709441953428254
1128 7.861388227258193
1130 7.2201413850352125
1132 7.171317244961074
1134 7.785323826524389
1136 6.864945043692669
1138 7.189619229863052
1140 7.644348191398314
1142 7.554535299347052
1144 7.74246683638011
1146 7.277698337443626
1148 7.97912878458319
1150 6.819303921169313
1152 7.894128454520708
1154 7.748173418357473
1156 7.827951830359391
1158 7.807001918086302
1160 7.243158151990273
1162 7.39607764923751
1164 8.061324052757334
1166 7.93095694542439
1168 8.028513101419623
1170 7.6722159595192005
1172 6.755877739206591
1174 7.6072324936359275
1176 7.47113733991635
1178 7.504308669180157
1180 7.994174249029996
1182 8.102753766307774
1184 7.3730370020681875
1186 8.082534906068593
1188 8.014173961015933
1190 7.524612008368206
1192 7.374486009804691
1194 8.015917906291001
1196 8.034084972038553
1198 8.281145436770668
1200 7.701222022648319
1202 8.566310961202078
1204 7.970261993126623
1206 8.002659336593727
1208 8.034957695727767
1210 7.6937702515485356
1212 8.194592989672447
1214 8.152887644321488
1216 8.007184935019213
1218 7.694865962618684
1220 7.517371755254333
1222 7.91003341957302
1224 7.460591698877391
1226 7.645033712570216
1228 7.512324884948927
1230 7.570797266639489
1232 7.903929304834562
1234 7.761406664432285
1236 7.743971680071455
1238 7.624141096931996
1240 7.932964133307289
1242 7.3971347755070855
1244 7.870502918273931
1246 8.089708866874181
1248 7.825303238625415
1250 8.063529282275026
1252 8.8685111140419
1254 7.7247015382489765
1256 7.821211142643173
1258 7.7052813693119155
1260 9.192612741225219
1262 7.767370025660409
1264 8.439296125388122
1266 8.300697961347325
1268 7.962980319737516
1270 7.800548567434721
1272 8.487338784405374
1274 6.857091852026272
1276 8.345233187612907
1278 7.9570453681025235
1280 7.19672847766703
1282 8.154852122566117
1284 8.23245391378823
1286 8.109145226832647
1288 7.731953931776604
1290 7.849671854934629
1292 8.622583058028098
1294 7.632787342836751
1296 7.692818022495419
1298 8.307480751232152
1300 7.921145557059687
1302 8.005516583217686
1304 7.525586196525344
1306 7.8301819680097156
1308 8.604523924317132
1310 8.22278317783699
1312 7.780135970715038
1314 8.100227713701326
1316 7.970960755687893
1318 8.02514777179243
1320 7.488829619342467
1322 8.094149940352473
1324 7.545620598878854
1326 7.983764120550467
1328 7.91621473812071
1330 7.9235738555311315
1332 8.08061544511045
1334 8.250464664576857
1336 8.02066898020365
1338 8.101932844341778
1340 8.185920128766464
1342 8.279288196652677
1344 8.302537465327845
1346 7.611731416939094
1348 7.82959395523903
1350 7.536422002377443
1352 7.771510236515796
1354 7.920794389365804
1356 7.8040125052296165
1358 8.067326656031264
1360 7.85583193544942
1362 7.712473264781267
1364 8.248409298595172
1366 8.22258737315368
1368 7.650586503034406
1370 7.776664144644386
1372 7.122505641627677
1374 7.8874693125103414
1376 7.582418197971038
1378 6.952451189703613
1380 7.939321931193321
1382 7.490315022793638
1384 7.387135284977027
1386 7.678935371359752
1388 7.651796161099874
1390 7.927534249291823
1392 7.907585484650724
1394 8.04170799484981
1396 7.581908425719559
1398 8.133938831033838
1400 8.31267450548847
1402 8.200156351228383
1404 7.888934165995955
1406 7.794904686310527
1408 8.003161732549533
1410 7.691877991104099
1412 7.757856225488535
1414 8.271030770473105
1416 8.087392567603512
1418 7.155710992687003
1420 7.67462236520745
1422 7.809294127396671
1424 7.6771423868701
1426 7.984996264895511
1428 8.138886064047261
1430 9.53899665466872
1432 9.21392882904024
1434 9.705446153594492
1436 8.981397082569332
1438 9.470306883919337
1440 10.209707027945699
1442 10.412168329534559
1444 10.249934126777585
1446 7.936059543038719
1448 9.442648349332798
1450 8.025595770758462
1452 8.395587904647806
1454 7.735763048587231
1456 8.081426326519747
1458 8.272758397314982
1460 7.799562267056612
1462 8.192830724528347
1464 7.824991187929591
1466 7.9227156674574335
1468 7.681191605078751
1470 7.781931273516691
1472 7.516251411330688
1474 7.758625072705917
1476 7.70772813903096
1478 7.569189477058678
1480 6.319763345756973
1482 7.295808983882798
1484 7.615181731113703
1486 7.9634305226927395
1488 7.690629465361742
1490 8.010634994964603
1492 7.981185285845697
1494 8.133114718823508
1496 7.921911397005566
1498 7.828818145473592
1500 7.907882831100287
1502 8.079620506519115
1504 7.920116534678525
1506 7.906478768615421
1508 7.716829338240939
1510 7.7070455845298875
1512 8.258848644862669
1514 7.803134274802003
1516 8.096725481670838
1518 7.735671853478805
1520 8.220674476892388
1522 7.752644737593036
1524 7.953992191644937
1526 7.7699281482520846
1528 7.4975123299531825
1530 7.8842724324099045
1532 7.927605062164124
1534 7.833124591704659
1536 7.520434754977396
1538 7.50315020430381
1540 7.766555833847537
1542 7.593536799754795
1544 7.805221687411739
1546 7.872903208196906
1548 7.099652897050892
1550 7.65477367223573
1552 9.243318456932382
1554 7.227660585922322
1556 8.045391238363923
1558 7.995755240610093
1560 8.1746063440057
1562 8.097165638403226
1564 8.280688473371326
1566 8.252715735102658
1568 7.807151745923182
1570 7.79272681563728
1572 7.51726113135783
1574 7.639180464007424
1576 7.256511429740565
1578 8.085675681149668
1580 7.412697510841094
1582 7.440202250860895
1584 7.43228653935842
1586 7.34641798652264
1588 7.067576558016018
1590 7.693665750199504
1592 7.37993434266903
1594 7.774296818474801
1596 7.749594630515533
1598 7.111865131384445
1600 7.13085181328726
1602 8.174999727869533
1604 7.588537383554059
1606 8.135513135674072
1608 8.244579303807292
1610 7.688312670226751
1612 8.262205932743475
1614 7.883499562013619
1616 8.626912179055559
1618 7.415754474267171
1620 8.412654732591024
1622 7.646011090083495
1624 8.124789530027991
1626 7.845768900260041
1628 7.66235953342608
1630 8.014481605525784
1632 7.59196255527785
1634 7.702286040780302
1636 7.468184484752421
1638 7.737049462238799
1640 8.09157998404478
1642 7.565750829094373
1644 7.872620998700674
1646 8.054632998728213
1648 7.261606192397009
1650 7.430450825010448
1652 8.287517695574845
1654 8.119191051082638
1656 7.098112947528438
1658 7.6899225325895975
1660 7.9702307983853204
1662 7.553190317487898
1664 7.3694662066986645
1666 7.314488024367332
1668 7.616648105503574
1670 7.766413677412268
1672 7.710708385339715
1674 7.6464417487641105
1676 7.250720658470661
1678 7.687383606773452
1680 8.099610863653535
1682 7.805415780276731
1684 8.090846438648452
1686 8.064264313077757
1688 8.202696245496533
1690 8.047881287204065
1692 8.177470904228636
1694 7.874141376884737
1696 7.745770883343468
1698 7.493529009772706
1700 7.191392119164774
1702 8.203710161051514
1704 8.236034884440038
1706 8.424593620304188
1708 7.976848621368563
1710 8.000558737893336
1712 7.639778006559799
1714 8.17243117394186
1716 8.201005246954248
1718 7.414652009955328
1720 7.439383940265166
1722 6.786836108261296
1724 7.066593087209969
1726 7.5427998277812645
1728 7.632093527823736
1730 8.117320794141612
1732 8.272922168057864
1734 7.3217035756404965
1736 7.5355290379751745
1738 8.227188517106047
1740 7.725446225217198
1742 7.830280724338902
1744 7.555295701264902
1746 7.213033801981448
1748 7.567191405442576
1750 8.082938985095442
1752 7.961015202179165
1754 8.279632132657795
1756 7.804644243737087
1758 8.27780759083087
1760 8.708852094479303
1762 8.48642425831782
1764 7.749965664306302
1766 7.3880807579769865
1768 7.013843227944775
1770 7.7719096590566075
1772 7.550664960878111
1774 7.530430335407374
1776 7.3748659390997116
1778 7.375499701281958
1780 8.252900126505496
1782 7.61667919297682
1784 6.243343808641186
1786 7.0641378942877235
1788 6.807208363613328
1790 7.567306195679472
1792 6.148674025591455
1794 5.943952238443659
1796 6.515619712984568
1798 7.933632094630361
1800 7.754891541231652
1802 7.115430104708941
1804 7.584205671752168
1806 6.731679909526795
1808 7.017523274648106
1810 7.7462342027474955
1812 7.58982152033005
1814 7.0947741026690165
1816 7.961033620774804
1818 8.138360902315302
1820 7.716021090943748
1822 7.259616713482984
1824 7.268267695219512
1826 7.353845730475046
1828 7.739415235486499
1830 8.522763230962909
1832 6.218567250086972
1834 7.38743206828489
1836 7.153103446057277
1838 7.34342450783638
1840 6.937039592690544
1842 7.693754699954479
1844 7.445440552993045
1846 7.376412586519264
1848 7.000652946322032
1850 7.769988759160948
1852 7.697462300441123
1854 7.326593021008492
1856 7.4135755512197035
1858 7.738165072405173
1860 7.64456512431895
1862 6.921123206211984
1864 7.171744381992244
1866 7.478775640644602
1868 7.218773478470879
1870 6.425059965692913
1872 7.141440275453253
1874 7.022354591863019
1876 8.003165561375974
1878 7.699529208772577
1880 7.68422925252446
1882 6.8578963325630395
1884 7.305371017489646
1886 7.660445906615454
1888 7.673930003384557
1890 7.061126882734544
1892 7.275631347948548
1894 7.954085522643403
1896 8.01485106941116
1898 8.01933586586613
1900 7.431078231022294
1902 7.1962915856388285
1904 7.976164447787394
1906 6.561382223448636
1908 7.138248720364659
1910 7.792369054312093
1912 7.977494055627391
1914 7.564710152086286
1916 7.90626173650365
1918 7.808352758604771
1920 7.90762808943317
1922 8.130335988972599
1924 8.096682942444223
1926 5.948754666327436
1928 7.674872975052302
1930 8.221605318832797
1932 7.703335561826631
1934 7.751955285889581
1936 7.971128857167851
1938 7.576951154254687
1940 7.824523786498394
1942 7.673769604401104
1944 7.562598155597764
1946 7.639823279614156
1948 7.131291081410784
1950 7.546469788887044
1952 7.750699924686907
1954 7.885449499313539
1956 7.598717904617167
1958 7.555266037513239
1960 6.422408456118906
1962 7.796473640095595
1964 9.465076899149448
1966 9.594955542518976
1968 9.462133449779007
1970 9.101900094667625
1972 9.537554182427757
1974 9.727787932030262
1976 9.22158697939098
1978 9.959587960970948
1980 9.220007487067367
1982 9.527439199117627
1984 9.224967891488978
1986 7.123093625174423
1988 9.729199248534195
1990 9.327642812999219
1992 10.133595705384728
1994 9.344917901968378
1996 9.373722685123704
1998 9.681184755764829
2000 8.76332200417712
2002 9.82808141695927
2004 9.733760655712596
2006 8.007783620378126
2008 7.839055269894446
2010 7.46958088425739
2012 7.530635492229043
2014 7.932472823634003
2016 7.514768386901155
2018 7.024460845141587
2020 7.592203155137829
2022 7.2012027833651695
2024 7.4757466521209315
2026 6.374904786361005
2028 6.790041165798684
2030 8.054707218399914
2032 7.464847588810271
2034 7.304539412779
2036 7.721650935935805
2038 6.989333145148664
2040 7.515298170116506
2042 7.55743702147195
2044 7.656976363822458
2046 7.681545496250375
2048 7.557734099211794
2050 7.233980278282514
2052 7.225299703438673
2054 7.939233339903679
2056 7.727074011052877
2058 7.920663476763953
2060 7.499568031997184
2062 7.415192036423422
2064 8.173234597631701
2066 7.698107050879505
2068 7.169999530960146
2070 7.6554953749643975
2072 7.7239042590653355
2074 7.503458371754603
2076 7.436426700896175
2078 7.506599743121578
