0 11.189763521454156
2 11.183314296142967
4 9.365912256165196
6 11.657916360973287
8 11.386277277304202
10 11.347567450439895
12 10.236633349060028
14 11.740819155242841
16 9.061687757247553
18 9.74499473513121
20 10.081555029495975
22 9.570922110687494
24 10.84487222416046
26 9.534266015838009
28 11.105977415914984
30 9.160345359860212
32 8.871105517254156
34 9.569409832755834
36 8.447786107883053
38 9.881746846576585
40 7.110710008156797
42 9.984411635545259
44 10.069295966381707
46 5.374439418782652
48 6.490226583656605
50 7.284131917349037
52 6.202005919800758
54 9.03370642415951
56 5.959929995547898
58 7.538345195802855
60 8.066009957731
62 9.594192841787619
64 5.714056792836318
66 5.9242337527137625
68 5.556665754559961
70 5.661108422544531
72 5.435332448950778
74 5.947953750220287
76 5.925583578099598
78 8.683654819084138
80 5.821019914544201
82 8.689799149174693
84 7.811386707011255
86 6.792290404244599
88 7.737500370749277
90 6.547902248715854
92 6.136076596536215
94 7.493637819089507
96 10.766450598224942
98 9.341808272132011
100 8.429957242704926
102 8.27175461815736
104 7.318037701013884
106 7.853331553664394
108 6.589735226683223
110 5.781849482222168
112 7.6701481166501075
114 10.073461570034647
116 8.185827543063168
118 8.617317549527796
120 7.84582103899447
122 7.767501622631216
124 5.919596803708366
126 6.803099469373034
128 5.323314149584172
130 6.438352634309674
132 8.850451503812662
134 5.621780086447426
136 5.490226810410502
138 5.757236685188344
140 5.52263466860987
142 5.90821834709043
144 6.283427890771506
146 7.689081079877526
148 9.77300051637388
150 11.406657372330768
152 8.085952564908762
154 8.286251236726008
156 8.322803971532217
158 8.304336029281838
160 7.3437969783324375
162 8.617424586641977
164 9.341858594692344
166 8.250751875954483
168 6.271817552856374
170 9.917588995228735
172 8.209470625621991
174 5.68601855921135
176 6.105886533514957
178 7.118426312762154
180 6.895693951195007
182 5.433560936279888
184 5.6416423570734695
186 7.722780592236026
188 6.658267499322474
190 5.656610908183526
192 6.317565225887536
194 4.52199834079742
196 6.375931850652482
198 5.982929214032575
200 7.3719725769499
202 7.579355854458307
204 8.3764571435282
206 6.185814109042406
208 7.757362719844606
210 5.497150094495821
212 7.0569522838929135
214 6.100712281722956
216 5.78095014161894
218 8.34602813403596
220 5.928723340599001
222 5.625984707648319
224 5.871840053617042
226 5.599536513637719
228 6.1625420579096
230 5.67464735963879
232 6.117940959750012
234 5.557136142796976
236 5.522263118299048
238 5.88778244475545
240 5.9954790437180225
242 8.36759181300362
244 8.26173873927765
246 9.662515256725698
248 7.568682432624609
250 5.787448250922111
252 5.868897985313935
254 7.7795817147521715
256 6.882952110447124
258 5.752751817959183
260 6.086322021814514
262 5.684337538320658
264 6.406971009834129
266 8.352698295592123
268 5.723451690664942
270 5.495739541400034
272 8.400388111415213
274 8.390888002167513
276 8.349259547136455
278 8.235251007429694
280 5.996512847228649
282 8.343910982768746
284 8.803096331936072
286 8.666303261444957
288 7.1208010550823175
290 5.852195099423526
292 8.27909451753509
294 9.503325519468932
296 6.479846377967307
298 9.131972377019876
300 5.718500450305004
302 8.4856136498027
304 8.227277268558861
306 8.757453936552514
308 8.526762592572041
310 4.912328561231786
312 7.6501053734830196
314 8.040168263589953
316 8.729405080978227
318 5.814343418833313
320 5.737721836036728
322 8.794274335964491
324 5.325651011047508
326 7.61586305913651
328 8.278002928051386
330 8.01477851776421
332 8.144821370358995
334 5.702751458777347
336 8.566988896987333
338 6.359257286899384
340 7.491385298637523
342 7.756073514818854
344 8.935029485366012
346 8.36978721868471
348 6.148528005720826
350 8.572941921243372
352 5.238948769000498
354 8.904236567917028
356 8.814006616079242
358 8.563790955732372
360 8.756942560360784
362 8.524432462629957
364 8.284276761874697
366 8.645023335240822
368 8.235291416779807
370 8.141608917418147
372 5.620253785403478
374 8.161928394072737
376 8.812952959950193
378 6.086359734938125
380 8.55496280593374
382 5.313549935311123
384 5.944739957859505
386 5.289214595187026
388 7.629977729338771
390 9.97698470163532
392 9.128712616292932
394 5.278019614624435
396 5.949463179287678
398 8.558871300342918
400 5.550230911546549
402 7.843952384726608
404 5.557950578243593
406 5.73111520829696
408 5.667289617852232
410 6.395851366105981
412 5.911698946154052
414 6.260772499953981
416 6.321871126582465
418 5.776108347573432
420 9.27723643688514
422 7.2620237294853345
424 7.356969602593336
426 6.511473070126378
428 5.927594700273206
430 5.581275773868484
432 5.7650400580862895
434 7.7032746542745105
436 8.367447440673946
438 5.624340566280222
440 6.130076327333829
442 8.448959719940081
444 8.587648304384631
446 7.0916412829806745
448 8.527365644303325
450 9.532022019837683
452 8.937991274946103
454 8.333120659558556
456 6.082544832706385
458 5.912576773224483
460 9.098077482939855
462 9.956954093218778
464 7.6704770624470475
466 8.558012248118393
468 7.407977618586841
470 5.755160941786318
472 8.264930413728072
474 9.416381169333484
476 5.659908765204548
478 9.643286328942773
480 8.931611687442254
482 8.522547961073284
484 8.139850483864853
486 10.51133100536754
488 8.800670438030812
490 8.262894840566661
492 7.9309630154916935
494 8.526971770261358
496 7.334251569286807
498 8.239228570993632
500 8.940037736583882
502 8.63724968545703
504 5.763374399310342
506 7.298673477675311
508 7.064492574022956
510 8.400016678207061
512 8.387479882575624
514 8.396412759571776
516 5.960199229366616
518 7.935582002907913
520 10.260552994253992
522 7.510961039857221
524 5.623546563533403
526 7.9505005416275925
528 8.079344290008672
530 8.7072669501854
532 5.6393330632880385
534 8.482944840905155
536 8.42669710918494
538 5.730851710545695
540 5.8435560170099485
542 7.68800946848204
544 8.29352499606521
546 6.126585363626602
548 8.16879912237471
550 5.86666559346842
552 8.569080701777102
554 7.587435128715564
556 8.862870905212434
558 7.199171709528355
560 8.051046525304999
562 7.379308008765828
564 9.528130759447466
566 11.21188817969695
568 7.697047232699053
570 11.323296187950811
572 13.363741051905212
574 8.34978076359458
576 8.076489171902447
578 8.195923393887426
580 10.638593951087824
582 9.441749258743538
584 8.858113324721888
586 10.202450456867924
588 8.648221796799675
590 11.895808708856533
592 11.496664781785508
594 7.037208232467653
596 7.753670849701795
598 7.299246475835103
600 8.064741164404891
602 7.473957675489439
604 7.262462931298648
606 8.516908186367175
608 8.336576098001586
610 8.803664916425213
612 6.830264941511611
614 8.224375450470651
616 8.664824251485653
618 7.312362141045523
620 7.32719966339807
622 7.345967824192832
624 8.4789443028305
626 10.125691791628812
628 9.766857200388607
630 7.748509120169499
632 5.044457901262918
634 5.904231089925608
636 5.992881372292209
638 5.860184091540959
640 5.915994087848615
642 5.340395136015468
644 5.881374687342126
646 5.686174854748662
648 5.593535606059092
650 5.576687327875209
652 5.786964289028646
654 6.923619846567696
656 5.289182838829545
658 8.111615607495331
660 5.891866151170146
662 8.25986898951187
664 6.7012611700760525
666 10.175123740454723
668 9.377452163350585
670 7.662440755247816
672 7.480661329525306
674 6.3938001982692425
676 7.56361204779649
678 8.597219364327112
680 8.862459681241923
682 5.5808032233709035
684 5.986640664258637
686 7.561131028845306
688 6.898933692252853
690 6.89782436890507
692 8.212499470477042
694 10.198911002278663
696 6.054797779240276
698 5.771182908269838
700 7.845387490155841
702 7.965930634833117
704 4.631338175111376
706 6.534719854304895
708 6.782756856634502
710 5.474131476644912
712 6.786197000733453
714 7.177211521350758
716 5.204321186172829
718 7.458498731010208
720 4.640121574127758
722 7.790407922767732
724 6.097434053648828
726 5.708066060584419
728 5.84994946528134
730 4.861584951409301
732 7.1753812898904314
734 7.617259601422183
736 5.908030270720757
738 8.040360910099333
740 5.715029664185841
742 6.483269867242233
744 8.03075627168381
746 9.334396698496708
748 8.165671375191607
750 5.530174580981637
752 6.025499875430287
754 5.356677328193772
756 5.35859892454706
758 5.862632955720702
760 7.498095216699133
762 7.969715901561991
764 8.689179324610345
766 8.540964945260985
768 5.295473358066006
770 6.480786059719731
772 6.719262248823558
774 7.233765227660365
776 7.263225684989652
778 5.752086832597539
780 5.61579031813233
782 5.686490550447463
784 6.181848464616083
786 5.655519424183341
788 5.703490366090744
790 5.840446349562504
792 6.051224837989981
794 5.879438084852572
796 6.472072340424463
798 5.707432993007336
800 5.506943927526659
802 6.070636013855642
804 8.669878947511739
806 5.665655075680307
808 6.255787266409246
810 6.056971861912974
812 8.041540052656229
814 5.89053557728495
816 7.960186483607594
818 6.0327555176536265
820 8.384470282188685
822 6.073922056159519
824 5.389876398435145
826 5.513190220398376
828 5.748232195774603
830 5.179702620054714
832 5.134047216413242
834 5.94434544841373
836 6.285922108989386
838 5.9711361420971
840 5.694440710456729
842 5.752920825862915
844 8.832760691082111
846 8.420562388288845
848 6.149373974213391
850 6.295777901484255
852 8.462075819739708
854 5.783406124017368
856 6.149475050944164
858 5.629789918070491
860 6.101848517827567
862 5.846452160814169
864 5.386558121137701
866 5.946247572451836
868 5.724523621316944
870 5.694753330647353
872 5.465265843807862
874 6.078723909078214
876 5.979307904981011
878 8.242290643981244
880 5.630102067638433
882 8.227302163226824
884 5.700438258407731
886 8.08003465437422
888 8.234032867285535
890 8.271525148227333
892 8.91978452345336
894 8.430131075783617
896 8.049125229600422
898 8.4975152269979
900 8.030920179952705
902 8.07007587194057
904 8.037688141757933
906 7.970548271745957
908 8.695504150518165
910 8.576234080494746
912 8.555710397253774
914 5.894718887836807
916 8.345141201769623
918 7.673915362432637
920 8.571984386052133
922 8.858512156577628
924 8.302773952365266
926 8.494666287770444
928 9.095258510244093
930 8.55652687168064
932 8.312423976098694
934 9.318268408629406
936 9.853373795746037
938 8.550152690394324
940 9.153694568276535
942 7.813078838325365
944 8.904796592967623
946 10.636376633036782
948 8.531735806696618
950 10.125457997153084
952 9.815534482097178
954 9.375507923090945
956 9.2801645297259
958 9.612608580380813
960 9.050708274484471
962 8.49302245996582
964 9.685991836989452
966 9.380209878554732
968 8.979115994789758
970 8.696949331072853
972 8.731521886636688
974 7.686721901131661
976 10.087184429850145
978 9.799634097997064
980 8.437079276620594
982 8.67588717538821
984 9.900643498635663
986 10.484926318927819
988 10.451897590906873
990 9.891913901380825
992 9.96274311668237
994 9.613620903947085
996 7.8632540036237
998 8.132714030762903
1000 10.06798144962589
1002 9.165597160438969
1004 8.384015367614126
1006 8.566521298534745
1008 11.30077889139781
1010 10.443821735317364
1012 9.010489929631843
1014 8.863050174654905
1016 8.744948468941669
1018 10.072360497120073
1020 10.46973159810444
1022 9.106985185826113
1024 10.778160442735551
1026 10.083193304665402
1028 10.443911268326865
1030 9.36857513928479
1032 9.429489765625773
1034 10.704451751996611
1036 10.070747951094456
1038 8.743965542627876
1040 9.520722391305945
1042 10.406397136731139
1044 9.913809988661137
1046 9.032416726243088
1048 11.401612861447715
1050 9.980407613564807
1052 10.189584243275423
1054 10.43021698942755
1056 10.679563373971224
1058 9.60388632185134
1060 9.702085910487286
1062 10.90213298569323
1064 10.36696102598688
1066 9.50226290765772
1068 10.334219515433778
1070 8.558819749347176
1072 9.193845001584286
1074 8.320879554474997
1076 7.0492082728639005
1078 10.25705923786109
1080 10.22754517964609
1082 9.817019650118631
1084 8.155364183146828
1086 7.718782084957498
1088 8.602934600131228
1090 9.105618119695903
1092 8.42001569806081
1094 9.299499365678509
1096 8.870894079732077
1098 8.541677475866376
1100 8.52548393885843
1102 8.431857986337533
1104 8.270321268211902
1106 8.784794290359757
1108 8.576605722346658
1110 8.555078572325893
1112 8.23143735401737
1114 8.5546203885844
1116 12.553925539601961
1118 8.501499201436257
1120 9.876451192570723
1122 9.298257846211689
1124 9.42410465656865
1126 7.927686303058448
1128 9.065763568147007
1130 10.384532768456491
1132 10.575730843183957
1134 10.132102286034991
1136 8.856219466346285
1138 9.364573115343022
1140 8.243833809239373
1142 8.184834217592423
1144 8.353415328124107
1146 10.628128448836286
1148 8.55748394647582
1150 8.43120732432832
1152 8.2579704968787
1154 10.556370391431116
1156 8.825073075899649
1158 9.663634011823813
1160 8.56358153704174
1162 8.781807667944236
1164 8.98213702561454
1166 9.062347436420515
1168 9.745178496917127
1170 10.437789819554572
1172 10.461783282418208
1174 10.500037709197192
1176 9.575523659672943
1178 9.132038108075651
1180 8.729115416642529
1182 10.139532096045954
1184 6.426582204075582
1186 6.081193202038984
1188 9.496068543006576
1190 11.192135067350389
1192 8.84448079881604
1194 8.713694979055273
1196 8.340895387443338
1198 8.574337403795745
1200 8.310573796227693
1202 9.018831367323095
1204 7.815880627942715
1206 12.394467452021647
1208 8.33894479603704
1210 10.78647656374342
1212 9.91440899648808
1214 8.13922575059153
1216 8.651029579942263
1218 9.759777343901893
1220 10.036650031451597
1222 7.868810040913655
1224 12.096776551454303
1226 11.91920988088568
1228 10.042938850662537
1230 11.079647091090827
1232 9.121607710031336
1234 8.508305481015936
1236 11.476242039701896
1238 10.320720310063727
1240 9.064292395485985
1242 8.681839317541828
1244 9.081249080907766
1246 10.320363565887988
1248 10.867143663984109
1250 12.778159989979553
1252 12.996776700010773
1254 12.368714145946052
1256 11.47878994083704
1258 11.287150222446062
1260 11.524438010331917
1262 12.154891001922296
1264 12.582259857053065
1266 12.897335715835304
1268 10.485260438179475
1270 9.1195660323911
1272 11.026045946812932
1274 10.54560406173443
1276 11.109202299556806
1278 5.967763512128444
1280 9.933120704931348
1282 8.081553325344798
1284 8.47529582485792
1286 11.375768570848155
1288 9.476484380153112
1290 9.725375998793464
1292 10.22445133414372
1294 9.935109537076821
1296 9.518165203210867
1298 9.4097702682665
1300 10.685260729756527
1302 11.8010204277447
1304 10.890115048983192
1306 10.289911956266586
1308 8.886107968023094
1310 9.384487877985213
1312 10.75598574979074
1314 9.73309967819905
1316 8.656264061433028
1318 9.94652389396683
1320 8.657101223805995
1322 8.52111771107231
1324 9.368346628008304
1326 10.761979038088665
1328 9.95836462053677
1330 8.872799841790295
1332 8.97030932417408
1334 9.03624509625032
1336 8.562995701251834
1338 9.168473059806484
1340 9.607887950236305
1342 9.098494998438836
1344 9.40446019231397
1346 8.61276010683103
1348 8.789619377845858
1350 8.989735752589086
1352 9.612816232151001
1354 9.78362210029553
1356 10.322055368012693
1358 10.086804505613385
1360 10.085119116808295
1362 10.647178154279004
1364 10.129494065572962
1366 10.562243242997257
1368 8.673885336026286
1370 5.7113377852215015
1372 7.992355253924456
1374 8.322225833782644
1376 8.690372538949346
1378 9.099744760141643
1380 8.665919488639627
1382 10.683229405351007
1384 9.206538311478022
1386 7.5490515559617055
1388 11.03204790321652
1390 10.421675390764937
1392 8.054051518451862
1394 10.309222450869907
1396 7.348522999285974
1398 10.020883583204462
1400 9.52625803764243
1402 8.127438967622904
1404 8.408996871290697
1406 8.99229173926171
1408 7.835663771859471
1410 9.802592582784218
1412 10.287923521578039
1414 10.445385417195782
1416 10.101090331194843
1418 10.451633272730126
1420 9.413003169457923
1422 8.32015072245962
1424 9.0567186000532
1426 9.4803304980046
1428 10.061005404763803
1430 11.192139382348612
1432 11.407274168223761
1434 9.5006216079553
1436 9.509708352099722
1438 9.030030760180432
1440 11.919164540501317
1442 9.808101904236107
1444 9.1995978693791
1446 7.194508942484719
1448 8.933116252411264
1450 11.429548086610204
1452 10.044010548296887
1454 9.83695336047151
1456 8.081723765070624
1458 8.463929398733912
1460 7.588296533150333
1462 8.769475089255229
1464 8.538431699170324
1466 8.834562729455028
1468 9.531983186453424
1470 9.123842745544351
1472 12.942231191638976
1474 8.746863096327981
1476 7.543090412018791
1478 9.484804782018108
1480 8.474989040317839
1482 8.627703128134158
1484 8.093447244130198
1486 8.82037581597473
1488 8.190683726928109
1490 8.13623774382935
1492 8.032140616657154
1494 9.869456449344472
1496 9.356200457424892
1498 7.88835056794394
1500 8.73037988594959
1502 5.691589332483655
1504 5.827558311720817
1506 7.30313208791114
1508 6.378191530787163
1510 9.555471918179446
1512 8.01185217351581
1514 8.61178851294111
1516 9.862467895305773
1518 8.676225261604408
1520 8.508241354192272
1522 6.7248685612097345
1524 7.637633314802149
1526 8.50277712811839
1528 8.713342694160255
1530 7.625463455674666
1532 8.463611631612414
1534 8.396744187217884
1536 8.17727404514148
1538 8.395710484957263
1540 9.358912223799923
1542 8.033038503522937
1544 7.809158011369277
1546 8.362110400148039
1548 7.7313032078711155
1550 8.844631030819002
1552 10.138340507316455
1554 8.139407255069841
1556 8.426656238976491
1558 9.646175033953568
1560 9.057258061026888
1562 8.33735765601912
1564 9.007073195759364
1566 7.421760079704269
1568 8.304822943252507
1570 8.778927050400977
1572 7.476501251219766
1574 9.190409443799751
1576 8.44311825283447
1578 8.529176450018149
1580 7.337144195716659
1582 7.776180547750333
1584 8.565055037288195
1586 8.3147232037121
1588 9.725566184540163
1590 8.670510211791576
1592 5.933045770147448
1594 5.574354615221045
1596 7.738707379196336
1598 8.241528562970265
1600 8.192306615547247
1602 8.38626565424369
1604 9.735909329950616
1606 11.327214067098309
1608 11.130903620345087
1610 8.566044352608778
1612 8.86142410923436
1614 9.96165337348028
1616 11.096519396302023
1618 10.849861478285451
1620 10.784206375402146
1622 11.903871348530062
1624 11.905732824593972
1626 8.244531342548594
1628 8.349015878395704
1630 10.20342661846299
1632 9.110299995924978
1634 7.514628830892517
1636 8.259226673494002
1638 5.609610475565511
1640 5.849793932816154
1642 10.516722116976881
1644 8.917595062736005
1646 9.874376974579778
1648 6.5901501257901876
1650 8.460405105742044
1652 8.383146867604804
1654 10.303252636551779
1656 5.844671163723655
1658 9.117276347178883
1660 8.964327107263918
1662 8.635011030145307
1664 8.419834888135593
1666 7.827700741297968
1668 9.77134601297993
1670 7.993803721828783
1672 8.589745131099459
1674 8.74150637532157
1676 8.90725430809872
1678 8.997838460456443
1680 7.430597215276864
1682 9.436194766944418
1684 9.022658331147232
1686 8.742134346214591
1688 8.482977939840719
1690 8.97199612763038
1692 8.916458908066685
1694 8.074216449716719
1696 10.127006049768555
1698 8.409895505138351
1700 8.173244156263243
1702 8.776361672158517
1704 9.742172203279834
1706 9.979085016604603
1708 9.065339319492864
1710 7.796306531444123
1712 9.76022773852348
1714 10.817951512505939
1716 10.271646537990959
1718 8.898607011460413
1720 8.770779713471931
1722 8.53529772587355
1724 8.683084411730437
1726 9.027769626006068
1728 7.4408749695557495
1730 8.664649386612721
1732 9.060363017847365
1734 8.79739011626754
1736 10.021193670872046
1738 10.358129025458199
1740 8.424310428102038
1742 10.081810836421123
1744 9.369363564422853
1746 9.353235295447053
1748 10.321414048662316
1750 9.399417758522917
1752 10.755654287759834
1754 8.972746774211135
1756 7.751481590756025
1758 12.710403879686607
1760 13.807354676998981
1762 12.779753353027546
1764 12.462143017951764
1766 8.347018466814514
1768 7.210632199999479
1770 10.821319408254679
1772 9.60128379663037
1774 10.873585660883451
1776 9.196896341003114
1778 10.490500021373274
1780 9.402311230861725
1782 8.858285651448583
1784 10.447049987552768
1786 11.391034344068895
1788 11.208312376673836
1790 11.090204034413894
1792 11.196661594671955
1794 10.939594731334765
1796 5.772320015122812
1798 5.489060494616588
1800 8.369707753181052
1802 6.241460195038853
1804 5.036635972208827
1806 5.622461686404867
1808 5.597205105476739
1810 8.142853535237792
1812 8.769656276601495
1814 5.67759117091283
1816 8.471933131027203
1818 11.247316679232569
1820 10.040470906500278
1822 9.578999427358006
1824 7.869514793167886
1826 8.620926111312702
1828 8.774968978090227
1830 8.292390891167994
1832 8.167191752263612
1834 8.316698345404134
1836 8.702824264404363
1838 8.409601845042765
1840 8.662501743510136
1842 8.373870484120232
1844 8.784668177172442
1846 7.942802221062995
1848 7.4353572732489
1850 8.815665269181736
1852 8.56785239197488
1854 8.384562452046973
1856 8.27472343236359
1858 6.5008587318732864
1860 6.028487094861261
1862 5.710014525499148
1864 7.728945411516147
1866 7.999567870876152
1868 5.303072699270719
1870 7.918351524353258
1872 8.561963655435067
1874 8.483692010024248
1876 5.817790026491125
1878 6.461992121742298
1880 4.733205061208799
1882 4.951532859135068
1884 5.779879585782429
1886 5.324015074288951
1888 10.427777383904834
1890 8.773654855603192
1892 9.104782511479272
1894 11.290969303713606
1896 9.448774111080175
1898 8.146131742105913
1900 10.451116214990773
1902 7.7835509062077515
1904 11.625566711920865
1906 6.960714154054193
1908 8.660512181880339
1910 8.35920691383504
1912 11.104005607043678
1914 9.106445841239525
1916 11.737203444696107
1918 8.740552380393483
1920 10.856943703778716
1922 11.684244501379776
1924 10.748302401055193
1926 9.220359193172756
1928 10.728548347851248
1930 12.006064877707857
1932 9.220297881506614
1934 12.054979241454364
1936 5.760292413500704
1938 7.990366177721468
1940 7.911321621331851
1942 5.762817877158951
1944 6.490960706894733
1946 6.003696034669398
1948 5.5751808395881115
1950 5.615066391510604
1952 5.286818212109793
1954 5.325491049036151
1956 6.177896694057214
1958 8.181998215586198
1960 7.938939675900884
1962 6.136406671731525
1964 5.927515576696638
1966 6.041433610869827
1968 5.445153073360097
1970 7.6512579177162126
1972 5.733774995229045
1974 6.028893654017906
1976 5.99987235124508
1978 5.99704974362103
1980 8.46655610780919
1982 6.276377061729193
1984 7.119608473571857
1986 5.603146757757586
1988 5.472701937051373
1990 6.597466118117391
1992 6.099268435286809
1994 5.545109334412122
1996 5.595829884039359
1998 5.329778793928667
2000 7.925330158277795
2002 8.197373391001861
2004 6.03805620102811
2006 5.8950284146854
2008 9.260520360843389
2010 8.38220460612031
2012 7.29003445966659
2014 5.488930146253699
2016 6.21786005625841
2018 9.327168904496252
2020 5.259431983832076
2022 6.024536963439333
2024 5.835267366564081
2026 8.800550964448641
2028 8.659158366760563
2030 8.710508805315252
2032 5.5492438444236605
2034 6.0983515949386655
2036 5.758594584148789
2038 8.254531211188247
2040 8.062294122859809
2042 5.473443564002707
2044 5.664912938869841
2046 5.495331021066911
2048 8.777814191058049
2050 8.526048333024018
2052 8.040657461055622
2054 5.774418027155062
2056 9.620823844802858
2058 6.298020515089392
2060 7.74001642743136
2062 8.474298814253796
2064 8.62363158762588
2066 8.899401759583954
2068 8.224992618268004
2070 8.75102580622103
2072 8.378990101926135
2074 8.439372768510752
2076 8.269701311290488
2078 8.639771361682238
