0 10.131073060813138
2 14.12062801099472
4 15.025811298828888
6 14.963061215948107
8 15.036126005115351
10 15.046844481124017
12 15.397134023146343
14 15.58725361395821
16 15.339843675993176
18 15.460045232473592
20 15.43975607348512
22 15.742695491959962
24 15.47434510514466
26 14.740302047637963
28 15.132295556358772
30 15.502589506361222
32 16.138979675867684
34 15.820835591084006
36 15.5753693192553
38 15.347422125548135
40 15.748194435312993
42 15.578842757883155
44 15.27949251860191
46 15.74931459477407
48 15.448117135978134
50 16.042582817941973
52 15.762011204886333
54 15.99053444509064
56 16.190297629229004
58 16.16510981797904
60 16.357379292486495
62 16.23302297685497
64 15.490917324538783
66 16.312274596593483
68 16.41080716302358
70 15.758238765654186
72 16.21621014648869
74 16.473610950407043
76 16.14128872459494
78 15.902721285397794
80 15.954962977765284
82 16.362995979551847
84 15.578563775795221
86 15.495593679504603
88 15.55188432685064
90 15.931046999178854
92 15.80686480036251
94 15.687259122202766
96 15.839913149895077
98 15.930957435912328
100 16.23170634703321
102 16.00826414554269
104 15.568426140908826
106 16.312899692782356
108 16.22914859496472
110 15.86394097237844
112 15.827655657106426
114 15.679622308017894
116 15.839039558809109
118 15.875930913975006
120 16.221384982847365
122 16.246652329078938
124 16.195554057459745
126 16.35745969324046
128 15.75060840955289
130 15.883696826556486
132 16.506900091625045
134 15.853543072393792
136 15.624570529843243
138 15.316678884100286
140 15.743180489004292
142 15.765599115943653
144 15.70957144693746
146 15.691794747183998
148 16.282217001709114
150 15.902481827423637
152 15.846443753108352
154 15.677838670120938
156 16.018371317888043
158 15.686467740643616
160 15.611651132222443
162 16.462139785755916
164 15.72473755323895
166 16.26510076717551
168 15.611677375911341
170 15.772939907100513
172 15.792804690706024
174 16.196318355651478
176 16.020748525560993
178 16.174188036956693
180 16.463900985206287
182 15.867912475746841
184 15.585959950838884
186 16.166271035289373
188 15.956754128848146
190 16.027670325931066
192 16.064100228461974
194 16.107179973288826
196 16.01330012241669
198 16.253142079227317
200 16.198720704417457
202 16.219338052134677
204 16.279864064244116
206 17.260779651701682
208 16.360766917118696
210 16.295846280189416
212 16.39905636673164
214 15.952294744747311
216 15.924712785707088
218 16.43706238612404
220 16.58809304395989
222 16.734234097395316
224 16.195275947408547
226 16.504522553027346
228 15.609101088922753
230 15.828860473102985
232 15.717911616987038
234 16.022964382529548
236 16.0455678662579
238 16.12540479541007
240 16.065944390512808
242 16.295233838632626
244 16.017315572933274
246 15.614198225282939
248 16.066127643160286
250 16.18840614885263
252 15.804927098639377
254 15.940229826914765
256 15.723413347843545
258 16.19260973173837
260 15.997073573950503
262 15.685831866303326
264 16.336893131349484
266 16.000042511504855
268 16.14387836169354
270 15.8510163344665
272 16.098304671409114
274 15.974896520336994
276 15.586264620629596
278 16.84125289786883
280 15.938065819078588
282 15.080224927854474
284 15.82118050869281
286 16.262676399560828
288 16.108276489529263
290 15.699307249496911
292 16.062132024756583
294 16.075103184963695
296 15.890628319736974
298 16.033117859174443
300 15.679377367543866
302 15.619120183532425
304 15.476013530816383
306 16.10670473027256
308 16.07623631570731
310 16.17252747476268
312 16.588872207470356
314 16.53009799104399
316 16.324039178541877
318 15.934180307986802
320 15.814999190894092
322 15.624430503297809
324 16.09880698670866
326 16.621728331750223
328 15.556564815807826
330 16.447510125395727
332 16.17349871113814
334 15.956107475747032
336 16.48961623689804
338 16.302753752835535
340 16.529189015254147
342 16.131442239023325
344 15.742771586755373
346 15.739596236603026
348 15.645725297949795
350 15.87224033900026
352 15.966931457575727
354 16.047331320917465
356 16.62844058581553
358 16.415693036688374
360 15.97092595310659
362 15.967543560522682
364 16.066322303681524
366 16.358549021054905
368 15.952049797342504
370 15.714105912451506
372 15.734708654024578
374 16.348639406295877
376 16.163051675706594
378 16.105525066413364
380 16.131269400325152
382 16.551971577558408
384 15.900366168146995
386 16.14641930611052
388 16.27423525278201
390 16.227919637367247
392 16.233676940190996
394 15.531481210557615
396 16.026860234264397
398 16.3613824419762
400 15.915569808498155
402 15.859047627663355
404 15.919590059590991
406 16.048571762473976
408 15.654779473809363
410 16.37226026326112
412 15.900812328006102
414 15.878735156293308
416 15.729443971346475
418 15.99049824447633
420 15.446121423477885
422 15.862521195012222
424 16.127975608520373
426 16.613332783581956
428 15.910652694501403
430 15.700123960363543
432 15.652850718448699
434 16.399159197960266
436 16.16662100360531
438 16.016870791106907
440 15.72677942946972
442 15.658734669045778
444 15.48632805937964
446 15.600480981894972
448 16.407280439186895
450 16.15072369671932
452 15.948419967791416
454 15.772433421138064
456 15.632633743238985
458 15.730516438385486
460 16.299933119937183
462 15.9758624563933
464 16.540261544652104
466 15.532569221161152
468 16.188033229411054
470 15.471662964560057
472 16.87238477420355
474 15.532946606080882
476 16.517675855700674
478 15.719575600755832
480 15.888664501574018
482 15.791713610697402
484 15.992824735988522
486 16.116728026049785
488 15.390730549884106
490 15.892890884422041
492 16.45011433004622
494 15.798314648714845
496 16.314899244736853
498 15.419314204501045
500 16.24780801077745
502 16.06179993610765
504 16.142974562397537
506 15.8886428624145
508 16.365605815767978
510 16.341996740071586
512 15.921402435448964
514 15.776095518446853
516 16.24552309686944
518 16.2965343409167
520 16.369663902006355
522 15.382546341021088
524 15.92122335363053
526 16.510706758675482
528 16.53159865507363
530 15.59647090138274
532 15.80168709664122
534 16.12296415200679
536 16.142907274513522
538 16.297558119902657
540 15.911860794786774
542 15.956430651183931
544 16.45871750610696
546 16.31708130898106
548 16.657886051821826
550 15.703690262875842
552 15.914713249537257
554 15.680113722721062
556 16.085178962736475
558 16.21423878396062
560 16.08288787208063
562 16.1981965079821
564 16.65015170741526
566 16.01520056888132
568 15.717763588900546
570 16.23739409355783
572 15.414312238617603
574 15.978346211363164
576 15.671260752155314
578 15.8401370339298
580 15.57714377532757
582 15.722296224722259
584 15.358697054757918
586 15.675779009430348
588 15.664576569943064
590 16.22165085807555
592 15.921839012436283
594 15.96324833905021
596 16.431024223625386
598 16.205036566064315
600 15.529923074683634
602 16.155359552575373
604 15.631744384074882
606 16.714065616017926
608 16.05406536868812
610 15.805152566112291
612 16.31981767272203
614 15.734984758272908
616 15.909705869403844
618 16.417240523718853
620 15.812800697526981
622 15.90475724765393
624 15.549808843193075
626 16.337767598164724
628 16.174065716657687
630 16.102566997245447
632 16.07917979525807
634 15.847682209355197
636 16.256237938737296
638 16.005756382944686
640 16.157604987307796
642 16.382240802420856
644 17.115521287393626
646 15.875229515520301
648 15.771536993141577
650 15.804200932482427
652 15.22614740868346
654 15.085368276420745
656 15.427770940306607
658 15.85375645144963
660 15.624034312348567
662 15.976425012015717
664 15.704995539247067
666 15.906239209844857
668 15.92330296743161
670 15.721819339431846
672 16.509228756024424
674 15.622953778321836
676 15.610878479192062
678 15.695854041569092
680 15.61258131972959
682 15.750879788875292
684 16.325463202598893
686 15.736276760227458
688 16.038531964919105
690 15.833964862723384
692 16.54101842768842
694 15.667687085321843
696 15.70131879459969
698 15.39387801658422
700 15.725763820615406
702 15.739672516030959
704 15.698977727762752
706 16.277508225827912
708 15.67760304912037
710 15.303238464296609
712 15.763760466818006
714 15.742398136580123
716 15.495469814295454
718 15.691167784803866
720 15.57091323242208
722 15.933314352708669
724 15.712095630137489
726 16.102795791219457
728 15.363832347931039
730 15.580848477805512
732 15.691383764688076
734 15.92525173535653
736 16.246433889054682
738 15.869922652850425
740 16.1257233688554
742 15.441394378278385
744 15.846838099339424
746 15.914268985684211
748 16.63905326460951
750 15.780507566852396
752 15.849376684408528
754 15.77833356076759
756 15.65902147376162
758 15.773326986211801
760 15.446272366403567
762 15.754063476702484
764 15.738402225198412
766 15.718406274781893
768 15.671708123566376
770 15.43293190553751
772 15.361472533889986
774 15.441253356268781
776 15.35040574919914
778 16.34182267089145
780 16.012165890545628
782 16.01816841713708
784 16.044110094727657
786 15.923673348783373
788 15.834684587719606
790 15.980813915928834
792 15.428236613749245
794 16.06906387099837
796 15.325412815533241
798 15.561177984331316
800 15.868391124032422
802 15.70246263548163
804 15.242160918056195
806 15.712455499724667
808 15.785713719548337
810 15.745394931859416
812 15.446056046573393
814 14.912395126806716
816 15.613456655377448
818 16.10749124988882
820 15.297145326072094
822 15.804831729371564
824 15.324617667630434
826 15.573993133087141
828 16.562732827081266
830 15.503988565857071
832 15.910765869390389
834 15.624705932781774
836 15.522453435287106
838 16.186081219687473
840 15.21191071637056
842 15.888706120124851
844 16.016636375459683
846 15.714829715070412
848 15.597263553158442
850 15.956955273688042
852 16.572597638652773
854 16.024691538878344
856 16.29531187636546
858 16.573742233680345
860 16.64217861750785
862 16.807553518569538
864 16.60876336369602
866 16.132181675585024
868 16.101162973232334
870 15.744924026458172
872 15.67535317853281
874 16.020171811330044
876 16.49707118892783
878 16.029371986201415
880 16.030081512570302
882 16.49182971711238
884 16.40241347516014
886 16.164491902185667
888 15.898016904565187
890 16.632556334450506
892 16.16352255981896
894 16.203170482889142
896 16.69653656676182
898 16.148303397052633
900 15.742381293300818
902 16.41905339819644
904 17.075424901102544
906 17.014678323033277
908 16.046408338593203
910 15.858456139679324
912 15.231262140308175
914 16.253176300056737
916 16.204531874117848
918 15.49268252565808
920 16.483323868855557
922 16.140183360636183
924 15.661838999763185
926 15.924805015245587
928 15.76360949684157
930 15.901562172401475
932 16.291389304363523
934 16.307447057555766
936 16.52464545359454
938 15.724123305588758
940 16.14052836795641
942 16.490979161386992
944 16.16899101058434
946 16.048979381399153
948 15.885597805151965
950 16.407541941320734
952 16.241503840383665
954 16.398556154288965
956 15.786435119913149
958 16.179565746767675
960 15.962067085963488
962 16.001160416104867
964 16.405045717333916
966 16.312787932798198
968 16.39597793589556
970 15.58481463413143
972 16.496530659803383
974 16.152772487511367
976 16.245559141165483
978 15.243260053242853
980 15.897615644452754
982 16.088448562886693
984 15.63193838799931
986 16.158069586700602
988 16.196363809040836
990 15.625220267004286
992 15.430703639801349
994 15.798437535446464
996 15.63969877787181
998 16.133735707543643
1000 15.167789122399478
1002 16.264262139525787
1004 15.859941899121003
1006 15.258273004325343
1008 15.602331112730694
1010 15.402576546376654
1012 15.99980903664164
1014 15.601928245900853
1016 15.863378542933155
1018 16.392909917205877
1020 15.577539714825114
1022 16.246309055551713
1024 15.954455472381051
1026 15.839327684932023
1028 15.716956316569739
1030 16.986905116250767
1032 16.092942204014523
1034 16.298241694815
1036 15.901715591103507
1038 15.914997571444948
1040 16.571906652160486
1042 15.865371791115665
1044 15.661178048403633
1046 15.856284446983448
1048 16.112320736145122
1050 15.965432104325792
1052 15.535447461008502
1054 15.532808841697811
1056 15.991089940430976
1058 15.808838664090818
1060 16.029626921602894
1062 15.872518420130076
1064 16.082561248611547
1066 15.25868344268484
1068 15.781731192385996
1070 15.55652411307091
1072 16.433050992902963
1074 15.776925522124774
1076 15.765029298591196
1078 15.688883375184304
1080 15.874510220303442
1082 15.679653069492833
1084 16.080939280660992
1086 16.1259273379057
1088 15.466830430734005
1090 15.509820152730716
1092 15.65068770894625
1094 16.190373261869624
1096 15.663019621419133
1098 16.068996662943736
1100 15.966732824795692
1102 16.115754037155636
1104 16.55486380919604
1106 16.03679425556016
1108 15.734556525923272
1110 16.107171762696336
1112 15.913109674202662
1114 15.816410118819768
1116 15.606758383823216
1118 16.07084269243684
1120 16.27560481809955
1122 15.741271459469969
1124 15.604289783963821
1126 15.735746884630357
1128 16.466235178826576
1130 16.057760424440325
1132 16.398945856225826
1134 16.738466459378284
1136 16.207542174552636
1138 16.206730673475015
1140 15.970863377616062
1142 15.791320464071735
1144 16.231528222792015
1146 16.474216953500093
1148 16.176320535376348
1150 16.11859136442671
1152 16.38720528702772
1154 15.845129858554298
1156 15.798999513846073
1158 16.170077279496894
1160 15.870140949049354
1162 16.293414656715164
1164 16.270520576727176
1166 15.625079832316858
1168 15.996643205426672
1170 15.231166606264672
1172 15.904486487746338
1174 16.308019114595968
1176 16.283960585156777
1178 15.91785997844545
1180 16.031108277314182
1182 16.217579086391435
1184 15.913802310078593
1186 16.266531290606512
1188 15.973544537693815
1190 16.136700740392783
1192 16.422634984793365
1194 16.279478239092242
1196 16.09563831534416
1198 16.157947584821233
1200 15.649893910110315
1202 16.22334871486716
1204 15.966795976206134
1206 15.679771921098693
1208 15.484894624820587
1210 15.590927889007299
1212 15.628766086563292
1214 16.188490297972322
1216 15.932263809535035
1218 16.221154930305055
1220 15.897915844099254
1222 15.805571231434643
1224 16.144757370578002
1226 15.87405874981725
1228 16.75255561504213
1230 15.422732613922603
1232 16.25059047267083
1234 16.20406397125673
1236 16.501360715118086
1238 16.063685338797526
1240 16.417520970356644
1242 16.87531553090658
1244 16.55253782884796
1246 15.695876116648966
1248 16.070647592178524
1250 15.62852752124548
1252 15.902889265203662
1254 16.347266352317867
1256 15.980128803330958
1258 15.655731722101452
1260 15.637307221200015
1262 15.731899198139795
1264 16.219918225480527
1266 16.56997809823639
1268 16.22750707597859
1270 15.457634194829405
1272 16.006565938493605
1274 15.678218960525836
1276 16.062695219357714
1278 16.317953644156763
1280 16.71675859809019
1282 16.030342749291258
1284 15.79369274114398
1286 15.739850730915778
1288 16.307419871675943
1290 15.389546869363711
1292 15.537321487005539
1294 15.9005523075225
1296 16.441974544519503
1298 16.235814555288766
1300 16.06944223818731
1302 15.630995665289506
1304 15.708762836471905
1306 16.063301461568805
1308 15.786004866721427
1310 15.822336642115713
1312 15.224243921610242
1314 16.054481089762398
1316 15.689909117458983
1318 15.928897430904081
1320 16.251842351428532
1322 16.340755846715126
1324 16.046884451829968
1326 16.43166581721006
1328 15.569647199864978
1330 15.484569000071616
1332 16.064448668312988
1334 16.2621294272777
1336 15.973060466773603
1338 15.487852131312179
1340 16.057107208549628
1342 15.823317140216623
1344 16.162006842386667
1346 16.10393101457981
1348 16.49264365949797
1350 15.766668383695073
1352 16.248370679098667
1354 15.421373422815064
1356 15.368334049238268
1358 15.492924855988017
1360 15.931896431036225
1362 15.978662560443743
1364 16.07522424900638
1366 15.581505889005838
1368 16.10898920791779
1370 16.17574197256636
1372 15.83740397228443
1374 15.908468823941101
1376 16.389623694021033
1378 16.275222557790507
1380 16.287776407565353
1382 15.946786310542558
1384 16.22082037021215
1386 16.54526847098228
1388 15.94281566702777
1390 15.556045305033626
1392 16.029129265492195
1394 15.572834207645135
1396 15.671701551804373
1398 15.973841574921046
1400 15.780627307487274
1402 15.593660357960577
1404 15.348491585540891
1406 15.250289070367812
1408 15.659907715431443
1410 15.617019357218979
1412 15.263886584983146
1414 16.293247519006783
1416 15.543727384140169
1418 15.61792190345934
1420 15.855456469415621
1422 15.851748526317543
1424 15.618200275714075
1426 15.580806417494848
1428 15.501589099767191
1430 16.24457271635129
1432 16.191657911758615
1434 15.99088324917406
1436 15.779458366936563
1438 15.534904530863306
1440 15.457845704375782
1442 16.029815236036477
1444 16.034007458088123
1446 16.47799465645055
1448 15.807178871119167
1450 16.371938874968627
1452 16.20771323696367
1454 15.673021339832777
1456 16.31433606933159
1458 15.85667624070732
1460 16.159875405088247
1462 16.132361792665005
1464 15.590680929390711
1466 15.82704936883835
1468 15.78100624077132
1470 16.120777100227908
1472 15.908534589088706
1474 16.733899906635088
1476 16.730722192841842
1478 15.980312988885409
1480 16.22626865819412
1482 15.875934203722748
1484 16.042900832469705
1486 15.889161498295017
1488 15.450882970177457
1490 16.41609127492383
1492 15.479723834749517
1494 16.0191186711574
1496 16.239671701581432
1498 16.73713065291408
1500 16.364231941529354
1502 16.106671755225694
1504 16.2352685735202
1506 16.19653795204785
1508 15.91004756937244
1510 15.892925591860449
1512 15.986061291109495
1514 15.828727456259294
1516 15.898711077191946
1518 16.18209179044675
1520 16.391089715397086
1522 15.833774383207166
1524 16.661514347122555
1526 16.31850316943767
1528 16.767488419972736
1530 15.921643533841367
1532 16.37848747498961
1534 15.751250207890795
1536 15.735805527270974
1538 15.793886417504318
1540 15.669470523149654
1542 16.286330380325133
1544 15.945601463422792
1546 15.69011283021959
1548 16.13508788168575
1550 15.37506328747318
1552 15.266984909363643
1554 15.667098095433857
1556 15.351523766653807
1558 16.02399980348746
1560 14.97889641316685
1562 15.69956082277806
1564 15.913202139851396
1566 15.562856012965657
1568 15.917377019101394
1570 15.384117481113048
1572 15.628255966228949
1574 15.429391832018094
1576 15.37060514113936
1578 15.737638848889866
1580 16.280409384227678
1582 15.401534650954453
1584 15.48524113547298
1586 16.27647363247712
1588 15.768604037296427
1590 15.959532941902346
1592 15.745039866629265
1594 15.625829746525763
1596 16.095370740789157
1598 16.06965091784422
1600 16.025266908041168
1602 16.323489325503516
1604 15.903674017454597
1606 15.964871495152323
1608 15.778927464076514
1610 15.470744271899248
1612 15.745379647183205
1614 16.03728976785661
1616 15.547707884020012
1618 15.967706526458166
1620 15.77828909491547
1622 15.544726016679718
1624 16.083427247297873
1626 16.49168211066215
1628 15.922155867056988
1630 15.973235264787316
1632 15.691367681448092
1634 15.466703338209019
1636 15.94586577616897
1638 16.247977959007404
1640 16.011771459797277
1642 16.21156160696493
1644 16.575067452456704
1646 15.16514346715674
1648 16.121591091723925
1650 16.28628622436876
1652 15.592019262005987
1654 15.830004790277497
1656 15.543109739562068
1658 15.713351093899108
1660 16.361917089234936
1662 15.848151139788964
1664 16.41929422309372
1666 15.728097116817205
1668 15.622809975623703
1670 15.695185058708912
1672 15.775955079974253
1674 15.813832585356165
1676 16.115262729683316
1678 16.071074299445225
1680 16.197681691381167
1682 15.836115886660448
1684 16.193645027861027
1686 15.668263989016577
1688 15.37530110025394
1690 16.12568917419702
1692 15.256374327383263
1694 15.870232187843365
1696 15.860645965083883
1698 15.820704512892128
1700 16.70234406902355
1702 16.059884346134524
1704 15.605525916079737
1706 15.93284779373939
1708 15.945707428661018
1710 16.3532365343289
1712 16.440528477623182
1714 15.9959108206508
1716 15.922632800220061
1718 15.77376911915331
1720 15.538839731192068
1722 15.981706184139393
1724 15.987878301730957
1726 15.688893013121211
1728 15.770334062733669
1730 15.734508006087284
1732 16.0837740476539
1734 15.930818161487464
1736 16.68422443721953
1738 16.459387136664834
1740 15.943900313165715
1742 16.007188899938246
1744 15.817448506003512
1746 15.45200653774543
1748 15.81370457465184
1750 15.853087330017576
1752 16.17308790836158
1754 15.928105394018901
1756 15.706231569656218
1758 15.610324536117963
1760 15.64348885143228
1762 15.736359749449063
1764 15.882746048653049
1766 15.339360536584042
1768 15.639179905223937
1770 15.374425718922556
1772 15.924453241326098
1774 15.71229985779773
1776 15.86599948585297
1778 16.05761957011602
1780 15.391773698210475
1782 15.707389193066307
1784 15.99554012778298
1786 15.962474634017939
1788 16.135325342663567
1790 15.638117983824289
1792 15.873455633927907
1794 15.945786805094496
1796 15.54890794772135
1798 15.7470375653248
1800 15.609801606138822
1802 16.01399904799577
1804 16.28646939716577
1806 16.032319331495067
1808 16.435107498401972
1810 16.083857422470164
1812 16.13164736107441
1814 16.26576127258269
1816 16.02581399006991
1818 16.25931840864027
1820 16.526660121248327
1822 15.934984222778152
1824 16.062115308809805
1826 15.928716318023275
1828 15.6886130114399
1830 16.40962152020363
1832 15.704549431858187
1834 15.899072359483483
1836 15.913346600784388
1838 16.21982021321555
1840 15.404588185881005
1842 16.098756913433395
1844 16.498270816707493
1846 15.812231332831043
1848 15.741254153474245
1850 16.220431974142464
1852 15.994881842827768
1854 16.010385264444704
1856 15.590987800202301
1858 16.216143317745566
1860 15.862117794690409
1862 15.711715732373863
1864 16.21534223724409
1866 15.962361765339063
1868 16.14781531273133
1870 15.625770237074759
1872 16.460895132984483
1874 15.883334738210158
1876 15.97306424185711
1878 16.197983912726084
1880 16.038593601587365
1882 15.691107958058828
1884 15.713606738464156
1886 15.884863845103972
1888 15.491377683272125
1890 15.260558000915013
1892 15.83312283200492
1894 15.948189663025682
1896 16.357435973035464
1898 15.606778655718486
1900 16.200057500294538
1902 15.62264826227875
1904 16.006142644687746
1906 16.21564124058955
1908 16.3608260571549
1910 15.653013791187048
1912 15.915105013871408
1914 15.0621939369363
1916 15.586316238938762
1918 15.367205384937865
1920 15.293402005757098
1922 15.382923467058188
1924 15.617431473794609
1926 16.101820735170204
1928 15.382832564899942
1930 15.636527719060469
1932 16.377849065387686
1934 15.755355873557047
1936 16.007279001833165
1938 15.706553543042537
1940 16.38688819378001
1942 15.928410504695682
1944 16.128802249000454
1946 15.78742585047451
1948 15.63718537490121
1950 15.495286647319185
1952 15.992653258476354
1954 16.11182047886324
1956 15.855813904958557
1958 15.975524021875662
1960 16.19027743765743
1962 15.637884666828837
1964 16.219473594845937
1966 16.17125552708631
1968 16.085940010700725
1970 16.82265163843903
1972 15.503956648515471
1974 16.08132697518379
1976 15.608910181784644
1978 15.990474541871103
1980 15.86565812730817
1982 16.48073065276955
1984 15.718342270357661
1986 15.120411527373193
1988 15.923170132365176
1990 16.089107124398367
1992 16.241336223145183
1994 16.32191597817993
1996 15.665902994663336
1998 15.498724259970412
2000 15.88706674993868
2002 15.684763226363094
2004 16.12819849727951
2006 15.781556678065806
2008 16.220717573936366
2010 16.06687821950006
2012 15.924828730024327
2014 15.819466048344713
2016 15.999371619855681
2018 16.051006137579748
2020 16.28156358956847
2022 15.862969299830496
2024 15.869587759663947
2026 15.922371316597129
2028 16.401483684511764
2030 15.742468220592944
2032 15.984867087522378
2034 15.93248544771182
2036 16.142721533127503
2038 16.102480619596925
2040 15.909159814508364
2042 15.733234396697119
2044 15.920248054605388
2046 15.59957216722814
2048 16.152428536660327
2050 16.061160452074372
2052 16.10522198907809
2054 16.189957568919873
2056 15.519934039223983
2058 15.885148179106702
2060 16.094972092366582
2062 16.261741935449347
2064 16.03071689042813
2066 16.32368603985516
2068 16.122413179741088
2070 15.926072394323658
2072 16.074450849442982
2074 15.150747823359074
2076 15.620217873279206
2078 15.841218824601544
