0 10.922048156153403
2 14.103792082659101
4 14.746011720385376
6 15.025966598221276
8 14.786397523237026
10 15.27973560723969
12 15.989552256583002
14 15.948677771793752
16 15.16813686328587
18 15.013640232462324
20 15.481314856309938
22 15.51308410912338
24 15.384493520867615
26 15.601982645472876
28 15.708035777923897
30 15.193530895114908
32 14.941899582544602
34 15.038376468527396
36 14.685638065162188
38 15.563573250283532
40 15.225793288237753
42 15.173429072459893
44 15.243287490343272
46 15.276031126891276
48 16.221468772757344
50 15.440588002055332
52 15.866740596203766
54 15.259952042131149
56 15.776122649229672
58 15.39125215340659
60 15.634535529422934
62 15.081255737557406
64 15.24214546200772
66 15.785003453509537
68 15.55125622999313
70 15.75183860505634
72 15.458479265874896
74 15.897992762130519
76 16.03925455392511
78 15.882474677838543
80 15.16354112862003
82 14.780883733323531
84 15.271432134578294
86 15.53914039895498
88 14.858237030890496
90 14.63421545305041
92 15.435768507005474
94 14.552396572672537
96 15.772648332825295
98 15.531387185993964
100 15.254358318967055
102 15.400885121659567
104 15.030848945407191
106 15.282736275222106
108 15.203542308034201
110 15.071432623861222
112 15.69400788738608
114 15.83806239443952
116 15.513065693614895
118 15.184803467736884
120 15.263624672035341
122 15.40903134994481
124 15.427397633684524
126 15.086874896234765
128 15.323539773745198
130 15.473462458090644
132 15.338380473364623
134 14.886084681706647
136 15.45038577174088
138 15.462373174445583
140 14.583973239755313
142 15.053799524198944
144 14.58079051968663
146 15.26863984811067
148 15.183905592374325
150 16.073618552548947
152 15.494854390192035
154 16.004263359072386
156 14.75777720515929
158 14.981069248069558
160 14.561589576603959
162 15.006441405436787
164 15.208852546745117
166 14.893978121696174
168 15.448600634563558
170 15.513738007186074
172 15.066403457797595
174 14.68072850948124
176 14.300431648845255
178 14.997133614886133
180 14.392672205259549
182 15.191265205496071
184 15.51389271823655
186 15.161450441572311
188 15.405390408084326
190 15.119138980551574
192 14.818940157864631
194 15.436363374624037
196 15.175298169797594
198 15.068527348182666
200 14.429268615334534
202 15.55115890727836
204 15.18035932857078
206 15.373627278107364
208 15.56422053918797
210 15.137289189655254
212 15.513170777310885
214 15.390330744927045
216 15.244383789502857
218 14.678371718947067
220 15.161171883253994
222 15.33732047560786
224 15.82269951089514
226 15.057577142443641
228 15.238990747870698
230 14.735169111357264
232 15.357977395804488
234 14.804646161512448
236 14.805695849981483
238 14.772922969542467
240 15.140662796250334
242 15.024396588238552
244 15.163767435789506
246 15.02338870450121
248 15.296210904333199
250 15.412705253973344
252 15.100575100690959
254 15.069331543901976
256 14.948973302793936
258 15.435552677980192
260 15.359309325189665
262 15.126257068596876
264 15.035363471028136
266 15.26659279194261
268 14.904153208260215
270 15.095864147970744
272 14.882974982299679
274 15.170777065265742
276 15.660764643685948
278 15.47394928267187
280 15.242289889657112
282 14.97123796439576
284 15.475162349707567
286 15.351241747802717
288 15.699311704091551
290 15.018796074133784
292 15.46631184502073
294 16.074258507887482
296 15.226564682010746
298 15.544456586201782
300 15.59160752011157
302 15.371621576867359
304 15.716815965762821
306 15.060243187065323
308 15.534236751260366
310 15.203177596585926
312 15.158149997294426
314 14.861933230185699
316 15.319457860772163
318 15.26188359706134
320 15.381573423706495
322 15.239110746498305
324 15.241213176029092
326 15.416360777252063
328 15.423164414066298
330 15.806887298256488
332 15.608335812389239
334 15.481087829654745
336 15.357468542671123
338 15.415180770898504
340 15.645650567404251
342 14.581063761059836
344 15.173197099000031
346 15.837133399821962
348 15.627655793637526
350 15.334490180212425
352 15.374710303383331
354 14.991419746498078
356 15.932205361528414
358 15.70067340723783
360 15.132704835544438
362 15.004219359977894
364 15.1237619588306
366 15.275652423521054
368 15.652806303802542
370 15.255888036279728
372 15.22758512952735
374 14.910834439401926
376 15.422037519724478
378 15.597031151191516
380 15.414520596534517
382 15.282609562358244
384 15.050657712234079
386 15.187417982997815
388 15.497292450921034
390 15.2917123655774
392 15.58915208821886
394 15.468543546800632
396 14.985163525469483
398 15.670572516056135
400 14.592168780191152
402 15.013931314633128
404 15.271065390642695
406 15.339606870268412
408 15.261271577305855
410 15.241322550420627
412 15.55261359424402
414 15.776489448276552
416 15.749967801307367
418 14.986585886819658
420 15.738435383145216
422 15.161319452406222
424 15.287486196770432
426 15.173033574054264
428 15.497782921706674
430 15.20048283442852
432 14.987412928491565
434 15.913100058344352
436 15.16415532075138
438 15.23524089907197
440 15.376962888191155
442 15.449633431145918
444 15.903821761602087
446 15.72088684570236
448 16.19739144862628
450 16.098061779809456
452 15.751188286804819
454 16.015820309404667
456 15.70237594800976
458 15.643037536955434
460 15.577808617180454
462 15.449762451721112
464 16.25727010372915
466 16.29038432905282
468 15.569247975991411
470 16.012836373077253
472 15.71215760953656
474 15.40202599295135
476 15.189904014985418
478 15.25331333714909
480 15.814305661519544
482 15.977266409655376
484 15.862104400106798
486 15.785270580625838
488 15.862333395946779
490 15.621591465330523
492 15.432844933277579
494 15.78214278028535
496 16.064542824409962
498 15.212785658704272
500 15.214039811079449
502 15.561934856551993
504 15.695617663628399
506 15.90236722931886
508 16.253806319728664
510 15.908727797325634
512 15.99541648291689
514 16.3480367061116
516 15.700293107718307
518 15.514131322676553
520 15.380722753565141
522 15.737793745746298
524 16.056666760982875
526 15.905493711109635
528 15.624541588395465
530 15.337815090186556
532 15.460656714465237
534 15.80933720858952
536 15.882922792672568
538 15.08462966398815
540 15.66423162140086
542 14.955199419769514
544 15.432215461624386
546 15.641776041133259
548 15.48021643435709
550 16.077192177718743
552 15.766832052986302
554 15.344608859505117
556 16.372314540431258
558 15.8995652723086
560 15.389661604129762
562 15.298653997518155
564 15.76898155373563
566 15.5965518714754
568 15.690539824497794
570 16.793955960748395
572 15.641998065824664
574 16.12940226101226
576 15.808156328117638
578 16.13514913465998
580 16.151984400478803
582 15.93619808101815
584 15.687172647001626
586 15.741442570387106
588 15.681979932343049
590 15.44813307421101
592 15.547879674866213
594 15.233647304543242
596 15.585087227943841
598 15.959402226701071
600 15.509752923904394
602 15.7004025384122
604 15.405407995104499
606 16.138630407527202
608 16.382810160350537
610 15.8938448424468
612 15.904045721145815
614 16.13755577232849
616 16.683336837134885
618 16.29439416621304
620 15.782939547941794
622 16.139318284926265
624 16.00364164204291
626 15.676236063480074
628 16.128941376506205
630 15.552917101267381
632 15.737761190685838
634 16.218599155204444
636 15.107863428827411
638 15.31346641302411
640 15.07374619121179
642 15.315987992608129
644 14.933736456902821
646 15.067648875830097
648 15.815918270521628
650 15.680930283259377
652 16.310452773349596
654 15.021478134758192
656 15.292734203585455
658 15.617732852616388
660 15.725179539952046
662 15.705281190005403
664 15.571933868401336
666 15.475995682494755
668 15.163710315575269
670 15.494415560912417
672 15.387108564617854
674 15.50429884884408
676 14.671869822450583
678 15.434662716676277
680 15.515317507614558
682 15.433582565922059
684 15.149454686188479
686 14.500574399108523
688 15.141740548430269
690 15.645494215644439
692 14.936109821883523
694 15.591088930950043
696 15.32529851536351
698 15.099411016235509
700 15.854256757424297
702 15.515557073195001
704 15.375182937253452
706 15.330280587361495
708 15.193134805192308
710 15.339856641318498
712 15.710714287403892
714 15.682803087560085
716 15.292941808328566
718 15.513702700067096
720 15.188077004456293
722 15.577184327597152
724 15.387645152123191
726 15.287516672819601
728 15.550860392916311
730 15.126595304032618
732 14.857907042739969
734 15.840263870817312
736 15.084057351040583
738 15.312308479153376
740 15.173611016597048
742 15.177628782931622
744 15.13309263946056
746 15.71147153745944
748 15.098036772776846
750 15.147305349491212
752 15.615787490205314
754 15.553634989975869
756 16.199326817973684
758 15.8451140758219
760 15.83384520125937
762 15.380827650563507
764 15.55227534504952
766 15.660616354087306
768 15.243597279115944
770 15.542512649406898
772 15.474220902608566
774 15.249818118152989
776 15.660155771780138
778 15.532403086125692
780 15.850053900884616
782 14.782818016478538
784 15.610960661259833
786 15.389979204015633
788 15.637178814780277
790 14.99787678088591
792 15.677173573657814
794 15.20780817234239
796 14.961476310467823
798 15.972637544700609
800 15.959864869084557
802 15.690574425612672
804 15.98581740116633
806 15.506620563648038
808 15.181378985711078
810 15.384533012082077
812 15.444164551541304
814 15.65627431814453
816 15.230681446684573
818 15.583546112948214
820 15.975213979802701
822 15.626319699543382
824 15.670128760284628
826 15.32288220815716
828 15.56979855249813
830 15.532388236793514
832 16.108449233638247
834 15.553289252551243
836 15.552051295557161
838 15.386451449704861
840 15.237266001131262
842 15.091545859828361
844 15.1677835865899
846 15.589007345900175
848 14.68722581422205
850 15.877569366002009
852 14.532166058576724
854 14.826754651759014
856 14.879420988038913
858 16.252921113464673
860 15.569296690945466
862 15.637073809164542
864 14.962309111410047
866 15.108014356314172
868 15.180980354588364
870 15.845613279359256
872 16.245176782701524
874 15.817367990063206
876 15.934988758576075
878 16.017134181943632
880 16.04218478251976
882 15.800380800900275
884 16.184923521656366
886 15.954103516032353
888 16.79868021494986
890 16.278187159988416
892 16.21196658292865
894 15.975799860699373
896 15.919267787293435
898 16.087507404272117
900 16.244030202259825
902 15.570286893954018
904 16.228542463534733
906 15.396580321081457
908 16.29775542343341
910 16.464016617533055
912 16.370199475249475
914 15.27219320739174
916 15.55923399562397
918 16.29609575677824
920 16.516332648593888
922 15.686534106186027
924 15.778032631888678
926 15.387436235535967
928 16.364535204997406
930 16.110365160753634
932 15.985552495121885
934 16.28428760951052
936 16.363754117810277
938 16.420410140349638
940 15.964387639527473
942 16.050991785323376
944 16.702749056480073
946 16.259430076305694
948 16.512800089351607
950 16.02897224372833
952 16.284318828354703
954 15.776278641474617
956 16.231333177194433
958 16.982958900185398
960 16.475526080381535
962 15.826421213945432
964 16.00947492321121
966 16.73345260974855
968 15.770230135502572
970 16.23758673885737
972 16.412638971771162
974 16.38892799358194
976 16.48588463411258
978 16.287630931360848
980 16.024043887462863
982 15.547997960391163
984 16.325261574582065
986 16.685305103673198
988 17.227776995525446
990 16.286234208897266
992 16.94232952399822
994 16.955648799758528
996 16.784398410030153
998 16.770504857599388
1000 16.72145571162301
1002 15.601089786514342
1004 16.137223227825228
1006 16.555129359556354
1008 17.122162481261885
1010 16.613280457363665
1012 17.029609430374425
1014 16.83461677969698
1016 15.866065781144172
1018 15.953550837355058
1020 16.405639731770023
1022 16.387703598982053
1024 16.63985790100432
1026 16.857997134382757
1028 16.633262826918106
1030 16.330995892574883
1032 15.82780383435515
1034 16.68915047981682
1036 16.512879101683783
1038 16.54459562101056
1040 15.986914348791622
1042 16.618113555164616
1044 16.07635945629257
1046 16.2658434130696
1048 16.579060197249742
1050 16.270770157286474
1052 16.59865653592595
1054 16.601497009800315
1056 16.00545319516174
1058 16.255396482995632
1060 16.81522717193637
1062 16.601530679383004
1064 16.619132183573225
1066 15.92123836167569
1068 16.965687418581307
1070 16.181358633821016
1072 16.1359111875444
1074 16.593692267221936
1076 16.53185682111021
1078 16.37253095911951
1080 16.5387613921801
1082 15.766026133868218
1084 16.664562323657783
1086 15.884993620990858
1088 16.30274743039892
1090 16.195280733660116
1092 15.78511244464977
1094 16.691022971446195
1096 16.746135150550227
1098 17.13590735307013
1100 17.34541760440987
1102 16.996219954715816
1104 16.11321051992079
1106 16.359900370437888
1108 16.623847520300178
1110 16.420080008829853
1112 16.814264822098025
1114 16.07120534748232
1116 16.64615740010191
1118 16.899820394972885
1120 16.363350318399362
1122 16.52392699888191
1124 16.13416806767173
1126 15.932803683832729
1128 16.02502399013157
1130 16.10257442841571
1132 16.108409297180764
1134 16.437976249080016
1136 16.19478971923863
1138 16.01033022939125
1140 17.222883938484706
1142 16.369277173620436
1144 16.776866745076234
1146 16.413919097422923
1148 16.25083701326321
1150 16.036985181174966
1152 16.081977944071326
1154 16.447182389985468
1156 16.518096696145463
1158 16.079707327310107
1160 16.279082168652167
1162 16.316145059408893
1164 16.050217322286347
1166 16.99358909521411
1168 16.512314199623464
1170 16.568084397402938
1172 16.814113124360368
1174 16.829218847198494
1176 16.365078153165776
1178 16.2737939793862
1180 16.12609472422543
1182 16.89761320444199
1184 16.301169382661175
1186 16.337055740959425
1188 17.787820074574412
1190 16.839809360831076
1192 16.224897306004305
1194 16.445556799702267
1196 16.89418829601555
1198 16.32639753160213
1200 16.436837215208783
1202 16.183971989757186
1204 16.046702570847266
1206 17.166461034479564
1208 16.850221095416057
1210 16.529442965615186
1212 17.450900578998386
1214 17.11358675721988
1216 16.36733997691535
1218 16.73566751398682
1220 16.971755792067057
1222 16.153712601839214
1224 16.023990677921407
1226 17.45017074038033
1228 16.64074834644763
1230 16.90720955680095
1232 17.412229777172968
1234 16.279950694356256
1236 16.027645491691995
1238 16.973052174074045
1240 16.206418097060705
1242 16.123772183300996
1244 17.03220681640716
1246 16.644015770665163
1248 16.64388536758764
1250 17.41756581026445
1252 17.401846352496577
1254 16.53725388947459
1256 17.035943092461117
1258 16.791238503414437
1260 16.938139554563204
1262 16.610058695616623
1264 17.196993541111972
1266 17.582640121165173
1268 16.97552182387234
1270 16.661162099070264
1272 17.02862515556668
1274 16.98290200047677
1276 16.781324717594426
1278 16.507541038168217
1280 16.919260716802885
1282 16.78359841957151
1284 16.84616846169061
1286 17.47907156532661
1288 16.966257860417485
1290 16.55000042116221
1292 16.930156003414073
1294 17.268604117805882
1296 16.975681903792843
1298 16.54578757972401
1300 16.41909178681352
1302 17.03571817947245
1304 16.421357144435582
1306 16.69871315389585
1308 16.978465771058186
1310 16.968438733589505
1312 16.69676584726421
1314 16.820173396649036
1316 17.17502958257094
1318 16.66683514718103
1320 16.325644882670243
1322 17.464590490714357
1324 17.02967501605332
1326 16.947105417843677
1328 16.828423008150246
1330 17.464321033684435
1332 16.806880222185207
1334 17.15343861193529
1336 16.790794460639017
1338 16.5125932487039
1340 16.57840537986182
1342 16.953734378628926
1344 16.871484520431068
1346 16.653871923268447
1348 17.36493743753667
1350 16.69383768491942
1352 16.553099401396075
1354 16.96714054094024
1356 17.079052147395263
1358 17.245858838472394
1360 17.876910356700048
1362 17.42663231186489
1364 17.66205995601
1366 17.683561372536733
1368 17.83162301079894
1370 16.062466272461812
1372 17.151581857136545
1374 17.06941648213483
1376 17.149833016255034
1378 17.078047113557897
1380 17.505176534191918
1382 17.12089093662082
1384 17.45115319686392
1386 16.64640444531864
1388 17.40970461205391
1390 17.056582096725066
1392 17.567468686080876
1394 17.614187854385868
1396 17.067031067615975
1398 17.245469216646537
1400 17.159286470496767
1402 17.504584813058734
1404 17.627562112489276
1406 17.354957401946763
1408 16.636684131271146
1410 16.990658656797933
1412 16.627024196851
1414 16.49566599093204
1416 16.484183204415974
1418 17.31546633615451
1420 17.1325770899129
1422 16.647404621548606
1424 17.209432012571817
1426 16.899901550009886
1428 17.093529995478846
1430 16.448353686662486
1432 16.5158519695835
1434 17.444999555139177
1436 16.272637217968892
1438 17.01637769620937
1440 16.595622303263603
1442 16.4720392873407
1444 16.289476542251354
1446 17.170279474224195
1448 17.05122871531749
1450 16.612512270589168
1452 16.223473464700287
1454 16.740476909667915
1456 16.832504710758975
1458 16.563296374759986
1460 16.918966723336673
1462 16.39382956489352
1464 16.75495447365289
1466 16.613629312426742
1468 16.61903051971047
1470 16.467752524050287
1472 16.508283386638354
1474 17.453787882148134
1476 17.32356089101388
1478 17.054725869607314
1480 17.383771495492855
1482 16.613786282334722
1484 17.086343241854205
1486 16.147553487837772
1488 16.76815142093201
1490 16.28743552145496
1492 17.307211976553877
1494 17.203894431377286
1496 17.092016188529207
1498 16.72549381712284
1500 16.48877415141508
1502 17.496878195500432
1504 17.259547116735888
1506 16.623973488231936
1508 16.446140397994256
1510 16.685642735560357
1512 16.33686674840235
1514 17.326567406855943
1516 16.72632916917857
1518 16.52987761039991
1520 16.462370980908712
1522 17.067844578647083
1524 17.24996851803899
1526 15.855007063794837
1528 17.714111910189725
1530 16.602662166705823
1532 17.510696556754212
1534 16.567495230656057
1536 16.958061000541548
1538 16.78809398763392
1540 16.634617684194904
1542 16.749955257709473
1544 17.330365921798684
1546 17.421396975471954
1548 16.96333038200171
1550 16.87219938312704
1552 17.848532318900144
1554 16.510708383190135
1556 16.915615442026176
1558 16.581139672735468
1560 18.201021104779965
1562 16.757426156130887
1564 17.238153626950567
1566 17.433488099053044
1568 16.533594580608856
1570 16.10063960635351
1572 15.80887889190491
1574 16.507785383616092
1576 16.558460351072284
1578 16.582192634671873
1580 17.335898818049962
1582 16.637028369024943
1584 15.971587601249054
1586 16.91264996014405
1588 16.304621022116223
1590 16.58173866165658
1592 16.903630630108402
1594 16.16798053009267
1596 17.230631685640564
1598 15.862538035102002
1600 16.23372500240401
1602 16.539079031348415
1604 15.91515946740258
1606 16.734693589586822
1608 17.24961300411073
1610 17.24516148846622
1612 17.214024339828757
1614 16.86433212301461
1616 16.71699683619792
1618 17.360593631105516
1620 17.21606236752271
1622 17.146736551640938
1624 17.635441781013856
1626 17.84030121502007
1628 16.73402865373853
1630 17.090302330455
1632 17.313181512460655
1634 16.926447042931
1636 16.385152586069136
1638 16.41613362410037
1640 17.137680648333085
1642 16.694290887125984
1644 16.120992925844654
1646 17.751173630806527
1648 16.670458787675255
1650 16.422527126016107
1652 16.390204461472006
1654 16.93599713895404
1656 15.921393165206636
1658 16.347160321779754
1660 17.14741664921442
1662 16.476433754017158
1664 15.97660804165271
1666 16.269735153287257
1668 16.52486576680313
1670 17.261412149173434
1672 17.230681213268806
1674 17.447670679840634
1676 17.35070203213017
1678 17.16286284461291
1680 16.82963835266093
1682 16.86395480869125
1684 16.875388513505154
1686 17.081873965950326
1688 16.903737342707807
1690 16.659312792981673
1692 17.166693429416508
1694 16.42416838711484
1696 16.66526045034152
1698 17.030356212212794
1700 16.1355981943459
1702 16.857173251919
1704 16.96917018608683
1706 16.935750355751654
1708 17.069797328827924
1710 17.309837313218342
1712 16.31327349848568
1714 17.17513878965448
1716 16.536498795309495
1718 17.082227637757303
1720 16.726888351968633
1722 16.565443298690987
1724 16.682296227130063
1726 16.767526904588475
1728 17.23149992327503
1730 16.61871159413231
1732 16.344548244731033
1734 16.59031060092004
1736 17.08305174783198
1738 16.652676826550596
1740 17.174954476598117
1742 17.336832102172796
1744 15.994536935460074
1746 17.007034023082394
1748 16.84979305966628
1750 16.173188991379796
1752 16.32909441687254
1754 16.444510722365568
1756 16.519302124543085
1758 17.569134003736075
1760 17.45660187713427
1762 16.565600390276966
1764 16.87709146399921
1766 17.341883414830924
1768 16.844961446173933
1770 16.572278215415697
1772 17.25437422920819
1774 16.208196560828405
1776 16.36356429467313
1778 16.92377052500423
1780 17.3958361778603
1782 16.819843553321487
1784 16.43514141694091
1786 16.87371136048438
1788 16.997141817978623
1790 16.220012120102886
1792 17.03218345582194
1794 15.791608367238222
1796 16.7282387872978
1798 16.61348834278589
1800 17.82484955977551
1802 16.998027716547593
1804 17.04497216032087
1806 16.21559732293182
1808 16.85701888783786
1810 17.01693445823137
1812 17.135189189774547
1814 15.975981210396174
1816 16.515833348344618
1818 16.72331030642572
1820 16.826192305560642
1822 17.763128927590092
1824 17.57971429551815
1826 17.27582407525878
1828 16.564645415297854
1830 17.44501491940776
1832 16.42457778903888
1834 16.729267473983573
1836 17.166078629243746
1838 17.31037066736599
1840 16.531625565243186
1842 16.420368647834152
1844 16.997333213685366
1846 17.95533527890961
1848 17.10034578886164
1850 16.83902048900484
1852 16.578285808601677
1854 16.910386027437276
1856 17.26842784164566
1858 16.14945527264179
1860 16.656817056923167
1862 16.245226139973305
1864 16.596593399351722
1866 16.926487884082164
1868 17.309020784694837
1870 16.294290722711988
1872 16.147261660634634
1874 16.76783339497253
1876 16.307081941343505
1878 16.535025929494378
1880 16.722384743990425
1882 16.132391552280318
1884 16.49143207557099
1886 16.229958743115905
1888 17.28975480055409
1890 16.52267907132194
1892 16.237011186466358
1894 16.80265291938808
1896 17.529315131084623
1898 17.018519442361807
1900 17.648213060043542
1902 16.928515588044764
1904 16.76298989405161
1906 16.10171286604609
1908 16.536578213540615
1910 16.85366973325976
1912 16.74858542938993
1914 17.3552763226473
1916 17.18095125151679
1918 16.72077999869199
1920 17.022372990109943
1922 17.79437482901449
1924 17.259493450809376
1926 17.00191884599701
1928 17.28294120976966
1930 17.0636915442197
1932 17.210462254066282
1934 17.3492459734157
1936 17.157600952191068
1938 17.682730733995257
1940 17.62026601844055
1942 17.1263580779954
1944 16.412039586533748
1946 16.611658723930613
1948 17.697327136282965
1950 17.22545461750856
1952 17.285451784550638
1954 17.11191453684304
1956 17.05666852293015
1958 17.208069466942277
1960 17.625074317634827
1962 17.757303496302285
1964 16.38802654365045
1966 16.83939439803723
1968 17.192071918208292
1970 16.75296734006445
1972 17.327294053779887
1974 17.235842358774043
1976 17.390178370037617
1978 17.413536601456425
1980 18.017167197213876
1982 16.97804332409727
1984 17.77306047831748
1986 17.71730013840541
1988 17.81339755311358
1990 17.21313259929086
1992 17.38712369045132
1994 17.60605633397444
1996 17.32974778614403
1998 17.21081079695707
2000 17.745523532725848
2002 17.130675478933867
2004 17.35098557650533
2006 17.03005847394526
2008 17.044424753014745
2010 16.411824368472423
2012 16.796931768436824
2014 17.09865688488386
2016 17.33931873941455
2018 17.57088965537185
2020 16.891471686110723
2022 16.980377947553574
2024 17.22781305852806
2026 17.05981681483936
2028 15.917002119806972
2030 16.931357000486805
2032 16.728857178177638
2034 16.184695826357927
2036 16.983100926621013
2038 16.425111715324896
2040 16.528281875370908
2042 16.78023353350612
2044 17.04242353102381
2046 16.985806004827957
2048 16.486511754104313
2050 16.159682941541494
2052 17.387663994505896
2054 16.668593156447837
2056 16.104472711857586
2058 16.69604523409188
2060 16.801295029636563
2062 16.487403298743892
2064 16.641763285049333
2066 17.337795043108883
2068 16.181019194656262
2070 16.2975183820678
2072 17.137118137017016
2074 16.711323307770193
2076 16.654563520354927
2078 16.68334602148988
