0 4.141212580659707
2 4.234313706028561
4 4.801172325037597
6 4.59694086472738
8 4.851817510408934
10 4.521109149524092
12 4.803267589992275
14 4.6434916927099
16 4.900791663543933
18 6.439589162487106
20 7.322847457465456
22 6.833592579956191
24 5.867446565000947
26 4.915362244897827
28 4.835886133486689
30 5.978365623122623
32 6.793218735073725
34 4.9065662243875074
36 4.889605110939366
38 4.372331561365225
40 4.392605793467147
42 4.870595689879666
44 4.863248990859861
46 4.629750688414556
48 4.710987716750602
50 4.299738858837179
52 4.867888588779144
54 4.4352771081555264
56 4.767769084794051
58 4.723875656781558
60 4.477867040372664
62 4.642791299139468
64 4.669416949782406
66 4.559433696460688
68 4.929157144487155
70 4.4530017266404816
72 4.384130327733162
74 6.006333518385694
76 4.618322683925567
78 4.738480559238007
80 4.566465422121347
82 4.629310095782464
84 6.973642884504965
86 7.798879719027072
88 8.534502918359843
90 8.976861508769082
92 7.673402995910317
94 6.48457226356685
96 8.82547080503002
98 8.70007637534179
100 7.567558857270394
102 6.676848567038212
104 6.641582006411618
106 7.50640975734475
108 7.301862972467832
110 7.175862038538965
112 8.252472340547717
114 9.186236918586072
116 8.037496335616204
118 8.792048798231018
120 8.211274922822739
122 11.581319000552277
124 9.65295534725329
126 5.126358364910175
128 5.025581120689315
130 4.722007689781096
132 4.98203925669779
134 4.778537963989785
136 4.462584601111789
138 4.713373241860303
140 4.408959611929684
142 4.428213665752032
144 7.519132565733188
146 9.161037932653999
148 9.925425099072886
150 10.457127949745058
152 10.563160176938444
154 10.332639689676006
156 7.905010001503083
158 7.330302151939056
160 8.448923059582585
162 9.69411073805885
164 9.773019431134408
166 9.77824077268893
168 10.25071074315145
170 9.399430736759184
172 8.97180095374137
174 10.05272035803215
176 10.400790235578091
178 10.874153587362587
180 10.629746933348653
182 10.356210516036665
184 11.804283636744461
186 10.457529038571973
188 9.592850310903657
190 8.744152097874766
192 11.557830209077357
194 10.816809113289052
196 11.065435075309345
198 11.296061608429483
200 7.250891607775061
202 8.186462105470156
204 7.564820301172772
206 7.972953881559628
208 5.037121577510876
210 5.142896492472434
212 5.454967876735188
214 4.788666170652199
216 5.017624434155666
218 4.7089798838645125
220 4.613511531093849
222 4.518650392229539
224 4.890912350537657
226 4.661440997343581
228 4.9096699546661045
230 4.843182813954425
232 5.101064096191594
234 4.8208501783055295
236 4.93089817555187
238 4.711995883519083
240 4.697159482959708
242 4.6899063693174545
244 4.6347042933488005
246 4.640208483015287
248 4.876912897189081
250 4.4664435775288345
252 4.492892727253682
254 4.584980975236515
256 4.934790594884709
258 4.874427487924176
260 5.246992543315298
262 4.988828418027951
264 4.579360532146824
266 4.720001101747413
268 4.701434681848604
270 4.89016647274466
272 4.479908548513205
274 4.143358589857784
276 6.089014135782785
278 4.883172745468924
280 10.92308857315967
282 8.553124860849314
284 5.746387048518059
286 10.293690478731428
288 12.026663466272662
290 6.714141816318153
292 4.451623173293898
294 3.882540118724278
296 3.9280086094351154
298 3.8797989901586822
300 4.2540482959578245
302 4.01001945510402
304 4.0723696194907335
306 3.8296518933772647
308 3.8956642636314514
310 4.137644594369024
312 4.00144639759368
314 3.9037652871009314
316 3.7979583636400456
318 4.073989955675797
320 3.864671717198854
322 3.9695362487164556
324 4.228403743467976
326 3.9932135637194737
328 4.01114799600616
330 3.793740065442049
332 3.965593905330881
334 3.8790069119426613
336 3.8953029177065512
338 4.284985362229006
340 3.9753366410900166
342 3.8355288001490617
344 3.9089694174892498
346 3.9688142565501865
348 3.9074026408802887
350 3.8280368285477175
352 4.1181959561689085
354 4.0854253137126095
356 3.946786842416761
358 4.431408522598844
360 4.1991916147383845
362 3.951978199529026
364 3.9993252078292536
366 3.988405156929792
368 3.82502837846412
370 3.9508098874908577
372 3.8340749090140744
374 4.122453112595824
376 4.002310951247513
378 3.916466496803693
380 4.004362271299835
382 3.9405911206702844
384 3.911643810456844
386 3.8487658259064923
388 3.952964438295573
390 3.900045200190899
392 4.101671718785208
394 3.700780695858583
396 3.8581867287713845
398 3.8909723521056074
400 3.7496817011730457
402 3.9359554083906976
404 3.8137867713691107
406 3.8877979814550234
408 4.028640699578219
410 3.7158131153457434
412 3.83753410082036
414 3.9060225676027147
416 3.963661362347095
418 3.9255584125265788
420 3.996411436545113
422 3.8706819573257882
424 3.930510385393867
426 3.9005068640476854
428 3.9299579662832453
430 3.8616019637728316
432 3.966693035497063
434 3.7658108729456172
436 3.9294892850427665
438 3.925630552153741
440 4.0703499675961305
442 3.9413010423365535
444 3.9477075836516615
446 3.702164844557964
448 3.8666402461617326
450 3.745230505343634
452 3.7872748634345577
454 3.8023837561494185
456 3.9629395704589236
458 3.944695241788661
460 4.015866247017571
462 3.9188165918088873
464 4.082544564019081
466 3.907657006759661
468 4.071032077112767
470 3.946772931293035
472 3.90215460159842
474 3.645463233286102
476 3.9678315920406284
478 4.008103675620619
480 3.9966712788623795
482 3.8701935870034623
484 3.8772290038856405
486 3.8361628991233476
488 4.036575031180648
490 4.160392231429831
492 3.811771859899159
494 4.013229435015092
496 3.8621587940800235
498 3.9187155849801805
500 4.153625772962546
502 3.8770370535720273
504 3.789204266849573
506 4.117494194434621
508 3.9234693721336464
510 3.847806902192603
512 3.8070595403515135
514 3.803659602733621
516 3.8253952257360018
518 3.83413872826976
520 4.111896770355536
522 4.007223433813876
524 3.8154765716274937
526 4.008501590069615
528 3.870039748357212
530 3.9180404950543832
532 3.8619328607861476
534 3.8727034706619543
536 3.8527705406241104
538 3.6995796204109674
540 4.085877975197016
542 3.776532380387182
544 3.995815254846459
546 3.8024495920945314
548 3.8518786872667445
550 4.329529307378766
552 3.8293227494880084
554 3.9391757548319353
556 3.9473706126363233
558 3.9069638832109894
560 3.8488064809990297
562 3.806563388325067
564 3.691737686852809
566 3.900263044834797
568 4.262457436998284
570 3.8466832089843814
572 3.847098401852355
574 3.8579081260025583
576 3.9553858992982542
578 3.716311105288869
580 3.917873703521246
582 3.9233769176564657
584 3.8224277151763153
586 4.200511383900222
588 3.7979627026846416
590 3.969709107648298
592 4.4271940602788025
594 3.822270417102313
596 3.787268598383503
598 3.737860646077439
600 3.8665428487374895
602 3.8909471699559663
604 4.100463158475773
606 4.677927403390774
608 3.7540067226266323
610 4.147074069733913
612 3.961390596015695
614 3.839197749763215
616 3.8261334208808346
618 3.808067671200543
620 3.7398016647731764
622 3.670133113277461
624 3.704387846712141
626 3.9264342033180766
628 3.7294173101184485
630 3.860718718517867
632 3.7942052808731783
634 4.485775061149752
636 4.532967244646047
638 3.85220040515546
640 3.7123938375937766
642 3.71235964197802
644 3.7720857002315356
646 3.8781031842742277
648 3.7344441154740458
650 3.8301709750996045
652 3.768220542060531
654 3.8616799804971746
656 3.9775605290775715
658 3.8539744848455353
660 3.8206586619459615
662 3.8040407978424478
664 3.7728155673030077
666 3.8129483999392266
668 3.902051032253017
670 3.701350857326479
672 4.062829900219488
674 3.8194326904247453
676 3.9901230948587014
678 3.875318547896374
680 3.7214262871804418
682 3.874033532307985
684 3.9245110569543242
686 3.826872124384599
688 3.934523366461092
690 3.728265628900027
692 4.04863075302256
694 4.053675243199686
696 3.6248538376729673
698 3.800543861430028
700 3.8349077864693353
702 3.7273255033400976
704 3.880220188310707
706 3.742219770868573
708 3.8100188703967435
710 3.727800555144769
712 3.5946993302879524
714 3.7505463111180792
716 3.9487985101935403
718 3.700456555218082
720 4.08849846771035
722 3.782233091488351
724 3.7038993487651353
726 4.075206703991523
728 4.712513322808502
730 3.8126203482296686
732 3.8031733912954517
734 3.871616824209404
736 3.8947885007852237
738 3.900527003758695
740 4.0400170172938665
742 3.8986380944802215
744 3.872914828509972
746 3.7221574585589328
748 3.717972630808301
750 4.134018676631252
752 3.7847552467611614
754 3.8052711997779767
756 3.5771636186308706
758 3.78054928459911
760 4.024091271976665
762 4.101039185383151
764 3.913297684448734
766 3.8925763233871375
768 3.9947636441131196
770 3.842824193003994
772 3.9589028682496736
774 3.689661935760052
776 3.957851428146807
778 3.9172271824474683
780 3.8809942226240373
782 4.111948139124963
784 4.452305043766432
786 3.7274896866424805
788 3.871620706299986
790 3.947734181759427
792 3.859467657671338
794 3.824943537686826
796 3.8514190587286334
798 3.897868483807076
800 3.856759227901314
802 3.597030114829167
804 3.852397012010566
806 3.751617132613255
808 3.66699221393716
810 3.926288009120806
812 3.885020568879741
814 4.176680128648255
816 3.7995113122921684
818 3.818760000566513
820 3.9467532471548648
822 4.063505555393595
824 4.028800121617358
826 3.8104457596485735
828 3.8916379313417804
830 3.7147212387882087
832 3.783569140471952
834 3.988742199891218
836 3.970344584631346
838 3.8766612453138083
840 3.8873916173236363
842 3.83410060398075
844 4.050158487121457
846 3.7697019642523606
848 3.804499299125814
850 3.727391027544711
852 3.855068610509716
854 3.9055413833882167
856 3.8121190959939573
858 3.9230863309297583
860 3.8303197423672053
862 3.8371503079001172
864 3.6949086542748213
866 4.026787080385838
868 3.942483989178193
870 3.826604281024297
872 3.7751511806537645
874 3.948949551141704
876 3.9871598409765343
878 3.8511652107212666
880 3.991307449480659
882 3.9921932454724547
884 3.888464771140952
886 3.929031240255974
888 3.9817823105601806
890 3.918412315233834
892 3.9409766227106338
894 3.9931203426472943
896 4.128952003508186
898 3.879552544829139
900 3.849820200502416
902 3.822263890046063
904 3.624615119666573
906 3.9486843079368543
908 3.972030332639088
910 3.725722569784047
912 3.777695869708331
914 3.935936380390831
916 4.003422195588726
918 3.823002410469973
920 3.996883227104669
922 4.008119658065199
924 3.8989855975866656
926 3.828961698269906
928 3.9520271874577912
930 3.9669876977546283
932 4.04295385264103
934 4.068873090022488
936 3.9319512358743207
938 4.163507906023984
940 3.8850052457302033
942 3.812433890157999
944 4.014010796216208
946 3.9204479740083613
948 3.9583280459411356
950 4.04485617479343
952 3.9966572550263995
954 3.9579956924144435
956 3.9487355973110287
958 3.9623412530500324
960 3.8501269312264457
962 3.9017374795008526
964 3.9341105296166377
966 3.7926443331356574
968 3.873913502234671
970 3.7675068082327248
972 3.7106651544863722
974 3.984451192612051
976 3.7808231220511526
978 3.821743654495803
980 3.8960785573488064
982 3.966940625482153
984 3.896887147889539
986 3.9190124458929514
988 3.9510806457306904
990 3.9207414416384707
992 3.855874411134193
994 3.970589814103282
996 3.9278294936731233
998 3.9802060527309857
1000 3.7234605563211813
1002 4.0512439962940165
1004 3.9455940091635027
1006 3.8542719647209753
1008 3.877965580985295
1010 3.9226652885917694
1012 3.938465004517257
1014 3.7731844579131324
1016 3.885993783682662
1018 3.9912016250035256
1020 3.9470747371583235
1022 3.8612159466225564
1024 4.017920608586626
1026 3.9973281336799382
1028 3.839137691011565
1030 3.7162486089009215
1032 3.7761774472767162
1034 3.757566453420054
1036 3.8597919973423953
1038 3.892062572491803
1040 3.806758651659385
1042 4.064103014578402
1044 3.854778218309009
1046 4.262032891865958
1048 3.7964336436597543
1050 4.09205300809325
1052 3.7572469477642843
1054 3.9199722390347014
1056 3.8412106417570584
1058 3.9771527159096167
1060 3.811602459863731
1062 3.892985673923098
1064 3.78987653306743
1066 3.9483804222863434
1068 3.597795325083313
1070 4.125441418152858
1072 3.9573457203257907
1074 3.910698619988655
1076 4.027111199045169
1078 3.9248398381622396
1080 3.9059426238450725
1082 3.943175493335788
1084 3.7917213295543712
1086 4.171442707152764
1088 4.004495238692088
1090 3.959459623980588
1092 4.080207574091583
1094 4.080405180018244
1096 4.096572209005166
1098 4.109267540351223
1100 3.772491973609617
1102 3.998218657020584
1104 3.7431853559383117
1106 4.220024999755303
1108 3.942503682237428
1110 3.790338123725277
1112 3.7302279748922667
1114 3.9514593514295457
1116 4.603140662102607
1118 3.915780349079603
1120 3.9106121066130255
1122 3.853433538636028
1124 3.9673924474513393
1126 4.001475014907857
1128 3.877811329766856
1130 3.9330213096800337
1132 4.001644155967649
1134 3.8714932705722576
1136 3.9284841092024374
1138 4.2171313604950385
1140 4.029787330053125
1142 4.052332810678245
1144 4.1043450353316855
1146 4.0052610025307835
1148 3.8910516426479806
1150 4.326586908012738
1152 3.943911972959879
1154 4.00469600900342
1156 3.852939371048714
1158 3.957228397748386
1160 4.046776040962472
1162 4.037018958398437
1164 3.959607560726198
1166 3.6695615526421563
1168 3.7203475346926678
1170 3.8076349923089836
1172 3.9859772207497612
1174 3.8617446277388963
1176 3.9830131741330854
1178 3.837268783927719
1180 4.130486311465626
1182 3.8426006570562774
1184 3.8509872882826977
1186 3.905189156733259
1188 3.691847445534953
1190 4.537537773070039
1192 4.396158755576626
1194 6.721229050286133
1196 4.0232468780726185
1198 4.410943200949655
1200 4.377187959464691
1202 4.586153967696197
1204 4.827428038673825
1206 4.202620366436314
1208 4.219440023870782
1210 4.84328372188774
1212 4.898292012146444
1214 5.713018713848887
1216 4.343934800337059
1218 5.752317465654423
1220 4.495117659170448
1222 3.877282655234864
1224 3.8571188116909148
1226 3.907328563598304
1228 4.013345184410637
1230 3.7166796380500013
1232 3.9685981508745094
1234 4.013676787558158
1236 3.9161557471936965
1238 3.843639143476654
1240 3.6915795247090357
1242 3.8280299398345243
1244 4.065227506882195
1246 3.9989653943085757
1248 4.07054327936736
1250 3.859147363291559
1252 4.006796444673967
1254 3.924046858025493
1256 4.0269354235000865
1258 3.949100335145021
1260 3.8014033784083976
1262 3.836931929417163
1264 3.981023426461696
1266 4.079522479686526
1268 3.733387754408434
1270 4.018378425102538
1272 3.915345024409469
1274 4.503744147534182
1276 3.929794515046136
1278 3.9028681329370256
1280 3.8704390709986987
1282 3.8498180205760084
1284 4.083252736663173
1286 3.996425537607626
1288 3.8208514478023634
1290 4.047541904058694
1292 4.016296299073119
1294 4.084220700215454
1296 4.050120368617481
1298 4.7326704542918
1300 4.530187790372875
1302 3.8390949661015377
1304 3.8292032904450797
1306 4.1283828281128585
1308 3.856562401088805
1310 3.959198931976454
1312 3.850988219426854
1314 4.129212059999361
1316 4.029501709533999
1318 4.279552965460605
1320 4.230214963834708
1322 3.8589381703461023
1324 4.180150833704051
1326 3.984981315695176
1328 4.0073283592334965
1330 3.9211177851641468
1332 3.962686673852428
1334 3.9927700712441188
1336 3.93515678433957
1338 6.143401946448824
1340 6.5205572636760385
1342 6.722887739337305
1344 5.196859517094525
1346 3.891642734463555
1348 3.920588632895486
1350 4.011438841270264
1352 4.0164171200392
1354 3.8432041636393715
1356 4.060949398343059
1358 3.872712072653895
1360 4.156456652386815
1362 3.957659192536084
1364 3.918534207245081
1366 3.9324686418530503
1368 4.29656288285409
1370 3.9769468334305786
1372 3.8158240104158887
1374 3.942730100091971
1376 4.057216504928665
1378 4.025431037534376
1380 3.8410148455859936
1382 3.8090755953258832
1384 4.0365470527897385
1386 3.8816104574889825
1388 4.1146178317291495
1390 3.9873862418634904
1392 3.960673302344715
1394 4.021754821077241
1396 3.8959476596438862
1398 4.070007298733279
1400 3.8181677293672047
1402 3.8186051687246536
1404 3.9976616952347017
1406 3.860184224532531
1408 4.122052452913029
1410 4.032105320484639
1412 3.9401937447044326
1414 4.44784814683663
1416 3.8712438007099923
1418 3.9935705017988674
1420 4.072715817453337
1422 4.314936873063811
1424 4.075352217542659
1426 3.9228931237439637
1428 3.7846127851048683
1430 4.047821878853857
1432 4.024141429632931
1434 3.8849249087646722
1436 3.9062285163556836
1438 3.717907063741185
1440 4.122210946024751
1442 3.8966795110973145
1444 4.298614258085967
1446 4.673898706640987
1448 3.9916125136474996
1450 3.992732831059691
1452 3.9901242420975986
1454 3.949700639031685
1456 3.991813434963071
1458 3.8039031829321424
1460 4.0173386839349705
1462 4.1539814400433075
1464 3.9372380470038655
1466 4.221719866837069
1468 3.877121757983971
1470 4.1620285428976524
1472 4.131063575036135
1474 3.9342652759771832
1476 3.79717355115508
1478 4.0442112719355725
1480 3.827295698603371
1482 4.181165889978154
1484 3.941002627380233
1486 3.8714063540564245
1488 4.121292649240211
1490 3.942305214476463
1492 3.833080517821905
1494 3.9671085849789556
1496 3.8804835838298133
1498 4.101282676485292
1500 3.8887496139027276
1502 3.841928528662335
1504 3.8074772233613783
1506 3.8983838251178224
1508 3.906739923189629
1510 3.9998311396421653
1512 4.01674161959732
1514 3.9905675001847882
1516 3.926257029628408
1518 4.3932765180987525
1520 3.9356281761380876
1522 4.048231619118261
1524 3.8918670606284382
1526 3.782806276785571
1528 3.860637520451325
1530 3.9911602985338677
1532 4.014141778314549
1534 4.059681158477264
1536 3.825137563593465
1538 3.9414253499342844
1540 4.012904974636208
1542 4.044268851201751
1544 3.8874328693915414
1546 4.047776651336373
1548 3.813534039466883
1550 3.942496135091734
1552 4.205845393459821
1554 3.8960611361649917
1556 3.867783790055356
1558 4.178343888165422
1560 3.9372369882190865
1562 4.034510943392732
1564 4.084733716693013
1566 4.165780303526613
1568 3.8596989268213857
1570 3.9996765456132928
1572 3.6923940336839576
1574 4.052993005311954
1576 3.8599708777459383
1578 3.807750259171098
1580 4.165130116425008
1582 3.932478199563766
1584 3.9438437659104033
1586 3.9902586782020384
1588 4.190744307884008
1590 4.393506938965164
1592 4.0328280258395415
1594 4.062276050021212
1596 3.8244226691763736
1598 3.846930371731214
1600 4.183607840199857
1602 4.2821299427905375
1604 3.7412802283080846
1606 4.293789201634052
1608 3.9550099808950723
1610 3.92207449536777
1612 3.795408680342703
1614 4.158726977200904
1616 4.120926804241565
1618 3.9471283476008505
1620 3.9681859681730045
1622 4.061959576459806
1624 4.3276308339860785
1626 4.080200094688089
1628 3.6699853082984726
1630 3.6638330252021447
1632 3.7980817382180234
1634 3.824877151419613
1636 3.9325693730426643
1638 4.196671364694666
1640 3.939772071266773
1642 3.8620321524125045
1644 3.9328973378089853
1646 3.934710553982382
1648 3.9020651614898942
1650 3.857790857372369
1652 3.948237024065515
1654 3.8976225029877605
1656 3.8910290296025627
1658 3.603345233114836
1660 3.8436533286292867
1662 3.9546063175519466
1664 3.9701517048269723
1666 4.088937380185714
1668 3.9110584264684034
1670 4.0833685376825315
1672 3.9635571096015165
1674 3.89998924762994
1676 3.816633039270457
1678 3.907430196715696
1680 4.051681754118856
1682 3.95927252746184
1684 3.858470504627966
1686 3.8168697821805515
1688 3.8801330347066902
1690 4.000512342837225
1692 4.150907792070624
1694 4.237279219838222
1696 3.7570484816508936
1698 3.854568847620776
1700 4.229008375598112
1702 3.781797537522567
1704 3.78985357802063
1706 4.052984609756417
1708 3.9543044112093866
1710 4.035414315932189
1712 3.8440322249386343
1714 4.056797918385687
1716 4.016083292494065
1718 4.582728210527384
1720 3.9425191302475686
1722 3.6953653843230865
1724 3.867933162021736
1726 3.8703697986076357
1728 3.9454700525632247
1730 3.9579124419928298
1732 3.8354302745259576
1734 3.89985834422168
1736 3.9314228167253424
1738 3.7624539301561826
1740 4.15887147635336
1742 3.8624934413860714
1744 3.908835308535717
1746 3.69221692487753
1748 4.2220615099209855
1750 3.784192578409142
1752 4.016874633056965
1754 3.8568781499771885
1756 3.9492937863836235
1758 3.942245546017239
1760 4.339429363239083
1762 4.381532213997092
1764 4.526656697361297
1766 3.9573122339859337
1768 3.7411162349839304
1770 3.8641876148682175
1772 3.9426559318748
1774 3.840541004382488
1776 3.7696813684504438
1778 3.8151894306761283
1780 3.840311978717344
1782 4.131421320396787
1784 3.9592313301967113
1786 4.0712222576836785
1788 3.841506548062349
1790 3.73646225909865
1792 4.201863401946877
1794 3.838868934638956
1796 3.950387821535825
1798 3.858844505880679
1800 3.9668373051586396
1802 3.775606327099325
1804 3.954583971462772
1806 3.83246461458145
1808 3.9978610530268703
1810 3.6919558990783723
1812 4.263084679564909
1814 4.1185063604559335
1816 3.745320451828382
1818 3.9542139318221947
1820 4.672783251378178
1822 4.548545703590696
1824 3.9545164238494905
1826 4.065079603931843
1828 3.8071541381801324
1830 4.022249737454173
1832 4.168479033181462
1834 3.80249839968593
1836 4.157862225504458
1838 3.8679280730339007
1840 3.9673429184816786
1842 4.464027412673915
1844 4.059174836599916
1846 3.902012007300173
1848 4.053172349833034
1850 3.97912185796115
1852 4.075953211980356
1854 3.835422059158148
1856 3.886607694724067
1858 3.917717764429113
1860 3.972416099400451
1862 4.023245000704567
1864 3.960934757149363
1866 4.613344847023655
1868 3.9184806339497826
1870 3.9822362036795047
1872 4.3986490228720525
1874 3.824708172207373
1876 3.9022530457492044
1878 4.185211201118693
1880 3.822840565792348
1882 3.9504689902637153
1884 3.828978779956869
1886 3.811262756307732
1888 4.108436592300387
1890 3.8693805421584377
1892 3.933877079856728
1894 3.9389111124746656
1896 3.8888824214729003
1898 4.013488910826806
1900 4.031535050038126
1902 3.9336275321339436
1904 4.3303307556408495
1906 3.8836057209770276
1908 4.114287836840232
1910 3.7890514489217355
1912 3.881253366075472
1914 4.372976435625474
1916 3.948726612990202
1918 3.9262259527410737
1920 3.969637288555149
1922 3.9215675590727557
1924 3.9061762586800723
1926 4.012106081444215
1928 3.955326235275426
1930 3.8500504440398493
1932 3.951520830805361
1934 4.037322030423618
1936 3.8899952709672903
1938 4.747838555310374
1940 4.08259884361652
1942 3.779486445505855
1944 3.986334646789754
1946 3.8668477202423537
1948 3.829813542644017
1950 3.9325014279072303
1952 4.454152615813811
1954 4.116667297698431
1956 3.8303658118113826
1958 4.417548006476103
1960 4.304850579667747
1962 3.7472420587576427
1964 3.9080537351293536
1966 3.870026724474853
1968 4.099211014922328
1970 3.9496985914915
1972 3.8777676340648224
1974 3.766014339802526
1976 4.238186744346879
1978 3.8977188888682055
1980 3.8260380831288994
1982 3.857317996256077
1984 4.114095493067761
1986 4.08670683334541
1988 3.8874291601089697
1990 4.145000183336339
1992 4.111764752650814
1994 3.867818051504114
1996 4.0290117363125875
1998 4.0421025272312985
2000 4.024689255372766
2002 4.000021157788502
2004 3.967481318663993
2006 3.9834412570114
2008 4.034125573240127
2010 4.115311314987379
2012 4.413993675490015
2014 4.028602181239992
2016 4.0131028147484145
2018 4.006256125236765
2020 3.9332202971127663
2022 4.42655721146329
2024 3.8805755660305623
2026 3.8757192361186847
2028 3.8470026443660736
2030 3.8325034718007522
2032 3.9139372594173487
2034 3.8511064282262337
2036 4.128440367376296
2038 3.90115125439606
2040 3.903171034226721
2042 4.5463258138666305
2044 4.10547146987927
2046 4.55246728088712
2048 3.9184048190158896
2050 5.099706960001784
2052 4.519890059768916
2054 3.804203655724514
2056 4.363964246149872
2058 4.057150064322943
2060 4.06491444179252
2062 4.021697273088464
2064 3.7785482212322363
2066 3.839871674629062
2068 3.8608984254521417
2070 3.9980123586514624
2072 3.977496114619143
2074 3.9596534677693627
2076 4.050323466632513
2078 3.9558338984734456
