0 4.615630574410627
2 3.9180778804620284
4 4.498864835535957
6 4.536004342744792
8 4.422035994613447
10 4.140984548811547
12 4.1252932394693405
14 4.311959994357872
16 4.261419524330494
18 4.535614740503343
20 4.361253746430849
22 4.219222289109326
24 4.766284363974041
26 4.355803697189388
28 4.235483641048755
30 4.610406914423213
32 4.472879177718873
34 4.384751462263055
36 4.582808938699141
38 3.793884637754347
40 4.654898966385846
42 4.521556354051734
44 5.3821693091372556
46 5.917049497506497
48 4.357124313998325
50 4.597927675920809
52 7.409324079775791
54 5.479245960682822
56 5.5439179007120325
58 5.827343600226447
60 6.6426751217301945
62 7.131431994352472
64 6.526643907921782
66 11.031922224671375
68 7.000464828323312
70 6.479296313566993
72 7.417404584187171
74 6.957604903138895
76 7.310795274884692
78 7.1025937370081875
80 7.5875872632834875
82 7.2237307593824065
84 7.132073596471446
86 7.31571534586767
88 7.00242369627078
90 8.091709468248458
92 7.392337334463743
94 8.343345340741804
96 7.100800149022543
98 6.999288272097739
100 7.838816115074813
102 7.002113701323216
104 6.458821695065174
106 6.660663181779847
108 7.699727270279332
110 7.447295135213079
112 6.678247384509622
114 7.430085575037134
116 7.605268766631604
118 7.343280620184294
120 6.90270124684614
122 7.837818503791579
124 7.623554354347251
126 7.193251943521572
128 9.901144556025814
130 8.411549932603824
132 7.662993631665918
134 7.782664998259145
136 8.838680550681
138 7.239797866489176
140 7.73819253640712
142 9.104371192163274
144 9.815439224408284
146 9.204943957223401
148 9.839491153681237
150 8.805847570815578
152 4.712218776582051
154 7.822109378905334
156 7.920067922128105
158 8.1831213355629
160 5.3713901696679125
162 6.672489079081166
164 4.452637116242828
166 4.6816442414986135
168 4.15091773564604
170 4.4066552814677715
172 7.010243516468116
174 6.979313619365791
176 7.2171619533009626
178 4.139300602978746
180 7.238193458556698
182 6.631361822369762
184 6.1706467720746625
186 5.921934501990052
188 6.658302060448202
190 5.941830196037663
192 7.3310695557958745
194 7.129403660091888
196 4.564708340241914
198 7.594653072510674
200 4.73743175737694
202 4.538817676411072
204 4.632766718261557
206 4.6600736496083845
208 6.654024307878351
210 7.737963942417905
212 7.822756868944608
214 7.135381826493974
216 7.656558822296047
218 6.839542531789639
220 6.945818845787424
222 7.933812500448264
224 7.529702104049758
226 6.359657751988921
228 8.20230869320648
230 7.214640581956597
232 9.370470502802261
234 9.406461890913473
236 9.415627468147335
238 7.150008788630761
240 7.11492530960748
242 7.730730624987419
244 7.712659295961157
246 7.847803125184433
248 6.719750379741021
250 7.533427068804437
252 8.207541488559029
254 7.73642700564853
256 7.956844836276861
258 7.8442084091668765
260 7.509550425233488
262 7.480948167573838
264 6.688382256897214
266 7.426217521134145
268 7.548808340454646
270 7.72200577883216
272 7.115850469146079
274 7.233482868017605
276 7.052243284408543
278 8.035233287454185
280 8.104165005843818
282 8.109472739394068
284 7.622452352394136
286 8.780446446743477
288 8.179736730916094
290 8.531030940450858
292 8.145113550079254
294 7.881531370436544
296 7.777462054523193
298 6.6584173671671705
300 8.602058360020214
302 10.782296350522426
304 6.246794091836458
306 7.346851003149561
308 7.944875546276373
310 9.025352515947105
312 10.518163146886401
314 10.535172270543496
316 10.634197686568992
318 9.509619190121734
320 11.056198040019911
322 11.289330216605284
324 9.418899867779883
326 10.259733850549933
328 9.76398117852638
330 8.921507221891224
332 8.639399520356505
334 7.6913746539497625
336 7.851080278652066
338 8.005164583554386
340 9.12093161793923
342 10.65350556640067
344 10.257724949349715
346 10.033710039272927
348 9.18889790698019
350 8.690158451165747
352 7.782839998396818
354 7.316017624532079
356 6.61596278375391
358 7.22598502084943
360 8.358257283264612
362 8.029163423811605
364 7.5297971970212005
366 6.938103580869215
368 6.722881280510403
370 8.025171564573554
372 12.374257722914946
374 11.096494384362652
376 11.515394619318972
378 10.74701116472008
380 10.699489542827417
382 8.111439264343947
384 7.763107681545832
386 8.557065613022976
388 9.267743928644004
390 8.974291297410256
392 7.924878153255512
394 9.726764509072654
396 9.67795641426785
398 8.418534257036173
400 7.650032972877249
402 7.584917730844213
404 8.797623823661912
406 7.421626267422845
408 6.42253880365556
410 7.655680689333512
412 10.176551175289191
414 10.040822702873449
416 10.214407621547725
418 10.037786245027808
420 10.109251138818053
422 10.348927608496107
424 10.128380510091723
426 9.694966544873203
428 9.473598388559326
430 9.258307927970993
432 9.040881378959261
434 10.284970414675723
436 9.273223350124669
438 10.393351131602028
440 10.283551268442244
442 8.921039011020738
444 8.49838055611061
446 10.85599473258546
448 9.013027108577454
450 8.382599484712554
452 7.822085539053779
454 8.34317534486926
456 7.876484153765243
458 8.620472879384904
460 6.952444967625524
462 8.301427003194455
464 6.6218166133821965
466 6.633930237463813
468 6.584329888406172
470 7.464188209135824
472 9.343716526547304
474 8.545092168303173
476 8.742048401137843
478 7.696733813262594
480 8.138506026708198
482 8.289392109523314
484 8.358724571476131
486 8.417543157382749
488 8.278650830687084
490 7.86674061386248
492 8.134167861817819
494 7.921644544849185
496 8.642087897646679
498 8.647615328326768
500 8.968671036238035
502 8.314923119389942
504 9.443481798266665
506 7.508964270682247
508 8.01728037396428
510 9.330071302271424
512 9.697112205800542
514 7.874450540031631
516 8.392927648830137
518 8.67440557214602
520 8.979553249269106
522 8.363354831496316
524 8.560765670689623
526 8.549285078537347
528 8.671479025135818
530 8.921109062838108
532 8.010605532921398
534 9.125086753791653
536 9.29077590970909
538 7.987095101043051
540 8.45709937003647
542 9.149891243713311
544 8.404159403654607
546 8.055212227545296
548 8.135277497785891
550 8.880965359087961
552 7.983795472641671
554 8.741665110904304
556 8.368758518484038
558 9.16904917873143
560 8.691500301809898
562 8.280345075485613
564 7.76698653730212
566 8.006489756609756
568 7.802284038163345
570 7.831682205442443
572 8.269837126047484
574 8.175630324769513
576 7.74525525908367
578 8.88877647502309
580 9.019815848051252
582 8.55273674676244
584 9.083849033479973
586 8.218520776048408
588 8.366011583053275
590 8.785541704706352
592 8.104981073813068
594 8.950605815311587
596 9.386768987850783
598 8.636145510081473
600 9.110943458186723
602 10.14314721016866
604 10.554036360954521
606 10.121984405166394
608 10.691865920541936
610 10.76340177799253
612 10.117965556474152
614 9.968763156342295
616 8.966522636914721
618 10.039178775926324
620 9.066243058169164
622 9.064967805162508
624 8.202547194309671
626 9.107882521391515
628 8.720169613093233
630 8.941333821454721
632 9.103393180967368
634 8.195368464568068
636 8.592799007929923
638 8.792594165274135
640 9.593629896535914
642 7.8702150604851875
644 7.904711559807698
646 8.61122210310676
648 8.527212148980107
650 8.505917947923479
652 8.196608089925089
654 9.082527605052995
656 9.089277354307598
658 7.889833359895101
660 8.280619255169302
662 8.593125298319617
664 8.842734347736384
666 9.148675453581092
668 9.388385484242413
670 8.226072928810144
672 8.0241214363985
674 8.455495815076883
676 8.684290816847431
678 8.401105522250205
680 8.856991320856679
682 8.747280010762164
684 7.876518218840347
686 9.145902981735885
688 8.046785605922018
690 8.566709696305745
692 8.723360850443118
694 8.138472284090412
696 8.137890924256482
698 8.415146980658745
700 8.476233969010728
702 9.064341789544693
704 8.413218135298095
706 8.137227960543752
708 8.439425605108022
710 7.7384123040764035
712 7.828061114231285
714 7.501712323654307
716 7.528010247159762
718 6.94328350785398
720 9.972247481402704
722 8.15052345701154
724 8.923462229006356
726 8.521818373511955
728 7.3305720346813334
730 8.897357181390248
732 7.503023274936358
734 6.674499115288303
736 7.750418941868596
738 10.431635124801675
740 10.247436174661534
742 12.840708368317452
744 11.11719091090263
746 9.73170705548396
748 11.123957045456157
750 10.862817545053904
752 10.605245026420162
754 10.445045549544316
756 11.08007208074275
758 9.573303673822766
760 9.85290120916493
762 10.767647545775809
764 10.375099866571498
766 9.650344464892155
768 10.416005776822661
770 10.811380479948541
772 10.871366767200541
774 10.395139181536788
776 9.581071512589702
778 11.00729279457813
780 10.9255795950033
782 10.23764428132396
784 9.925855820816658
786 11.026107548107719
788 11.838049481024282
790 10.694152160968104
792 11.581215505369396
794 10.448014969797555
796 10.068315218441796
798 9.774836245677124
800 10.773392024242591
802 10.56480108432414
804 13.78587371946483
806 11.349639953282692
808 10.682964764391729
810 11.216442282835263
812 10.950895926555622
814 11.950526802870813
816 11.36707260868925
818 9.885053477398156
820 10.682482051250307
822 11.669821138687867
824 10.554805567411595
826 10.814260389176978
828 11.56693366483739
830 10.84391757064008
832 9.886444687653796
834 10.468878529124053
836 13.570266309021825
838 10.207575697369833
840 9.318933545770195
842 10.224279249536899
844 10.361875742185891
846 10.494944961935625
848 10.985317084038714
850 9.228159949498547
852 10.234558264402857
854 10.461724389281342
856 8.399365198220078
858 8.94885654753474
860 9.929657307809832
862 8.531908597664849
864 9.16244778973352
866 8.806784132820427
868 9.429786941856374
870 9.048060819307922
872 9.136350799733577
874 9.24836981419058
876 8.848268117643535
878 9.151549426025015
880 8.769697160876474
882 10.511618761573445
884 10.939507157908368
886 10.285865469404978
888 12.011004176408038
890 9.469377559520685
892 10.261283346752407
894 10.20145457558775
896 10.270986502421675
898 9.61280691336037
900 8.81890244002612
902 10.267580803572663
904 9.473014339237212
906 8.558800139071076
908 10.076774250265187
910 9.92375524384217
912 11.72215706071258
914 12.547946958119427
916 12.330147228243897
918 11.556268342618672
920 11.88199421685982
922 11.432585001784046
924 12.204735058038668
926 12.601459149845743
928 9.595634303672744
930 9.663940958023593
932 9.706927248878074
934 9.368230557123864
936 9.68680021162281
938 9.69436381967453
940 9.32654678108037
942 9.739874257367628
944 10.266164665765453
946 9.519063122755174
948 9.428158664482037
950 10.108656841522986
952 9.725074487711135
954 10.452198800377705
956 9.262375745764963
958 10.97765443092634
960 11.02088055258393
962 8.935530181170364
964 10.863605136090738
966 11.039865858812298
968 10.092206029876301
970 10.085879272956623
972 11.643487118913352
974 12.222505773434005
976 11.968665780495066
978 11.266831544189598
980 12.377112998883907
982 9.899077933328243
984 9.88735174534458
986 10.420039850551294
988 9.945917576903012
990 9.489903675235237
992 9.822780980155203
994 10.006251467742194
996 11.114331091945369
998 9.851471550715805
1000 9.928096091005633
1002 9.458687299176159
1004 10.768610409604882
1006 9.89846111752727
1008 9.820857724647384
1010 10.7284277827319
1012 10.194109073643148
1014 11.49769516884103
1016 10.820630229992481
1018 10.29443192251569
1020 11.340469198193603
1022 11.761704708250319
1024 11.096788809156974
1026 10.636441574210346
1028 11.735195734759609
1030 10.764964508835016
1032 10.579946826593492
1034 11.574118807839957
1036 9.789474156478338
1038 10.486505133454157
1040 11.116424570294688
1042 9.78633969421739
1044 10.953513322569775
1046 10.728732085251938
1048 10.526223004757622
1050 10.92542133948761
1052 11.085126987363793
1054 12.617548935665932
1056 9.768073595839756
1058 10.248152645015633
1060 10.817557787884077
1062 10.912351956652117
1064 10.291601722256605
1066 10.788184124701894
1068 10.773825291867556
1070 10.552542928985712
1072 10.594978676560743
1074 10.814718113514525
1076 11.53499791337534
1078 9.046801419681723
1080 10.866838921556532
1082 10.953087947958224
1084 11.65971185135281
1086 9.69343926712791
1088 11.292927926035457
1090 10.387788462686432
1092 10.890188333585582
1094 9.732386589970918
1096 10.492998310481202
1098 11.05500358661366
1100 11.138695894953537
1102 10.453970983030267
1104 10.527956879757122
1106 7.93867665137775
1108 8.057441570040462
1110 8.137377780260524
1112 8.57920495215829
1114 9.353622889736494
1116 7.920515384096358
1118 8.647294930031006
1120 9.02462041015447
1122 8.390694156344027
1124 7.945481408756858
1126 7.951232425387225
1128 9.113768867389473
1130 8.529039775475098
1132 8.41950435838096
1134 10.263419302019255
1136 9.878114336126522
1138 10.555942298829844
1140 11.334322167766102
1142 9.480260040645263
1144 11.17864086358573
1146 9.33884987327658
1148 10.185900918165203
1150 10.145508259414344
1152 10.660184661526772
1154 9.844478989934801
1156 11.32625475940842
1158 6.326945814858371
1160 10.705163670180157
1162 7.873406083276239
1164 10.650863757571747
1166 6.832048962780318
1168 7.463044146919033
1170 8.33528412754217
1172 7.935519019154792
1174 7.949586115212577
1176 8.360838955121038
1178 7.672479113977938
1180 12.03238918079854
1182 9.738449072837046
1184 11.274615901251982
1186 12.109476907333985
1188 9.39483880896071
1190 9.763435781492069
1192 9.151096171105499
1194 11.62072021156581
1196 9.598462555480548
1198 9.79675670065738
1200 10.038984752252619
1202 10.12005176380645
1204 10.242866077027694
1206 10.31547744659432
1208 10.617541141093815
1210 11.091375702131826
1212 10.844891989469566
1214 10.625375884033621
1216 11.493610087588147
1218 10.117337869449461
1220 10.256637214748325
1222 10.328784135164076
1224 10.666307439130318
1226 10.785223918743533
1228 10.191689628707618
1230 10.206623065774997
1232 10.85066755007978
1234 10.588618815176632
1236 12.202462999209798
1238 10.602737338472451
1240 12.950158529013382
1242 12.830090882120702
1244 10.775520923747687
1246 11.309137249462498
1248 11.872911887496064
1250 11.057514704729844
1252 11.724655408925663
1254 11.511447229683206
1256 11.7376720652299
1258 11.041485202237057
1260 10.904440685628112
1262 12.04981172064858
1264 11.127662229467502
1266 11.523243053180906
1268 10.690317340278641
1270 11.517580088658026
1272 11.071327418525224
1274 11.04478733726745
1276 11.159724173743856
1278 11.879036274496487
1280 9.274896949711648
1282 11.93882019770063
1284 11.469812498681279
1286 9.825728264843843
1288 9.713852814989824
1290 9.90638596275341
1292 11.372169318014896
1294 10.685600384566131
1296 11.950209301254919
1298 12.34988318063019
1300 11.02260552566743
1302 12.965814454565681
1304 13.277959722951183
1306 7.809294397423381
1308 8.119669809629244
1310 9.093766054540424
1312 8.050966185407548
1314 8.317144302729153
1316 8.043815693857894
1318 9.59614499924669
1320 4.703394644538708
1322 4.592752033394303
1324 4.1329177126561225
1326 3.9261934834982912
1328 3.7304941863534222
1330 4.416801484285345
1332 4.312807525201173
1334 4.033080194104871
1336 4.139913226708445
1338 4.017699548482618
1340 4.350608483564085
1342 4.3965251233703375
1344 4.57615284688354
1346 4.715348069421059
1348 4.160048714877122
1350 3.9900539786627776
1352 4.540048196683064
1354 4.266721030208563
1356 4.4701115024703695
1358 7.265393905515932
1360 4.756611482179114
1362 4.607584942085947
1364 4.396262507623012
1366 4.778762369544329
1368 5.006650366084564
1370 4.963282454837253
1372 6.082974235716981
1374 4.584037888149459
1376 4.84241688689126
1378 4.900055603962708
1380 4.39081194832821
1382 4.5595569462377545
1384 4.309500795560769
1386 4.344494555266936
1388 4.506312374962391
1390 7.3707928263968805
1392 6.653342288031557
1394 7.328092129541381
1396 7.04660868616135
1398 8.57413068968294
1400 9.000747444143943
1402 8.051672570141417
1404 7.527402075134404
1406 7.715092219496697
1408 9.147618536051391
1410 10.564387520022242
1412 11.358384539759713
1414 11.403099966894183
1416 12.434462753611877
1418 10.623642703410257
1420 11.558459249599137
1422 9.16474574476012
1424 13.036444733526427
1426 11.219855039888142
1428 12.249484023208565
1430 10.459284850960302
1432 8.823253535119479
1434 10.661832664366122
1436 10.145647699053535
1438 9.879859154509147
1440 10.219572333181604
1442 9.813769718433008
1444 9.730786516447424
1446 13.47011428750854
1448 12.796315404813194
1450 12.44211925620967
1452 12.13181527765754
1454 10.70691685041879
1456 10.884558962863625
1458 11.234650856642137
1460 11.978107334347936
1462 11.226371164564725
1464 14.201364110305034
1466 10.336504955518343
1468 9.825482358320007
1470 8.56118228163526
1472 9.50475825115273
1474 6.758527168001165
1476 7.048829432065824
1478 7.745515140470901
1480 7.0803683479323505
1482 6.914085390588187
1484 8.70814343397564
1486 7.552263627812436
1488 7.240703066838855
1490 6.996725419909029
1492 6.6857592734873075
1494 4.801975663825806
1496 4.451909849971689
1498 4.84430213146231
1500 4.848507568421832
1502 4.803844123136675
1504 4.645596086016497
1506 6.480872016914937
1508 6.89552376974591
1510 7.762959247956567
1512 8.544521311684075
1514 7.717129687442138
1516 11.937814406548364
1518 10.597737211300535
1520 9.902069040508419
1522 11.346911425104304
1524 11.048754011651775
1526 10.137106630947608
1528 9.488801983704475
1530 11.135147091015774
1532 10.345115717763148
1534 10.465003425614812
1536 10.509799148867852
1538 8.91206242677187
1540 9.16494652265897
1542 9.130990018283715
1544 11.299041361428289
1546 9.942845507924972
1548 10.288869853336996
1550 13.318795898823142
1552 10.710049522421404
1554 10.317609624594136
1556 12.11866408108501
1558 11.521787467674617
1560 9.744500296850228
1562 12.0682505177723
1564 12.940410508450974
1566 12.050835152332855
1568 11.904755713707706
1570 12.25006685523861
1572 12.562557232266688
1574 12.358425147456982
1576 11.396022368129138
1578 12.99078333042682
1580 12.156471886285244
1582 8.222950492065177
1584 9.398134353713738
1586 9.099159659521485
1588 10.681816084680895
1590 11.370995726320368
1592 12.30787197867518
1594 10.58305803665594
1596 8.326933312079621
1598 10.186975154836002
1600 10.970606239421995
1602 12.669980723089264
1604 12.208123194787374
1606 10.67128285726969
1608 9.804884970779812
1610 9.52267861869629
1612 9.769361555154143
1614 8.78969788467719
1616 8.92748096200843
1618 9.515770310429728
1620 9.365439870992462
1622 9.478526123978375
1624 9.94562293586004
1626 11.393551760910672
1628 11.834340562648665
1630 11.60472011190909
1632 13.76233809678236
1634 11.62019465469392
1636 9.914418200007761
1638 11.057938259755845
1640 10.84470551516504
1642 10.656167002318062
1644 10.464367819412088
1646 10.010894523539253
1648 9.598559324882602
1650 10.033666737574654
1652 11.543887532704533
1654 11.251795548715899
1656 12.24121988899515
1658 10.186414686187987
1660 11.408475663904348
1662 9.308815190925202
1664 12.348831121691571
1666 13.004897770764199
1668 12.838507556753665
1670 12.251713174038724
1672 12.616720216047634
1674 13.046519691553732
1676 9.842958284600149
1678 13.62487625889041
1680 10.819082222195291
1682 13.410215871556009
1684 10.939940749854662
1686 11.399665514541285
1688 12.224740207902196
1690 11.441364862614478
1692 10.146607975968784
1694 11.02713328566217
1696 8.480796225614787
1698 12.389387904483945
1700 9.665855885291565
1702 11.770393043380544
1704 8.670874604460414
1706 10.700480956778348
1708 7.758705711776973
1710 9.945325580872742
1712 8.826495989258586
1714 10.804278649396434
1716 10.091151686727585
1718 11.313109469187722
1720 10.842002459320437
1722 11.316041682728567
1724 7.851926804171496
1726 10.02416906734768
1728 10.93681807974912
1730 9.960537367271431
1732 10.40558505142697
1734 11.579316666755451
1736 11.86721877220434
1738 12.50821865471756
1740 8.68677409603729
1742 9.46693959719688
1744 10.865083790584118
1746 9.255407870234095
1748 11.181288167753104
1750 9.699040485078049
1752 11.385590748562523
1754 13.46944703687013
1756 12.475405051465904
1758 11.14008478526589
1760 10.3212474080971
1762 10.960526626915572
1764 10.027697736742047
1766 10.800469810581383
1768 8.968418030661196
1770 10.896102259894194
1772 8.451938166890422
1774 9.195119817969651
1776 7.358447999066879
1778 6.697710899004472
1780 6.93207723336571
1782 6.650378582510648
1784 7.148558007439275
1786 8.958044934193252
1788 7.5505936644137615
1790 6.738442495588682
1792 7.557043132292632
1794 9.005859612714882
1796 8.147400233226836
1798 8.07757580262739
1800 7.425273991214579
1802 8.029699291721844
1804 7.670582496380542
1806 9.082767898890014
1808 9.895318727608391
1810 10.12847073262869
1812 10.131839315739178
1814 10.846253952197484
1816 8.743114953387558
1818 9.02482528728895
1820 9.487020453241806
1822 9.689981706129506
1824 10.077645480963977
1826 9.347429330523749
1828 10.16884372105865
1830 11.099684554834809
1832 11.51390606870618
1834 10.605632258465787
1836 11.536943480590494
1838 10.79801616066672
1840 11.14755749965051
1842 10.993309459333569
1844 11.10488670212345
1846 10.843508452033815
1848 12.666281731737367
1850 11.905358983846
1852 11.066987732225762
1854 9.102259432145486
1856 8.368712827823769
1858 7.6572135992817145
1860 8.006237531679256
1862 7.0896961860508805
1864 10.648615745884046
1866 10.644424208753032
1868 10.54143820749715
1870 8.989188875442856
1872 10.28702778559912
1874 11.825340711531105
1876 10.533225835697001
1878 10.573705399147064
1880 11.070842331130091
1882 11.158242984680133
1884 10.839340155532925
1886 10.069379316824925
1888 10.409104745212645
1890 10.14244723521924
1892 10.919784020188787
1894 10.983995494311335
1896 9.414027492157729
1898 10.457680526807437
1900 10.491238153082545
1902 10.283324094731118
1904 10.9511879186894
1906 10.069667696884492
1908 11.938880839078168
1910 9.80563122014994
1912 9.596198065518472
1914 9.916546598111124
1916 11.196559367718482
1918 10.970602758744604
1920 11.249550058278714
1922 10.014615283729524
1924 10.88328159223919
1926 9.275227790935629
1928 11.148275689196947
1930 10.168631170497305
1932 12.789579378540918
1934 8.64021702176019
1936 9.323869572661632
1938 11.347632167713487
1940 8.870146994251842
1942 11.019118928669144
1944 12.192949326611666
1946 10.502895927785746
1948 9.44680214873859
1950 7.243117375580064
1952 11.331262848553603
1954 11.702665859025892
1956 9.787683953092618
1958 11.676258382743363
1960 12.104659134907346
1962 11.474624568873983
1964 9.54141699930205
1966 11.586935832062549
1968 10.505205561840192
1970 11.495679189456318
1972 8.778714421377202
1974 8.237733110433757
1976 6.629701472910187
1978 7.504029179357982
1980 5.939565666582968
1982 7.240917702152873
1984 7.478512792386596
1986 6.870332543827179
1988 4.843744172442263
1990 6.879744886506685
1992 6.849831430409341
1994 4.634807978898763
1996 4.628312912269502
1998 4.904294097224856
2000 6.112092864225586
2002 4.124865263618419
2004 4.502505795806288
2006 4.654603298507377
2008 4.730562364894444
2010 6.2956974368584
2012 4.949697036886892
2014 4.671513016065496
2016 4.89466626442725
2018 4.709939379780415
2020 4.968895223177269
2022 4.5440458659731595
2024 5.0298767026267965
2026 4.581975433244856
2028 4.7535895144791365
2030 4.854101182621762
2032 7.129531723204532
2034 7.002860047834075
2036 7.982105398441008
2038 7.595081726203498
2040 7.240124364386116
2042 7.370606188748012
2044 8.199002385749996
2046 7.181012673968976
2048 8.583625785140683
2050 6.9016968535321706
2052 7.536120629465278
2054 8.121608747654113
2056 6.434505059833879
2058 6.582475893736246
2060 6.882345266494354
2062 6.2690212304738075
2064 6.840094621022575
2066 6.510059082426347
2068 6.527142345228098
2070 6.350405693980464
2072 7.1789042864619725
2074 6.706185957721322
2076 6.8369703335951755
2078 6.929779403280812
