0 6.520875660888544
2 6.094877199435207
4 8.132425077078327
6 7.446704588920116
8 9.022821866852373
10 8.437585697989078
12 9.175617037369486
14 6.59789596982807
16 6.485141826129747
18 6.215360531290249
20 5.8549428148423255
22 6.082716728143802
24 5.7428685400797645
26 5.999227907988253
28 6.064942020604654
30 4.858509968730648
32 4.237952390766533
34 4.163399290892771
36 5.649224823033345
38 4.423712704079896
40 4.040250917709219
42 4.091777626004555
44 5.281757227056828
46 6.2149019383686905
48 6.6953758019200125
50 7.004076157179903
52 5.15155443662651
54 4.347835777264106
56 4.225988168230492
58 4.256589567788902
60 4.197062956084078
62 4.1227798724113125
64 4.669490864551013
66 5.862852082897323
68 5.6590608352794005
70 5.452547304425788
72 4.120117359899968
74 4.18598244570153
76 4.820487786461125
78 4.3778311511264825
80 4.477762787658925
82 5.2208200452256
84 4.460788841797007
86 4.019605010261208
88 4.184603294612378
90 4.187340974347538
92 4.496554596007206
94 4.275063572106032
96 4.6485061221331865
98 4.503457619410192
100 4.349838263300908
102 4.535085825925274
104 4.4656324345838145
106 4.103340311506811
108 4.538648055859102
110 3.766952148786949
112 4.296566096853648
114 4.610401685182328
116 4.574462333396134
118 5.412781931107676
120 5.586220576580727
122 5.761300112443964
124 5.043430252183683
126 5.126617988749178
128 5.45956807535169
130 5.8543852949756525
132 6.129277467450213
134 5.669757145926643
136 6.480823833471301
138 4.62093002140332
140 5.883936358252575
142 5.282970565591062
144 4.031617830470107
146 4.44316170371309
148 4.6716256145558
150 4.554591122162738
152 5.598413175555711
154 5.049308301938395
156 5.089602147954115
158 5.999495433702765
160 4.771626868012212
162 5.056171587098849
164 4.945567595922742
166 4.960032507885763
168 5.937772897207254
170 5.8863717590278695
172 5.7296231860649955
174 5.622684759538453
176 4.653407530178954
178 5.684971622880433
180 4.316040045279711
182 5.529741132036756
184 4.827702474121283
186 5.736870211347439
188 5.163653681164214
190 5.050485559068075
192 5.794134512676878
194 5.889523772334724
196 5.193128036409087
198 5.345108536141419
200 5.231531584862464
202 5.875963057912765
204 4.59550032987724
206 5.099107144457558
208 4.918993089190753
210 5.124012753559342
212 4.642645916764294
214 3.9033631778240045
216 4.589592681965068
218 4.0976726673907065
220 6.336886441061608
222 6.199814909607457
224 5.575322791091277
226 5.604939558266828
228 5.293375600139083
230 5.6792890213990574
232 5.583467992433583
234 5.4567806039232245
236 5.673364355519835
238 5.702923973342184
240 5.689309779778356
242 5.3762739652926745
244 5.2439701369002245
246 5.413193446615432
248 4.352069245784185
250 4.283893616685756
252 4.998895822297544
254 4.160295127527411
256 5.272369380544154
258 4.583683420443798
260 5.525628764427116
262 5.51278984875417
264 5.855315878393409
266 5.80521009592711
268 4.633381958706049
270 5.600008918756552
272 5.79160203713189
274 7.910002679644847
276 4.64661224834287
278 5.598936413721152
280 5.766961788474771
282 5.747849626829721
284 5.158491226928201
286 5.7847885626081315
288 5.06815484112912
290 5.461168281852547
292 5.984731865585217
294 6.022558424224843
296 5.848633534528269
298 5.68955404241611
300 4.576886313215066
302 5.28388378182574
304 5.905188353766448
306 6.510023170119099
308 4.91074740687065
310 5.621422336650273
312 5.7070500085333284
314 5.171345090634666
316 4.530631536797756
318 5.120633556989533
320 5.941076032493551
322 5.250613637761356
324 5.886332064689881
326 5.299518582919122
328 5.068032080296326
330 5.27010868025829
332 5.031201371805226
334 5.255944735524283
336 5.807052310765516
338 5.660157360141542
340 5.343048306340402
342 5.559474964741475
344 5.621490625379811
346 5.505860342211611
348 5.763272811612684
350 5.242452578644536
352 5.032962044032425
354 6.026633982846883
356 5.807827997820574
358 6.143246787682068
360 5.569517831539861
362 5.338250710504853
364 5.614037214232093
366 6.348339896600286
368 5.773387611846127
370 5.983172361017067
372 5.519451965550913
374 5.635256999540932
376 5.743535474234618
378 6.209780046683112
380 5.765355374053561
382 5.05700564960537
384 5.7983030917609115
386 5.823821066025917
388 5.930367124365344
390 5.553474869843594
392 5.98168174851603
394 5.759544655499506
396 5.532937888820782
398 5.694791754584976
400 6.005243231863586
402 5.857770324022048
404 5.969292061652192
406 5.620865929302653
408 5.902492024839226
410 4.640097004771382
412 6.23560145215498
414 5.454076619942868
416 5.7842748555818915
418 5.829988070668112
420 5.841296134198603
422 5.375184692064607
424 5.917820431052648
426 4.297364944018463
428 4.677238862393978
430 4.85457626678075
432 4.282368223693557
434 4.9024335456231345
436 4.6679361119489124
438 6.040773685244129
440 5.7407826491547125
442 6.046501925474195
444 6.265765853799401
446 6.452098598951898
448 6.770301820460762
450 9.15539922588799
452 10.351671614994011
454 10.836763783724077
456 10.380386824558697
458 9.523050886842835
460 10.07891093032327
462 9.11438883346035
464 10.633020127217163
466 9.335238972136304
468 9.154065868447365
470 11.208959686168626
472 8.227477031203843
474 10.216601298968849
476 6.814074658095323
478 6.085682819959339
480 6.052615954092363
482 7.089063325677826
484 8.546849393320663
486 8.571454358612925
488 7.8156933561531075
490 8.86041076879214
492 7.209697514300569
494 7.131228226306767
496 8.942973733567493
498 7.749689146838461
500 8.321251305239691
502 7.7124879152288415
504 7.842275945830456
506 6.828507030402554
508 7.438829488868898
510 6.940463980307532
512 7.625267964045029
514 8.653444241174961
516 7.671928489584908
518 6.534531396880013
520 8.593372976816994
522 6.180551072523656
524 5.596313334967501
526 5.671793666561008
528 5.934487283570984
530 8.276538832936998
532 5.089729522536239
534 6.292348777221531
536 6.330449201125826
538 4.5443297029811065
540 5.501371263218741
542 7.982707627700754
544 8.372408003359396
546 7.727484932144739
548 6.395104888941595
550 6.326820359343934
552 5.642389194553193
554 6.266041244361256
556 6.135386174989268
558 8.71713685793794
560 9.026776756658437
562 9.129125852823226
564 9.30591892565071
566 8.983205745587663
568 9.550523465974209
570 8.598200637299195
572 9.513112990732337
574 9.561779113964313
576 10.257328377171175
578 11.03647597916379
580 9.390459599081874
582 9.195616851579384
584 7.598908775293598
586 9.511788111440447
588 9.76493961344935
590 10.269827558784426
592 8.22870356049008
594 8.680478434238236
596 8.336862301166061
598 8.481746575413098
600 9.114109102657167
602 8.35876222199582
604 9.963160718502081
606 8.607175502948751
608 9.606909122451022
610 9.439967404327865
612 8.771576332219029
614 8.8970704009124
616 11.289163061296515
618 7.693894222495039
620 10.679930335971967
622 7.642913490517757
624 7.475842741247679
626 9.499996224332518
628 9.577194209469946
630 9.154494288598903
632 9.173439469426949
634 8.797602816148377
636 9.167301323337323
638 8.307790846991457
640 8.313870989505748
642 7.74832948698565
644 7.405255558982488
646 8.050955163052421
648 9.394968503665954
650 9.355365886700122
652 9.126886415402476
654 9.069507177858515
656 7.690993973056918
658 7.921423201375594
660 8.275084286541441
662 9.978228059391006
664 9.224838944185004
666 6.8692098797878165
668 8.162420158526643
670 8.282246271883679
672 8.60487566045582
674 9.513200618493077
676 8.801554038592863
678 8.24803418074288
680 9.362769153513703
682 9.812930914602779
684 7.248263661371898
686 6.820990829315756
688 6.7160326268126935
690 5.206004175657362
692 5.1927304703387795
694 4.797362677203145
696 8.143538521635175
698 7.499835386377394
700 6.177976338677144
702 8.597609617661947
704 10.124703441362309
706 9.514756700429533
708 4.863359744292658
710 4.8317422827592535
712 6.46835957906919
714 8.134770224717938
716 10.084224580113741
718 6.785837127839461
720 7.6959365477068715
722 8.709338305596752
724 8.45980920887639
726 11.026530795788828
728 8.872908529216236
730 9.013347461661182
732 9.24628231648033
734 9.568583488745276
736 8.78657130770985
738 5.22771444821269
740 6.399976452790335
742 8.667836800483341
744 6.387819344201283
746 7.516701220295287
748 7.887325577393388
750 6.146137494680585
752 6.21305439357352
754 6.959672703118887
756 6.689157000295002
758 6.103885318304173
760 6.522277248056193
762 6.8556799003766065
764 6.265968504368112
766 7.6464044785498935
768 6.705077955020199
770 7.258070821308791
772 9.063991699535283
774 8.27910912038435
776 8.894442195124308
778 8.962817542672969
780 8.766261952021921
782 9.262723943932553
784 8.329288070683216
786 5.123677834770539
788 4.8605604996123235
790 4.455435936833471
792 4.632097599790284
794 4.6014646895235645
796 4.598977055463931
798 4.410663766888235
800 4.575886135982534
802 5.922932453720535
804 6.700606006604025
806 4.6620364606009845
808 4.722125043799406
810 5.086793100798585
812 4.725137410422137
814 5.16459447519337
816 4.596618088510732
818 4.604052487124792
820 4.489216667122726
822 4.39646658703714
824 4.768753542119254
826 5.035316045517088
828 5.201780198492141
830 4.795638182249893
832 5.040263269612065
834 4.999092763764986
836 5.080187533664367
838 4.830315492182763
840 4.636646151434091
842 4.726880699528656
844 5.040291135343573
846 4.486800335678064
848 4.648278992180817
850 5.705238332230598
852 4.711047230015895
854 4.440596057989622
856 5.148258239720146
858 4.7473459272832255
860 4.702372584709989
862 4.683366609579709
864 5.200957987655089
866 4.067491839964085
868 4.535294681888728
870 4.7682391338172705
872 5.487417935883076
874 4.827153387837756
876 5.011549950887226
878 5.161217074911159
880 4.726655114027354
882 4.540408156952094
884 4.825231312324109
886 4.497143411289795
888 6.0374608926425655
890 6.35591447519185
892 6.341137501815423
894 4.433174947527656
896 4.907267608198101
898 4.575475054990931
900 4.781999349279629
902 4.639177238924797
904 4.607882697387752
906 4.817779631727619
908 4.832091449769628
910 4.800380708228544
912 5.154455324512397
914 4.425179732473023
916 4.846245593253286
918 6.286864958895339
920 6.777475850658567
922 4.49810939831245
924 4.3710499578928985
926 4.872704218606332
928 6.191758998478875
930 4.61928669695265
932 5.763279840954145
934 4.6040963514574385
936 6.143248636403122
938 6.94356945753002
940 6.228306919236687
942 6.873524089848266
944 6.134010930377939
946 5.6724291379881455
948 6.7329135826408715
950 6.97511152981186
952 4.936451568007246
954 4.986964785052173
956 4.823290352850944
958 4.84217423146883
960 4.664699508958286
962 4.812927692872701
964 4.37326235128538
966 4.281710094823201
968 4.443879997661033
970 4.908571791517512
972 4.989441762834095
974 4.6907185818696355
976 4.734987610556331
978 4.504487585803274
980 4.544329952459171
982 4.444359326361313
984 4.349941960090136
986 5.278450213628283
988 4.634393316931151
990 4.862481637327654
992 5.695639570995747
994 5.19080800376608
996 4.420793096241641
998 4.2000357838957445
1000 4.527581785697503
1002 4.9556636897833775
1004 4.486461306593478
1006 5.007298305681331
1008 4.7888823305481445
1010 4.449335571406546
1012 5.341022433007901
1014 4.523132717564186
1016 4.744374089503406
1018 4.19211226106604
1020 4.665991566105684
1022 4.931508850655524
1024 4.81123693284676
1026 4.723796984085464
1028 5.020926622077871
1030 5.299535891390796
1032 4.522491915958801
1034 4.872714719097679
1036 4.728311049247623
1038 5.518134287790775
1040 4.707711490337421
1042 4.630441817430188
1044 4.837314248319183
1046 4.519441798018854
1048 4.34743500918189
1050 5.9045213768674145
1052 4.520906146208204
1054 4.486043853238045
1056 4.742757448767086
1058 4.966960725584498
1060 5.629821126758165
1062 4.976443218437556
1064 4.614645926311573
1066 5.504141255410482
1068 4.611845640831469
1070 4.953894245707111
1072 4.7165071980207225
1074 4.256166761220376
1076 4.736443272764301
1078 4.935017008812693
1080 4.435998433095722
1082 4.6878657009121225
1084 5.340433402316612
1086 4.795270281385727
1088 4.564127664773862
1090 5.1136858206361495
1092 5.037516587607467
1094 5.495746661931239
1096 4.508492134574834
1098 4.728681481370858
1100 4.649311720907472
1102 4.589836697802871
1104 4.987750601613356
1106 5.475043282394974
1108 4.851182908994409
1110 4.624298013402306
1112 6.654498483060453
1114 4.890254788305335
1116 5.8747014193419504
1118 5.2303920291132036
1120 4.565304394171858
1122 4.967143364035181
1124 4.944180442854989
1126 5.0696751700112515
1128 4.922500973970535
1130 4.68501627167218
1132 4.9814928469204505
1134 5.199591299593398
1136 6.142526552845388
1138 4.523343069977869
1140 4.692152530283345
1142 4.743340074040507
1144 4.687870518246869
1146 4.377049872043758
1148 4.516218512981328
1150 4.678186443449752
1152 4.334903222647569
1154 4.8487048491961575
1156 4.846407754031614
1158 4.562595008521123
1160 4.940161825765956
1162 5.281274898245533
1164 4.698655812351386
1166 4.153850576206367
1168 4.250204837676678
1170 4.439740118035794
1172 4.481990217512639
1174 4.677001951409076
1176 4.559705343612095
1178 4.252225862235468
1180 4.306961711395193
1182 4.412574471261823
1184 4.783372711946459
1186 4.250771266119146
1188 4.684632873483032
1190 4.677787021495501
1192 4.652852391386487
1194 4.729153423077857
1196 4.47880764863939
1198 4.717647255779245
1200 4.814444487825842
1202 4.869783278406178
1204 4.49749862662551
1206 4.60509818238829
1208 4.964717767385739
1210 4.710097216922022
1212 4.803179279293479
1214 5.047229389043617
1216 4.425959186633791
1218 4.98208095903943
1220 4.655026703298529
1222 4.831194826434977
1224 5.010525718421197
1226 4.854141917276571
1228 4.847563266512286
1230 4.791350213175097
1232 4.981676744434567
1234 6.109646401174219
1236 4.7716712944402
1238 4.890671092912724
1240 4.750556622798379
1242 4.974719144782711
1244 4.309750435471531
1246 4.402489905449807
1248 4.640270981605969
1250 4.569230750728081
1252 6.305792929928356
1254 4.220014791602138
1256 6.116113563139639
1258 5.1031273645650765
1260 5.0260444814284755
1262 4.732493447671016
1264 5.631745123062031
1266 6.9573791260958355
1268 4.268436992383009
1270 4.445735970537766
1272 4.945649551609056
1274 5.859986755826903
1276 4.98967946034733
1278 6.3129141741340575
1280 6.75114240301198
1282 7.298773690676735
1284 5.0446548637299
1286 5.736905154840186
1288 6.1034187397419775
1290 5.388963425713211
1292 4.76746478192277
1294 5.1075712770937525
1296 4.793438317467919
1298 5.6200184435596885
1300 5.894919320707584
1302 5.6649933378467585
1304 5.708349836980543
1306 5.478144966296675
1308 5.2791255816476506
1310 4.513417511983069
1312 4.38133818298886
1314 4.035076224409964
1316 5.925218647074264
1318 4.833732780082745
1320 4.461681938350897
1322 4.520227822162706
1324 4.626512705931528
1326 4.301094371205263
1328 4.078306953486774
1330 4.602279276873356
1332 4.224797260185235
1334 4.345644591252378
1336 4.269628790416297
1338 7.29666355464118
1340 7.513863984907753
1342 4.828063613335851
1344 4.793213081144004
1346 4.6444549789410035
1348 4.5042864079617955
1350 4.387345102213725
1352 4.612487015553626
1354 4.492049715958534
1356 4.483428724067876
1358 4.816444256435454
1360 4.909068485323213
1362 4.813745715972198
1364 4.912244618547876
1366 4.393869212981286
1368 4.452646733508669
1370 5.120524154898934
1372 4.774294823469009
1374 6.013356819250273
1376 5.56469072550262
1378 6.180891522545947
1380 4.980476503367618
1382 6.433580251963041
1384 4.792796973162236
1386 4.533755459003028
1388 6.1444641525277754
1390 4.842460232770588
1392 4.804610595176086
1394 5.749203346598468
1396 5.015877638875143
1398 4.582851289312733
1400 4.60571438561762
1402 4.358963981529147
1404 4.62094057392389
1406 4.626630563372291
1408 5.358190627378382
1410 7.4660313556523015
1412 9.617640092357274
1414 7.528142122863295
1416 6.1701363544459555
1418 7.957721933621724
1420 8.19528060833142
1422 8.222516487462418
1424 9.466455823173531
1426 10.491053030655983
1428 7.050300813792653
1430 8.442787868488768
1432 7.27140989839081
1434 7.548710721316533
1436 4.505430800897418
1438 5.763630636983356
1440 5.8196449533321495
1442 4.464913966261611
1444 5.503388858533424
1446 4.640628864493192
1448 4.604260120246307
1450 4.651119524985665
1452 4.449202760757114
1454 4.691294177674751
1456 4.132823009208384
1458 4.310823037854199
1460 4.787791417272467
1462 4.537065738468343
1464 4.539517983550715
1466 4.558519283615924
1468 4.806864681710346
1470 4.7456264060710485
1472 5.1560203665759055
1474 4.446704363883798
1476 4.61383472945366
1478 4.436275970397604
1480 4.58368302695777
1482 4.577223114026764
1484 4.631995615961689
1486 4.583984675589807
1488 4.282475667819328
1490 4.243934762613506
1492 4.342726324551041
1494 4.785918992144548
1496 4.611113803404324
1498 4.498478158612543
1500 4.1659763985965546
1502 4.69736811089171
1504 4.515669533397515
1506 4.6791549871861084
1508 4.3802396184612835
1510 4.670820785380097
1512 4.449382092727684
1514 4.684802256903562
1516 4.725372578140762
1518 4.344891564670706
1520 4.407286607901569
1522 4.343325539907584
1524 4.879681579336592
1526 4.57101444229696
1528 4.523272611418983
1530 4.583848775692534
1532 4.892059269209789
1534 4.388497506410695
1536 4.434162038884515
1538 4.326507079640865
1540 4.520279394648335
1542 4.967467335797891
1544 4.575322008155086
1546 4.391938449353645
1548 4.858195892298062
1550 4.582104437156282
1552 4.504839825595972
1554 4.362435661129852
1556 4.788014367104252
1558 4.1130959612294
1560 4.9733386729282305
1562 4.161213938682281
1564 4.691290695135542
1566 4.39063990282786
1568 5.6569576220246915
1570 4.403578128716531
1572 4.384462230248487
1574 4.761879382610472
1576 4.487275538716943
1578 4.685155872868914
1580 4.462579352520702
1582 4.233818165649543
1584 4.333335894618907
1586 4.586764554895355
1588 4.752207873751727
1590 4.713274165918674
1592 4.429865132302266
1594 4.485421928029441
1596 4.724629317019006
1598 4.582434106880594
1600 4.641401748376647
1602 4.582263919730259
1604 4.426306745269964
1606 4.872556628026765
1608 4.847788975701549
1610 4.499317207591317
1612 4.97202359272729
1614 4.30285952106089
1616 4.523340211069029
1618 4.734655871028083
1620 4.606365891475625
1622 4.373463773259333
1624 4.5614170844045425
1626 4.216467735534749
1628 4.822577983888075
1630 4.493757656300252
1632 4.477568911607115
1634 4.467667261209478
1636 4.397562572571079
1638 4.460588532355542
1640 4.45091224218183
1642 4.481864596366875
1644 5.8400661794002975
1646 4.83018091909968
1648 4.284401551601253
1650 4.9087357867322705
1652 4.70970353864028
1654 4.5879276292995685
1656 4.560979135037509
1658 4.508626879225677
1660 4.343212188141898
1662 4.674254749325961
1664 4.3997386383121215
1666 4.544482492459922
1668 4.5859480435367574
1670 4.300338262694876
1672 4.73288773695637
1674 4.547153819175947
1676 4.653995289627444
1678 4.8726529606610915
1680 4.580328553925004
1682 4.3156188733244205
1684 4.2699481112308035
1686 5.065581226802081
1688 5.551778293033618
1690 4.5160795095292965
1692 4.686589987190749
1694 4.5343631641316255
1696 4.939837708067747
1698 4.749213625420982
1700 4.803806786029032
1702 4.669676151534389
1704 4.437830715015518
1706 5.049122634667768
1708 4.933590880170314
1710 4.7252028810270845
1712 4.515362847875708
1714 4.6627522120590115
1716 4.56996245054271
1718 4.8044617725211305
1720 4.146863236344776
1722 4.6460847847479965
1724 4.817806272093842
1726 4.637078706675821
1728 4.456616469121475
1730 4.812452655193316
1732 4.367340929077019
1734 4.482883653712311
1736 4.192915014889536
1738 4.841007170755088
1740 4.527121852039298
1742 5.099229424403572
1744 4.451526106531919
1746 4.435944115443785
1748 4.072078917346084
1750 5.163463767772113
1752 4.650471015952441
1754 4.549899596736112
1756 4.630646619698185
1758 4.234495334577946
1760 4.35719730169566
1762 4.536715412164069
1764 4.548226364368946
1766 4.152264546077122
1768 5.109607993546063
1770 4.448060183756442
1772 4.842410978609501
1774 4.184852481918727
1776 4.832485666665391
1778 5.468173236332077
1780 5.182710223428047
1782 4.104642163015188
1784 5.177927486919306
1786 4.829690308054314
1788 5.069654179812995
1790 4.647288341413953
1792 4.22631991419825
1794 4.490445904589549
1796 4.607136091909151
1798 4.066217241654992
1800 4.362918062049738
1802 5.141646765740768
1804 4.515710100039061
1806 4.607343908969862
1808 7.577088746808321
1810 5.107897666056061
1812 4.889196015096951
1814 6.03030752381834
1816 5.784427816969446
1818 6.058261276948565
1820 6.103488582942185
1822 5.801216566686348
1824 4.353443183709098
1826 6.511126149131104
1828 5.565106736472545
1830 5.64942991422743
1832 5.6838362550391075
1834 5.495728366057852
1836 6.643933414833835
1838 4.366417290096402
1840 4.752130376500362
1842 4.254576751422901
1844 3.9676202332137414
1846 5.288410885247936
1848 6.0049357968744745
1850 6.553278163456578
1852 7.143710185537893
1854 7.029288753816914
1856 5.912001657015884
1858 4.448303394030335
1860 5.375739601536472
1862 4.257944623094493
1864 4.355605594830736
1866 4.960580755200103
1868 4.709032526462512
1870 6.083238293439997
1872 5.8292693432472555
1874 4.572879365313067
1876 6.444114461342682
1878 4.108312024266892
1880 6.643450271241046
1882 5.495045420189629
1884 4.365098121475955
1886 4.328031644208459
1888 4.476753945108644
1890 4.445563853905566
1892 4.588486931771812
1894 4.467536182396695
1896 6.820061924011987
1898 5.229961168135253
1900 5.76282804840542
1902 6.022179835367274
1904 5.847217359171238
1906 4.28577299644396
1908 4.738414636095769
1910 4.443655347976668
1912 4.894812331065485
1914 4.595278402205006
1916 6.36654422508027
1918 4.65773035140591
1920 5.628579485279222
1922 4.30392581701874
1924 4.295468020717805
1926 6.3828653967189455
1928 6.075166278089313
1930 5.9340174130775525
1932 4.620218029080281
1934 6.033512589942095
1936 4.818310939163292
1938 4.818445580274679
1940 4.908910588072812
1942 4.42545565295299
1944 6.152274747880923
1946 6.636208624732259
1948 6.535974736275301
1950 6.024907304364929
1952 4.7893013194969125
1954 6.173887747864297
1956 4.494652018587677
1958 4.5842635743306674
1960 4.674906628013573
1962 5.680732506817504
1964 4.4512967608215535
1966 3.985284994889636
1968 4.47603049509315
1970 4.377030809356785
1972 4.2962899431347585
1974 4.538792573130453
1976 4.804051048103768
1978 5.0211718209108
1980 4.502464254486209
1982 4.778814504619965
1984 4.076238516175177
1986 4.2918641350734115
1988 6.451938371723158
1990 4.267198828254197
1992 7.900928582198324
1994 6.936450029640549
1996 7.519797334175225
1998 7.254686198058022
2000 7.571276215952598
2002 6.382387045949862
2004 6.196362922013745
2006 5.3858014702411765
2008 4.5775991285560895
2010 5.13803170839142
2012 6.292882750810654
2014 4.663999743743032
2016 6.107744544965137
2018 6.816177470643941
2020 5.566212144095188
2022 6.206329898872798
2024 6.669393849893518
2026 4.625775080219546
2028 4.954867510683342
2030 4.380244567528332
2032 5.058710775377511
2034 6.672156931067771
2036 4.450373449540558
2038 5.953765041579662
2040 4.203957285024245
2042 5.715951603038335
2044 6.151634900142576
2046 6.875490231995964
2048 6.618647825554785
2050 4.141717499606132
2052 4.542289444323029
2054 4.494868855333661
2056 5.836863501931804
2058 6.983511886731762
2060 7.150176343545093
2062 6.292157869857842
2064 6.436748440088447
2066 6.158620422258094
2068 6.995816162575567
2070 5.828988431986119
2072 6.386808752238186
2074 5.678794762266851
2076 6.295349246426293
2078 5.869191794185532
