0 4.627409692809877
2 4.21764698037583
4 4.455703357192143
6 4.2546988149204035
8 4.011495141194526
10 5.918395165126251
12 5.910020882051725
14 6.31597358357396
16 6.2821400775433025
18 5.760702631270643
20 6.5512389044265396
22 5.819114395876543
24 6.131441561545121
26 6.284024896721588
28 6.040884022475185
30 5.883031705537803
32 5.37532641803362
34 5.256835123458608
36 5.904594996923048
38 6.429953162724733
40 6.029558199626601
42 6.081156560920302
44 6.187483876348735
46 5.601297234288293
48 5.773267515364573
50 6.136687444724125
52 6.231344342866252
54 6.4880557926712825
56 6.134406047948061
58 4.675567229601778
60 7.84614960766655
62 6.119888492145977
64 6.1568049633878745
66 6.346062816834494
68 6.476005694554521
70 5.8758339610305255
72 6.108398629726167
74 6.5080594537883245
76 5.588212602691905
78 5.704606154522674
80 5.755649955367682
82 6.023234096976477
84 5.731350101576316
86 5.551944388494844
88 4.125265585380012
90 4.1772810216122895
92 4.351215566999635
94 4.41100588652176
96 4.302339079813089
98 4.6922504587553755
100 4.293725320049214
102 4.305446318955667
104 5.9858914935701115
106 4.413459981003475
108 4.035825436119317
110 4.051915244788644
112 4.143395544207468
114 4.398791641780122
116 4.138950405045206
118 4.321133230418204
120 4.473803028482139
122 4.293612770895042
124 4.083149133714876
126 4.3651964022424385
128 3.8907392820292834
130 4.626251630034495
132 4.269154126188499
134 4.345174754401282
136 4.31092079753448
138 4.29304090803615
140 4.297330618606778
142 4.211637442556555
144 4.247898999598694
146 4.2977577481058935
148 4.066026257315773
150 4.305640657731028
152 4.373487886709689
154 4.284174623357585
156 4.295094196330002
158 4.148689600687366
160 4.506801021170482
162 4.215926927258533
164 4.478811994805881
166 4.280539655807987
168 4.231914324811199
170 4.1459630722170875
172 4.4016467879487395
174 4.140702968755431
176 4.492687402216717
178 4.158621273456324
180 6.221151360435737
182 4.710894917169415
184 4.2096996789379135
186 4.216123920075739
188 4.406876153717616
190 4.023407917078874
192 4.19663887901608
194 4.775216115165889
196 4.306615347859697
198 4.23042130052906
200 4.3675270112068985
202 4.744353219943609
204 4.1518862650792485
206 4.566900022094382
208 4.299406913139624
210 3.9972989262832836
212 4.310406843137847
214 3.97472255676563
216 5.366809763706751
218 3.916846620838624
220 4.170790475993189
222 4.184429464708716
224 4.35085495819184
226 5.690177598811153
228 5.932407030874011
230 4.142663963637267
232 4.043655317617482
234 4.054546460855683
236 4.878896133156907
238 4.344364835382352
240 3.8814139866997874
242 4.312963811115495
244 3.9729727665530095
246 3.852390939209284
248 4.168942757562664
250 4.126526918364434
252 4.148606762969095
254 3.9381931534401464
256 4.052568598280931
258 4.633529722888634
260 4.123242128120097
262 4.363326380421252
264 4.300569174781265
266 4.089157872891975
268 3.9490949064235865
270 4.258899489982777
272 3.9829343420417676
274 4.14552526516661
276 4.035688068490537
278 4.321228097206768
280 4.3157356634091935
282 4.21335195595372
284 4.26005841067603
286 3.9286941750691184
288 4.0423245365432905
290 4.276264625596398
292 4.797767708823469
294 6.214415577352718
296 6.763587252665213
298 4.434421526526521
300 4.628955466525878
302 4.000018322718332
304 4.050739162486167
306 4.109516094895449
308 3.9918953216938045
310 3.956283871777791
312 4.01672004922134
314 4.22064872131663
316 4.002512104863857
318 4.494281442005114
320 4.298446822599685
322 4.25851148864662
324 4.174468394546327
326 4.192159634940343
328 4.297085228526578
330 4.270236664053006
332 4.598327555603457
334 4.291707487185649
336 4.114978990656854
338 4.22504793219633
340 4.128302798562493
342 4.244075300062682
344 4.190124820147662
346 4.34185410444615
348 4.192300597735537
350 4.1460209747712256
352 4.244576347429224
354 3.9697571464491825
356 4.080369955010827
358 3.988998168763955
360 4.083958626175498
362 4.080365785399936
364 4.142893192142548
366 4.157230680539043
368 4.171816508255863
370 4.6869334026097125
372 4.039158393144482
374 3.77320504751342
376 4.154878276049455
378 4.162140935784487
380 4.377443765742277
382 4.242175127318674
384 4.217718603685684
386 4.129533213550967
388 4.4605323932255025
390 4.279174414192468
392 4.414455671788225
394 4.102140230897096
396 4.232377894760949
398 4.237015610998969
400 4.325605460249657
402 4.277076168146856
404 4.305134194441632
406 3.996377227545207
408 4.11479347721761
410 4.223145839898752
412 4.257418843616556
414 4.359424553095965
416 4.140833013649767
418 4.03001882090183
420 4.227248368143222
422 4.328347848646407
424 4.101509065130967
426 4.08883469823429
428 4.36371966590068
430 4.561203436417703
432 4.211140157751089
434 4.314177617545181
436 4.1080627561135366
438 4.202331757455779
440 4.110481393668721
442 4.249447307248639
444 4.539359047311289
446 4.191954436135197
448 6.127756476761194
450 4.118119223471041
452 4.5451345372583996
454 4.083639056875804
456 3.8677216234817595
458 4.2606297696418505
460 4.4873819785705
462 4.059604033913555
464 4.203169784412005
466 4.422544124520407
468 4.273514795206351
470 4.222886533964487
472 4.013733398261531
474 4.371059557793626
476 4.200118061412154
478 4.142051166541929
480 4.416316164867492
482 4.3743756404403324
484 4.598334457740155
486 4.322519406949171
488 3.9696173334182343
490 4.313764746755402
492 4.260478037489673
494 4.143159210513576
496 4.535495207645259
498 4.194402522222215
500 4.4815671359710425
502 4.066978493783973
504 4.2467589462880015
506 4.2992623637768075
508 4.228878498433947
510 4.247049548165944
512 4.293941799986138
514 4.382310393478985
516 4.151109255438729
518 4.263262505405017
520 4.642806855042148
522 4.311769762399614
524 4.269263008361268
526 4.507866130399868
528 4.278262857876044
530 4.205758928721351
532 4.36524308864366
534 4.078596217695358
536 4.754849771562144
538 4.245340455403899
540 4.22924763151081
542 4.1497348430703545
544 4.167924138729114
546 4.328542298535328
548 4.138563816282394
550 4.283628857679211
552 4.506825352277393
554 4.22555276394809
556 4.116527278219576
558 4.1335373087027065
560 4.118812839615077
562 4.509985936184554
564 4.237228200114278
566 4.075913063030337
568 4.20778616501352
570 3.902408507977599
572 4.278163674292696
574 4.274222408503422
576 3.9227878917735035
578 4.745779069441233
580 4.496520730707401
582 5.165975844019598
584 4.708513116714295
586 4.145197012978304
588 4.130735688162857
590 4.24086573993657
592 3.9469431144573424
594 4.213653793310642
596 4.196088333183317
598 4.028357036394282
600 4.2628823822497015
602 4.606490237389671
604 4.224848116532596
606 4.324597421609807
608 4.3490956287603755
610 3.903251816603353
612 4.0596792227981995
614 4.057234148782604
616 4.104535791356138
618 4.199389101928362
620 4.113397835641446
622 4.425407776750203
624 4.487863641909163
626 4.407051495149223
628 4.086389215292714
630 4.2067299871832065
632 4.273681464422702
634 4.033604001725832
636 4.307883251856747
638 4.485818531966832
640 4.407957366046698
642 4.459203307837376
644 4.7448846994016005
646 5.936627724798375
648 4.577713728733788
650 4.120501075574488
652 4.47886283475324
654 4.921572351812808
656 5.459729195613205
658 4.491650381617402
660 3.7780206129968406
662 4.506982744261449
664 4.164849149589488
666 4.123710143982131
668 4.06662465942921
670 4.259979457902906
672 4.222613125653884
674 4.346309465430045
676 4.705579959758921
678 4.313816176409976
680 4.108971229879466
682 4.203935248059791
684 4.1358462237977704
686 4.376508040185989
688 4.0563326706704075
690 3.9574952012578506
692 4.346229779893757
694 4.054542163836391
696 4.041350653710392
698 4.2306975699918965
700 4.165775047266181
702 4.10893086508434
704 4.195246115779818
706 5.5715949950254515
708 4.1181538106438165
710 4.305214516577508
712 4.153190684151192
714 4.242617790102921
716 4.179538823296833
718 4.507325519352735
720 4.44401337083217
722 4.331709257370212
724 4.090012970326549
726 4.28151916923452
728 3.8041256836260695
730 4.337343082290999
732 4.130823298454849
734 4.666577658834319
736 4.417857887797156
738 4.2475758747519885
740 4.649160386292678
742 4.138423972800146
744 4.440958167126697
746 4.164170743493642
748 4.609956198133845
750 4.270327641161634
752 4.237043958225929
754 3.9535680658958112
756 4.1874591037093545
758 4.01692011353656
760 4.06154741461218
762 4.091716855579426
764 4.214795162343299
766 4.241811897086355
768 4.128260467193618
770 4.199790031647482
772 3.8508511331276227
774 4.209635325244761
776 4.099932454372092
778 4.184749534709954
780 4.035331447392781
782 4.046540952822971
784 4.140492271613296
786 3.903384006432771
788 4.017718049494381
790 4.00891612942133
792 4.112299699631395
794 4.500067898394368
796 4.215371371347132
798 4.208334376298456
800 4.060592107606328
802 4.0773179614849315
804 3.7007880762445877
806 3.807278049186769
808 4.158576865701283
810 4.191528768306381
812 4.114446246331056
814 4.261855981407178
816 3.6414400584792994
818 4.048582123651487
820 4.120915339005477
822 4.257027900069427
824 3.9249220724949594
826 3.8673154579547764
828 4.06198214623383
830 3.987336368096839
832 3.697178899051518
834 4.112282990375402
836 4.014739172273075
838 4.0095048639756925
840 4.180631549355577
842 3.548118828757719
844 3.902951279828791
846 4.1406495311888705
848 4.15409664686569
850 4.025032199900622
852 3.8238973403035397
854 3.779550197424269
856 3.7363844178680012
858 4.10371392979789
860 3.879277312627636
862 4.085317041057344
864 4.21853168561356
866 3.914326516955838
868 4.338761421357366
870 4.106518794865405
872 3.875004025962696
874 3.779227907160786
876 4.005055714596872
878 4.071142097711692
880 4.089571449568723
882 3.965284004191851
884 5.677954661727882
886 3.9108313454793846
888 3.616750124580741
890 4.653360177072736
892 4.187371956124262
894 3.9525368116645656
896 4.580006195468904
898 5.932381413669661
900 4.0888435799567135
902 3.980658585396734
904 6.130122366801175
906 6.551406283077749
908 6.4591672794101544
910 6.405920057720013
912 6.648680102622314
914 4.099918820953633
916 4.029708844978352
918 4.221007085021109
920 4.075031411642717
922 4.064305977035781
924 6.538919938533894
926 6.143556697694977
928 6.788656464413043
930 6.326811729570398
932 6.430105363568659
934 6.70289178553684
936 6.363316869918678
938 6.250234027854517
940 6.784268109882338
942 6.3926917143543305
944 6.494415470694375
946 6.673482447335503
948 6.269422378826773
950 5.952486053418492
952 6.30118027012886
954 6.562991517123772
956 6.328071744575708
958 6.301488940422752
960 6.182382584820647
962 6.422738117292703
964 6.120021021198354
966 6.273214490031514
968 6.433177047549337
970 6.535245490276266
972 6.329503751715483
974 6.3466305147248745
976 6.258121508447155
978 6.466365556347921
980 5.955924746109875
982 6.326997115928
984 6.341936673661518
986 6.537831940206007
988 6.577447223288544
990 6.3964254634725055
992 6.107413945070538
994 6.607093386663535
996 6.6251035148168596
998 6.59324622677703
1000 6.351133336141394
1002 5.834292969223137
1004 6.176027056703834
1006 6.733149732202403
1008 6.585783935786641
1010 6.3943041823700195
1012 6.679827186961004
1014 6.536361463793455
1016 6.512610247549712
1018 6.385901850482224
1020 6.314589742474782
1022 6.430472124247854
1024 6.335273155580157
1026 6.006866688403295
1028 6.438093300748701
1030 6.3593828806407995
1032 5.9633809161165265
1034 6.279263671667449
1036 6.239081527901295
1038 6.354444062585283
1040 6.310575186612387
1042 6.159620024623588
1044 6.445973275790818
1046 6.581201902962237
1048 6.290117194172484
1050 6.094294654151108
1052 6.038491869467739
1054 6.394477351166827
1056 6.405533172073238
1058 6.37089671148875
1060 6.711187634491768
1062 6.486554849626487
1064 6.413839655751829
1066 5.9971653969074925
1068 6.604372336573562
1070 6.397231843737444
1072 6.725546611829401
1074 6.643233043014336
1076 6.851519318656297
1078 6.267863339765515
1080 6.37285885938032
1082 6.132040483854021
1084 6.610501551924452
1086 5.848702464133429
1088 6.192456974136435
1090 6.31319037646782
1092 6.207507288819907
1094 6.025365642675694
1096 6.231817083242706
1098 6.019040045771744
1100 6.7201320076681474
1102 6.402773234813885
1104 6.338604670871599
1106 6.738601332081741
1108 6.252554956298419
1110 5.781293577224499
1112 6.023590159485895
1114 6.24786253098894
1116 6.637294818475747
1118 6.4874727676842365
1120 6.238769036191351
1122 6.491759767519867
1124 6.2773443941576
1126 6.280366612808172
1128 6.47287879257065
1130 5.801256369961602
1132 4.407444427544295
1134 5.974664147043104
1136 6.356310342058505
1138 6.362274741996525
1140 6.787549724483197
1142 6.777523547701356
1144 6.645369832446176
1146 6.495006897116764
1148 6.830563843279619
1150 6.721255906233247
1152 6.368684942787135
1154 6.371861467967464
1156 6.584653887740451
1158 6.104893653440832
1160 6.612739088277424
1162 6.504564115099831
1164 6.377195451951309
1166 6.570311032257607
1168 6.35662042808091
1170 6.653190379374071
1172 6.686672497357503
1174 6.8930530227459395
1176 6.435358724015341
1178 6.933317322400456
1180 6.4770774264754545
1182 6.369731982481113
1184 6.69158264143205
1186 7.055962553050411
1188 6.8545209921886725
1190 6.4965640750806735
1192 6.409716174060169
1194 6.530290929327313
1196 6.633416699881197
1198 6.907431215273091
1200 6.351613924881297
1202 6.8422795081195265
1204 6.846148988246342
1206 6.920041543916449
1208 6.696514180743569
1210 6.710426636735725
1212 6.60596256470341
1214 6.229520991791461
1216 6.490475771357968
1218 6.636103514931318
1220 5.006740893666874
1222 5.988961610802603
1224 6.136255042960203
1226 6.274777759524745
1228 6.539231965599248
1230 6.510574643607548
1232 6.302967890594621
1234 7.249109141795835
1236 6.783351724642399
1238 6.857135836300802
1240 6.412704295339021
1242 6.888410961804005
1244 6.2428068426138354
1246 6.631180772775136
1248 6.567761158370517
1250 6.808310985870279
1252 6.3104750615004175
1254 6.765237864215221
1256 6.982821329055629
1258 6.281237731740612
1260 6.828795279606455
1262 6.634883040066714
1264 6.578159076146423
1266 5.900353311082062
1268 6.367950049240286
1270 6.449039483998662
1272 6.496896831470023
1274 6.936285474876581
1276 6.995040649995116
1278 6.620715673664678
1280 4.291635634555502
1282 4.216425040814958
1284 4.261942715820249
1286 4.318011107198673
1288 4.023256789024639
1290 4.219038768343211
1292 4.13108645062602
1294 4.296334259304118
1296 4.2685901753457065
1298 4.263109882654351
1300 4.003564474744142
1302 4.05498588739354
1304 3.9047171898914876
1306 4.299716259492504
1308 4.322526184688875
1310 3.798353340350769
1312 4.043519814513682
1314 4.092390314226528
1316 4.237758620587806
1318 4.819521819665911
1320 4.156406763239474
1322 3.6440759010180113
1324 4.301092304686986
1326 3.8550391240531665
1328 4.040170816267618
1330 4.06953336925581
1332 3.8248780889125205
1334 4.0635405698639575
1336 3.7532407773895464
1338 4.1998707517131155
1340 3.9486926354362613
1342 3.7843093657270224
1344 4.2285954640416215
1346 3.9166065779213453
1348 4.244677232533633
1350 4.084573545210341
1352 4.253638897710529
1354 3.87343350944684
1356 3.800322669544954
1358 4.228106868236441
1360 4.098593315164722
1362 4.313743836702059
1364 3.9525955210050245
1366 3.9362050992728443
1368 3.930494378526359
1370 4.199599169546407
1372 4.070189042643579
1374 4.131355759183899
1376 3.7540031326963406
1378 4.097058571761593
1380 4.080019675571903
1382 4.071825341917458
1384 3.938199868832394
1386 4.085177802687751
1388 3.9375580926501303
1390 3.6856595736729276
1392 4.416889563430621
1394 4.273800500910113
1396 4.237585006180204
1398 4.326026482465271
1400 4.039078987820191
1402 4.246795018861175
1404 4.095748954355607
1406 4.32028455150858
1408 3.595475277966093
1410 5.213993617505363
1412 4.389041443901597
1414 4.066380687815013
1416 4.93504856631838
1418 5.198088685536334
1420 4.267124345874069
1422 4.275995867824228
1424 4.596352476175349
1426 4.060785695990286
1428 3.9986080219695337
1430 4.356669324451345
1432 4.123467625688373
1434 5.934820523076102
1436 5.928062364281509
1438 6.117749729215938
1440 5.921858205168349
1442 5.904119185645274
1444 5.8590868887599905
1446 6.4539977258731795
1448 6.311108047246111
1450 5.885401220670839
1452 5.804849122929079
1454 6.1938068606104855
1456 5.817467537709308
1458 6.145673643213626
1460 4.300855750525233
1462 6.532395445684784
1464 6.010475107925942
1466 6.00886689484636
1468 5.795050892257119
1470 6.032460345995543
1472 5.57754904786766
1474 6.140100873691785
1476 6.0237220932312585
1478 6.15150648320782
1480 5.937943328434047
1482 6.268410034095922
1484 6.4435627733942615
1486 6.462864158776807
1488 6.7404747064015895
1490 7.044633261006124
1492 4.111186839176901
1494 4.333358347503425
1496 4.205245969575753
1498 3.987286500589461
1500 3.9535395842525736
1502 3.7445447022125333
1504 3.823465195649123
1506 3.6809875589772605
1508 3.9298382146825426
1510 4.160840092718259
1512 3.8132705540181964
1514 4.2247822238453345
1516 3.9619208969592514
1518 4.079876011485947
1520 4.20152573912172
1522 4.929160209147611
1524 4.576784966146505
1526 4.0565771337474485
1528 5.378214394180554
1530 4.726626022958536
1532 5.766179668237521
1534 5.377163719549984
1536 4.971580982773876
1538 4.218443256358013
1540 4.0761226810434525
1542 4.113706334142273
1544 4.1000160336092915
1546 4.196992380017057
1548 4.24095133851551
1550 4.388002334065747
1552 4.1037918242102664
1554 4.0914341784391945
1556 4.17177694613751
1558 5.225428362214529
1560 4.121669603587814
1562 3.9211566783371126
1564 4.713562204146654
1566 4.548276529060855
1568 4.6290957140853415
1570 4.728160309095143
1572 5.279142113554905
1574 6.1693569007717635
1576 6.0647044764798315
1578 5.976156961336299
1580 6.145636203702759
1582 4.876577415947396
1584 4.03696118121963
1586 4.302306239347698
1588 4.224463344830323
1590 4.1642932034932265
1592 4.096518195769189
1594 3.6923063519073103
1596 3.994018642698123
1598 4.210627836049765
1600 4.2481787120500965
1602 3.74563590300973
1604 4.157457344179713
1606 3.970363735963091
1608 3.938339673635373
1610 3.6925005702782654
1612 3.9696059746875703
1614 3.7172644428227013
1616 4.465226403941621
1618 3.6312031011692865
1620 4.3089881349996775
1622 4.091121881229828
1624 4.356990708733259
1626 4.099202571843538
1628 4.265517191151687
1630 4.151700514622258
1632 4.503725932136608
1634 4.5021088124005795
1636 3.9379323710163745
1638 4.101236699120076
1640 4.334062626744361
1642 4.410686264795586
1644 4.100274662409127
1646 3.840883938461257
1648 4.714609757555646
1650 4.4117613097300294
1652 4.515242998556087
1654 4.14141030878816
1656 4.2479381272013805
1658 3.9786580860946286
1660 4.391747371006798
1662 4.32225621963
1664 4.687985924056742
1666 4.251188720335979
1668 4.184007193933848
1670 4.325494697991731
1672 4.358550930878568
1674 4.317742503155263
1676 4.2846475256394125
1678 4.130801462361864
1680 4.0063653035664375
1682 4.333891332372956
1684 4.608000451841934
1686 4.065327519631344
1688 4.357291385741623
1690 4.505974788563712
1692 4.405640542683792
1694 4.87969530123738
1696 4.7731718944658414
1698 4.77060810939548
1700 4.349735633984951
1702 4.452152378713211
1704 4.78414067412992
1706 5.026902829468655
1708 4.5657377571697
1710 4.146718373937561
1712 4.226307446673566
1714 4.205345965846011
1716 4.494847254044311
1718 4.499631387509369
1720 4.360795111305831
1722 4.209476100195425
1724 4.100905999545535
1726 4.319890967520162
1728 4.615024175953238
1730 4.505932889798997
1732 4.174375138910947
1734 4.043705635602954
1736 4.0691076941791025
1738 4.159437763665505
1740 4.3214525677101365
1742 4.19778769147851
1744 4.121246154627248
1746 4.044935303758835
1748 4.27184004935622
1750 5.198702096217865
1752 4.646212550507945
1754 4.770326740585079
1756 4.5598809571391605
1758 3.926055065857068
1760 4.884861703131904
1762 4.188622867911396
1764 4.416007643875492
1766 4.368868520124396
1768 4.226181566426186
1770 4.45709784542339
1772 4.696223779993997
1774 6.13425366179634
1776 5.442740195098412
1778 5.37666794615387
1780 4.320041242352965
1782 5.701979787103656
1784 4.68558291006811
1786 4.313749425559431
1788 4.21670068933005
1790 4.431545490526326
1792 4.2156010984036865
1794 4.22986864035773
1796 3.9382208743126226
1798 4.173130132910527
1800 4.609578730291809
1802 3.9283137089911904
1804 3.8444313119017712
1806 4.098916185744707
1808 3.7728701574476102
1810 4.927099089556691
1812 3.898721116324957
1814 4.6662549416785515
1816 4.290208513944187
1818 4.132145161158433
1820 4.208469999752836
1822 4.013119423662523
1824 3.9063419286073384
1826 3.732176908503369
1828 4.259670980586298
1830 3.717701715926306
1832 5.361303620736261
1834 6.719327749967944
1836 5.11698668260825
1838 5.349497640547005
1840 4.542527550735802
1842 4.370086688622546
1844 4.082810229954876
1846 4.009432337438906
1848 4.467279045222447
1850 3.6760170462740316
1852 4.205765815529265
1854 4.017073835027694
1856 3.862983740288933
1858 4.290932617546611
1860 4.166845188154304
1862 3.8644855791758776
1864 3.9411394359657987
1866 4.079759980423041
1868 4.244647684565062
1870 4.291415784859143
1872 4.224464103348312
1874 4.587603642845667
1876 3.85328431024751
1878 4.034419735554396
1880 4.549838489406448
1882 4.086869254722584
1884 4.039284253317769
1886 3.778946599573378
1888 4.227587297059874
1890 3.890302520996497
1892 4.266633123356458
1894 4.214634720262666
1896 4.375603574443458
1898 4.032432928131844
1900 4.240826522594768
1902 4.229841983096229
1904 4.287903347611015
1906 4.338922917900829
1908 4.287121550385483
1910 3.790115873233714
1912 4.314190885822277
1914 3.840699699554225
1916 4.200971536081831
1918 4.2342531614457215
1920 4.707829370893603
1922 5.141885263578255
1924 4.943415373429103
1926 4.223089760070278
1928 4.997466756958029
1930 4.590401969384641
1932 4.127195639618432
1934 4.8178430516191035
1936 3.982698658543287
1938 3.9720751357206363
1940 4.357869569558723
1942 3.6935648731513266
1944 3.8668043347224343
1946 3.8111105426419702
1948 3.901353588255108
1950 4.172215351443524
1952 5.348579556442439
1954 4.088049716960378
1956 5.5542076934393485
1958 4.203643759378154
1960 5.522571343539702
1962 4.898458563179788
1964 3.8910741253788648
1966 4.566020009467683
1968 4.1165298662614145
1970 4.112634744883246
1972 4.325264298869023
1974 4.63962028199825
1976 4.4270247322306515
1978 4.406525443668542
1980 4.493708807627193
1982 4.344957995116162
1984 4.062782360980775
1986 4.260621019691518
1988 4.039232659318078
1990 3.975985226401776
1992 4.318733340481514
1994 4.09763340154122
1996 3.9769442819330143
1998 4.029110375760732
2000 4.143828365824334
2002 4.009756831468919
2004 4.501324033471878
2006 4.376311177691134
2008 4.941439629336465
2010 3.9879920438856784
2012 4.0083554959292
2014 4.223551841894083
2016 3.920329832099446
2018 4.053167418136092
2020 4.241909868766803
2022 4.050807610513836
2024 4.640493390394494
2026 4.563883408769007
2028 4.482687284495915
2030 4.214983725379258
2032 4.11054944081008
2034 3.838972121794247
2036 4.101271651896053
2038 4.553273404250232
2040 4.237941955752659
2042 4.450659578637062
2044 4.22418090610872
2046 4.343188196445019
2048 3.995508690678208
2050 4.067119011754739
2052 4.1358159720860375
2054 4.14070626689535
2056 4.117453678988476
2058 4.398071580876931
2060 4.230859488249099
2062 4.478365019420827
2064 4.153482083208661
2066 4.037087166578448
2068 4.426033041166667
2070 4.498955411939607
2072 3.815873126787284
2074 3.883379411901096
2076 4.092252782635399
2078 4.438147889545707
